2
80

149 149 
166 133 
150 173 
145 137 
171 133 
132 160 
128 149 
144 145 
145 136 
150 131 
170 170 
148 133 
146 160 
141 140 
167 156 
171 173 
137 145 
165 155 
149 151 
164 127 
156 159 
139 158 
148 141 
135 133 
153 152 
147 159 
129 144 
154 139 
154 158 
139 155 
162 165 
158 141 
173 147 
139 168 
151 148 
141 168 
150 158 
149 134 
135 161 
136 172 
167 156 
150 156 
139 134 
144 156 
126 148 
138 129 
169 135 
132 149 
169 125 
131 144 
167 162 
171 142 
169 153 
157 167 
170 161 
171 157 
135 173 
133 146 
131 130 
174 174 
156 162 
156 153 
166 134 
153 169 
129 146 
143 134 
167 159 
163 135 
154 130 
139 160 
134 131 
172 158 
149 159 
149 154 
154 148 
173 164 
154 165 
135 161 
127 149 
157 149 

87 69 85 56 57 84 91 79 53 89 52 87 82 59 54 84 91 57 71 74 83 69 80 92 86 61 74 81 67 92 99 57 70 56 64 95 62 74 80 96 66 76 69 52 92 52 75 59 74 73 61 56 63 66 99 67 75 61 64 72 82 93 67 64 93 91 71 89 81 94 83 79 82 94 95 53 98 69 94 85 
83 59 84 74 63 97 52 52 69 89 54 63 96 50 65 64 88 94 65 98 89 59 53 86 99 64 61 80 86 60 53 74 74 65 62 89 59 99 94 91 51 72 54 51 78 53 56 76 73 77 76 82 70 95 73 66 71 75 72 73 78 67 94 65 50 66 62 85 97 71 73 77 67 61 98 68 52 77 73 88 
86 57 92 97 98 67 90 52 90 64 99 66 71 97 77 61 84 76 99 78 69 83 59 71 66 74 82 54 64 78 62 59 75 56 71 90 64 61 79 71 78 88 72 55 70 57 57 70 63 51 91 84 87 98 85 81 90 51 57 79 91 97 59 93 50 64 71 55 83 96 64 89 93 81 84 99 61 70 62 60 
99 69 66 52 80 56 51 77 75 74 51 76 94 71 62 85 67 76 85 99 92 60 60 88 77 56 55 79 55 53 77 69 81 67 69 74 94 64 51 64 86 67 61 74 98 83 98 72 67 71 51 89 56 54 60 58 61 50 59 64 98 97 89 64 77 99 96 74 70 87 56 85 68 98 77 57 53 78 81 56 
51 75 99 98 50 94 62 95 90 72 90 80 99 73 90 55 99 81 73 98 98 78 57 73 72 53 90 51 59 57 69 50 79 65 81 81 76 87 95 79 76 74 72 69 61 76 72 79 73 92 87 76 80 69 72 63 79 64 77 88 90 83 95 62 70 67 56 72 76 71 58 88 58 73 88 68 84 64 86 84 
60 51 94 58 98 52 58 65 91 52 59 67 96 55 89 69 55 89 71 72 81 79 97 83 71 65 70 71 52 57 59 61 70 51 55 90 77 77 56 86 54 77 55 68 80 87 91 96 85 91 78 83 51 50 63 69 83 77 53 85 79 50 51 94 56 75 89 80 90 85 92 66 71 53 80 77 73 99 99 94 
70 90 63 64 93 53 59 60 96 90 84 78 85 56 61 67 73 50 85 58 59 64 93 72 63 56 88 97 73 53 83 77 73 88 85 62 78 96 76 58 86 55 99 82 68 60 99 99 74 55 53 84 86 94 92 75 69 83 80 59 74 82 57 84 84 99 58 97 78 60 62 51 54 78 68 51 74 70 82 52 
58 51 64 94 77 62 86 87 86 73 85 79 96 97 85 91 58 76 98 87 81 88 67 58 68 66 86 70 60 82 63 70 69 56 80 57 53 50 63 87 53 96 73 76 75 50 98 52 93 91 58 68 63 56 50 67 71 72 62 88 56 66 64 75 58 52 61 82 99 78 75 94 58 83 76 76 77 82 71 56 
51 81 56 57 77 74 53 70 96 97 62 56 66 86 73 70 93 72 59 53 62 58 63 95 80 59 69 56 94 81 91 78 84 89 82 87 73 63 73 87 72 95 68 73 75 75 76 89 70 67 77 85 71 95 53 59 98 55 81 70 60 80 81 56 74 95 87 80 86 51 78 70 55 87 64 88 66 65 83 77 
81 78 86 50 93 90 78 85 83 71 70 72 85 88 56 91 65 61 55 57 65 62 70 54 70 72 73 77 99 61 81 62 78 98 70 83 56 54 54 86 78 70 50 54 93 68 89 92 91 98 80 51 94 90 50 79 81 51 58 74 55 82 68 71 51 86 85 89 94 71 68 60 98 67 98 99 56 94 66 82 
99 77 72 92 80 61 88 91 99 56 58 53 91 56 73 64 71 83 73 65 65 90 96 96 98 80 84 51 97 74 62 52 65 62 51 70 84 79 64 52 67 52 76 88 73 97 56 88 88 76 57 90 61 50 50 75 64 69 98 77 73 59 57 99 99 80 63 76 70 53 75 83 96 82 64 67 84 99 64 78 
80 59 99 73 99 69 73 63 88 68 72 72 65 73 81 72 62 81 63 61 63 92 80 64 83 56 93 59 84 50 68 83 78 66 61 58 50 54 56 80 89 53 92 56 95 55 99 79 53 89 67 58 90 59 86 62 63 69 70 99 65 86 82 72 70 53 95 94 91 52 94 51 89 53 54 52 91 71 81 96 
73 94 97 88 79 87 90 80 58 84 84 96 79 91 78 50 70 79 86 85 82 79 54 77 95 56 80 61 98 90 78 54 52 76 67 51 91 97 55 52 98 93 65 87 55 83 50 92 89 89 73 88 67 75 57 59 85 51 65 97 65 62 65 54 52 82 95 68 60 79 84 99 62 59 83 52 92 80 76 79 
91 56 50 86 59 74 54 82 91 88 51 76 88 56 54 62 82 55 76 99 50 68 77 71 50 80 55 65 56 55 67 69 60 50 59 66 78 50 57 51 78 57 50 58 71 51 76 97 92 56 69 95 76 50 62 68 68 79 89 77 98 78 51 73 66 77 60 75 78 59 86 68 61 67 59 60 85 52 72 58 
73 76 75 64 98 66 52 83 81 96 82 57 70 92 76 63 67 70 62 80 82 51 71 56 98 59 63 57 53 56 61 97 63 88 60 65 61 82 97 76 86 66 97 59 90 65 54 58 97 96 93 82 77 92 97 76 59 91 78 93 62 84 88 60 83 75 69 85 58 68 58 94 57 64 59 64 90 81 90 56 
53 70 88 60 60 50 72 77 58 72 68 94 99 94 53 97 62 71 62 92 92 68 58 67 91 61 82 95 61 92 75 57 59 76 59 93 79 62 97 99 63 69 96 94 84 96 52 84 92 68 99 99 67 93 60 50 69 67 58 94 70 95 58 71 81 73 71 65 64 82 86 95 51 62 57 54 96 53 90 69 
75 80 74 84 98 85 59 54 89 57 74 67 61 70 80 74 55 86 85 65 65 91 89 60 94 55 60 90 95 81 99 87 59 71 82 55 90 55 99 97 63 93 64 56 58 96 64 62 83 69 80 99 78 52 99 96 93 58 68 50 89 53 53 94 82 96 78 94 70 97 50 83 84 61 90 64 78 96 86 81 
68 94 88 51 84 53 78 73 97 73 55 67 71 67 56 86 86 75 66 57 70 86 74 63 56 95 78 51 59 80 93 93 67 90 64 63 88 70 87 96 76 71 95 90 98 81 95 84 98 94 59 99 65 60 97 74 83 83 87 90 79 73 88 88 50 59 89 82 52 68 98 67 81 62 68 98 79 88 76 73 
54 62 67 50 68 52 83 97 82 55 94 90 78 81 72 50 68 75 66 57 75 70 62 51 81 86 68 88 77 62 67 97 75 63 62 58 72 63 87 54 76 54 54 62 93 88 94 55 73 83 84 87 83 81 94 78 73 93 99 92 69 55 54 69 91 94 69 90 78 59 63 92 89 79 54 82 60 60 50 69 
72 55 93 80 77 70 70 75 60 76 71 98 59 79 93 67 66 91 72 75 55 91 59 84 69 99 77 65 68 78 80 74 56 53 68 92 94 55 98 54 77 50 89 53 89 89 62 64 69 54 51 87 84 56 97 51 90 62 61 60 83 94 87 96 59 82 55 92 85 71 89 54 83 96 84 80 73 77 80 83 
74 93 93 90 57 69 96 80 81 62 92 74 92 78 64 82 53 69 75 98 59 66 62 89 50 56 84 75 53 91 88 88 68 68 61 96 82 93 50 99 95 56 68 62 68 69 59 63 94 89 89 73 85 84 85 74 87 52 94 62 51 95 78 67 68 75 84 55 93 92 71 65 96 61 70 85 66 78 70 53 
70 84 70 80 96 55 75 98 57 55 58 65 80 67 91 74 64 82 86 92 79 85 82 63 94 89 57 90 73 85 89 98 99 55 63 54 76 74 56 56 89 64 78 55 76 54 99 87 81 74 77 94 82 57 51 68 82 76 51 60 84 80 65 88 69 52 64 61 77 92 81 94 51 64 96 61 79 51 91 85 
61 71 99 59 63 53 63 94 81 63 92 97 64 76 50 66 65 50 81 75 63 85 95 81 63 69 97 81 70 88 98 59 93 54 63 55 90 79 88 97 97 87 50 54 81 81 56 88 63 78 98 80 54 53 83 57 93 61 84 66 76 90 60 72 57 62 59 60 75 56 93 52 62 81 88 97 84 76 79 93 
97 91 54 82 55 96 66 73 97 92 52 56 61 76 90 64 80 89 90 53 73 76 77 99 80 63 72 94 89 77 67 67 56 90 64 79 54 83 72 65 95 76 90 55 97 63 70 64 92 88 98 54 59 71 97 80 79 91 98 85 59 56 69 93 57 51 52 54 96 51 68 75 81 84 73 62 99 70 52 83 
68 61 54 54 80 58 97 54 58 65 88 86 95 65 68 59 76 66 70 82 52 85 83 56 92 67 51 88 74 67 69 56 94 70 64 60 88 69 71 72 96 78 68 54 71 67 88 97 95 97 98 81 64 61 73 96 62 75 89 72 73 61 67 86 91 89 96 74 65 71 96 55 99 81 82 94 95 61 52 93 
66 75 64 75 66 76 61 73 53 62 55 87 54 54 61 77 85 56 88 70 96 65 90 69 74 51 62 69 88 66 96 51 68 89 67 76 88 98 61 69 84 99 91 59 55 80 56 84 66 85 82 88 80 61 59 90 83 81 68 97 66 92 51 82 93 71 84 57 65 99 96 79 77 57 56 50 56 57 53 85 
51 65 61 52 95 74 84 54 96 79 99 56 76 63 96 69 82 94 92 92 75 91 69 79 86 76 91 53 80 96 97 93 82 90 78 66 57 93 53 58 93 79 73 91 52 84 85 76 82 50 96 93 57 86 56 71 70 67 86 69 58 69 61 84 93 65 80 80 61 50 54 65 62 91 83 93 59 51 81 90 
88 99 79 87 99 82 82 75 57 58 83 92 66 59 89 83 79 52 69 57 65 55 83 61 65 92 84 91 73 91 79 74 90 58 82 68 63 84 56 94 70 53 82 80 91 71 67 87 87 53 72 70 54 89 51 53 58 89 50 84 93 59 80 56 55 67 76 95 99 53 97 62 83 69 61 79 67 75 69 61 
65 66 97 88 62 85 55 97 72 67 55 74 56 74 74 51 93 71 60 83 76 78 66 82 65 94 71 95 83 61 75 93 75 61 99 52 64 78 88 77 90 92 74 79 94 62 56 93 97 50 96 93 53 67 57 86 53 74 76 58 85 81 83 78 93 84 82 72 75 70 76 89 99 55 86 76 66 91 77 62 
91 95 62 83 55 94 50 64 94 84 62 99 50 56 87 62 77 74 73 63 84 74 56 76 73 68 58 83 83 50 67 53 81 92 68 92 53 69 90 87 55 92 71 87 91 72 65 82 55 63 62 94 96 62 75 61 90 68 99 60 83 67 84 71 72 96 74 64 96 62 73 84 72 89 93 76 93 98 66 64 
51 94 52 94 87 80 80 65 54 52 76 65 95 57 96 80 84 84 93 94 97 74 91 69 51 76 96 86 64 66 70 77 75 87 91 66 95 70 61 81 85 92 87 88 50 77 95 54 54 82 66 98 62 50 61 79 73 93 86 70 56 82 65 79 51 60 97 61 63 57 51 87 98 69 99 53 82 62 79 81 
88 99 93 59 70 99 96 74 94 82 85 60 85 90 75 57 96 63 62 59 69 53 69 97 81 95 68 53 97 88 56 76 95 59 78 56 59 81 54 52 62 93 63 50 56 84 74 87 79 57 62 69 82 82 61 87 97 68 82 80 70 89 70 58 66 55 52 55 56 59 90 76 54 97 58 71 84 56 81 62 
58 51 75 71 82 97 75 50 85 92 87 90 82 95 98 88 55 89 57 85 91 69 76 70 51 76 55 97 58 88 90 82 86 81 81 74 52 58 77 63 63 86 86 85 59 71 61 85 58 68 51 79 60 65 65 57 62 74 83 68 65 81 55 53 63 71 69 75 73 94 53 92 63 58 69 64 81 52 79 69 
96 58 51 59 90 74 67 57 52 85 58 60 50 55 66 87 79 55 92 75 85 99 86 69 95 97 57 62 89 55 57 84 64 66 53 68 78 55 52 62 64 77 93 95 87 92 52 54 61 76 75 74 82 67 93 90 64 75 63 51 85 75 55 83 62 60 60 93 50 74 89 69 91 92 93 76 59 66 91 54 
89 71 72 52 73 53 65 92 94 76 76 54 52 92 71 99 96 83 70 68 72 95 83 87 99 59 85 61 69 66 81 51 81 55 72 98 97 62 62 85 83 91 78 97 94 84 86 72 55 55 64 63 89 90 86 94 55 98 66 99 63 55 53 77 93 80 83 94 75 55 59 84 80 92 73 89 79 63 93 61 
60 78 96 82 96 65 63 67 63 72 51 55 81 74 92 59 83 50 99 65 70 58 97 95 51 71 61 54 68 51 97 67 54 75 91 71 69 72 91 78 79 80 69 99 72 91 76 98 63 68 53 97 66 84 97 74 63 91 66 73 99 87 66 62 66 73 52 77 62 71 78 50 68 72 63 53 56 70 71 72 
91 66 51 86 72 62 73 97 98 74 88 82 70 80 94 72 62 59 87 84 63 53 90 77 73 63 89 53 56 94 93 95 82 99 75 79 80 92 79 78 72 77 87 69 56 65 87 81 68 50 89 88 73 83 60 82 59 51 66 50 70 71 76 59 97 74 83 72 57 53 76 54 81 65 88 85 78 50 87 61 
62 99 69 74 62 61 77 61 59 68 67 79 86 51 58 91 57 71 63 97 68 64 94 87 53 98 99 67 81 64 54 70 72 53 73 50 87 57 67 72 59 89 82 90 66 71 64 86 56 63 68 99 66 62 99 57 71 67 67 87 70 65 81 83 64 74 64 67 87 62 90 52 58 74 77 53 53 85 58 82 
86 80 75 90 51 57 96 80 67 62 63 54 72 61 71 52 56 58 63 59 93 84 87 53 80 79 55 51 53 50 89 63 75 76 98 63 85 88 87 75 50 69 87 52 55 52 88 70 79 67 60 66 77 90 60 68 76 72 52 69 77 64 60 95 82 93 67 89 56 83 96 63 91 69 50 56 72 84 63 69 
78 86 63 50 72 66 83 55 73 55 94 93 94 84 55 75 86 70 94 51 71 94 71 80 71 79 99 70 78 88 80 65 71 89 65 74 62 96 61 61 97 82 92 63 87 85 85 69 73 59 91 53 78 60 86 56 64 86 53 90 52 81 78 78 64 76 76 79 77 85 92 97 50 89 78 99 91 61 69 71 
55 55 63 79 92 62 73 84 77 92 92 65 72 68 65 61 64 74 78 55 81 95 55 55 71 85 95 61 67 99 62 91 67 76 70 92 60 80 51 94 67 85 54 76 79 69 87 68 59 74 76 88 72 95 98 58 56 58 60 55 82 81 52 97 62 57 64 96 63 91 97 59 54 64 57 52 92 76 69 78 
60 67 92 77 66 82 95 93 97 58 66 96 98 62 94 84 51 71 55 72 91 86 97 96 66 68 73 61 61 88 70 74 77 59 96 67 88 82 77 55 92 71 51 52 62 69 51 64 95 94 68 57 59 91 84 52 98 84 57 68 71 63 57 91 69 91 59 71 94 78 76 73 69 75 96 92 80 91 58 50 
51 63 64 63 68 82 90 55 97 69 80 91 79 69 56 82 91 77 56 61 94 95 55 90 90 79 75 92 66 88 57 87 64 60 73 88 59 76 93 96 59 86 78 60 74 59 97 83 77 75 62 53 61 83 64 91 55 74 80 78 68 64 50 50 97 69 51 79 63 69 56 83 52 81 83 99 61 61 52 97 
82 50 52 69 64 74 60 62 87 85 75 67 88 58 52 65 55 79 57 67 99 63 56 85 71 55 67 86 80 99 69 52 87 81 58 91 72 89 71 91 85 86 96 68 91 51 72 80 96 80 94 61 58 79 63 75 84 67 53 76 59 70 51 72 90 70 97 58 53 81 85 74 66 73 68 72 54 90 79 59 
98 63 92 92 51 53 82 56 92 58 81 80 79 66 94 97 72 71 52 98 74 70 67 96 96 83 53 65 80 93 79 76 61 68 59 64 53 74 75 75 50 79 88 98 53 75 54 57 80 64 63 75 96 55 54 59 93 93 97 72 92 75 86 84 96 83 96 85 72 92 65 50 84 98 80 99 54 89 89 59 
80 63 59 98 50 62 71 85 82 85 78 52 98 71 98 99 92 99 74 64 53 84 68 93 78 74 77 92 98 92 69 96 56 71 64 87 65 78 51 63 86 65 81 67 63 59 79 84 58 64 64 75 81 58 95 93 75 83 71 66 66 61 78 57 73 77 73 58 97 72 78 61 71 56 91 78 55 81 84 89 
72 97 98 96 78 80 87 84 69 99 81 54 82 59 86 70 60 81 64 82 92 65 56 87 98 62 73 51 67 71 56 78 52 88 71 85 56 69 72 63 57 83 57 77 93 55 52 53 60 96 65 63 61 66 75 79 81 69 75 93 78 80 67 85 79 85 94 93 50 67 67 65 57 56 69 74 65 98 52 96 
76 77 91 64 64 74 77 62 70 52 87 68 75 66 67 98 51 74 72 66 55 73 79 96 94 85 66 94 66 96 66 50 52 74 63 72 88 98 91 56 64 63 64 51 97 95 82 53 50 55 73 67 56 99 66 94 80 60 84 87 80 74 53 77 63 66 77 78 96 73 93 53 76 65 61 86 81 61 51 62 
73 89 51 99 90 99 74 70 80 59 83 82 54 68 84 92 51 81 75 80 63 51 64 82 73 93 74 72 86 69 84 69 60 69 73 53 78 99 69 64 55 55 73 79 54 81 94 83 80 65 75 67 81 90 76 95 58 75 98 71 96 56 63 59 95 82 69 61 84 91 50 86 84 93 78 51 52 79 69 59 
61 67 95 90 99 77 61 54 63 79 53 60 76 72 81 98 73 82 87 70 86 87 96 57 79 80 91 54 79 52 97 61 90 62 58 70 50 84 55 76 97 94 62 78 82 92 68 70 95 82 69 55 99 88 58 94 58 82 77 99 76 62 91 80 92 89 61 87 69 77 89 82 79 69 79 94 67 69 85 75 
81 75 62 54 56 75 56 77 75 62 92 92 91 62 50 98 72 97 85 91 54 95 50 74 74 97 76 51 88 66 54 52 59 91 96 55 80 82 85 66 63 75 66 53 58 95 82 80 87 86 75 81 63 67 79 98 56 53 89 76 75 85 72 51 51 61 91 94 71 73 64 78 77 69 90 61 83 87 98 74 
56 52 53 88 95 81 94 92 92 89 86 95 95 69 58 56 53 70 80 76 67 67 53 82 56 64 62 96 93 51 87 71 86 86 86 76 73 83 75 57 92 89 57 79 63 96 84 85 81 72 51 82 88 81 55 75 97 60 53 82 77 68 83 99 53 66 52 66 74 61 94 92 54 57 89 93 53 93 85 97 
86 70 62 73 98 69 50 93 60 58 62 66 62 72 76 92 54 66 60 88 54 51 91 56 58 66 77 94 60 64 62 94 51 81 58 62 98 95 68 63 61 92 50 52 85 62 61 84 79 72 79 62 78 90 53 55 68 76 70 51 62 73 88 77 84 87 72 92 60 82 94 94 85 82 70 88 91 69 70 55 
72 78 87 51 62 74 72 89 60 87 95 67 85 91 74 73 63 52 73 77 72 88 55 58 64 92 75 60 87 80 52 61 94 83 83 85 66 71 71 69 83 96 79 86 54 79 64 88 66 62 78 69 53 69 97 66 56 70 86 93 66 71 74 99 72 83 84 73 73 60 64 51 66 73 64 75 53 60 88 88 
77 77 75 53 67 58 96 62 57 67 72 52 53 83 62 80 58 88 59 98 78 83 91 55 62 99 76 98 59 74 83 77 77 73 94 80 92 97 69 80 81 50 56 73 50 81 72 89 53 54 89 74 58 56 98 66 61 56 69 89 51 97 73 83 68 52 63 55 53 89 92 53 57 53 79 64 58 54 61 92 
75 92 89 81 55 84 97 75 77 78 92 95 75 94 57 86 86 69 77 60 52 61 82 74 74 71 56 77 81 61 62 76 75 73 80 67 94 88 98 52 98 63 68 61 57 70 71 76 86 78 74 87 94 75 96 98 61 64 67 95 62 90 77 98 84 68 73 54 80 66 68 90 65 63 51 82 79 56 50 81 
65 67 52 89 74 82 96 71 80 95 57 65 66 87 52 52 94 74 90 95 72 66 71 97 57 92 96 99 81 73 83 87 88 88 93 84 73 52 90 94 77 67 87 73 81 70 62 78 57 83 56 67 78 71 83 57 58 84 88 59 66 51 68 87 86 95 57 75 59 67 63 99 57 95 84 56 73 53 92 56 
90 69 96 80 54 83 95 56 91 52 88 89 59 78 61 80 66 71 87 69 74 95 72 83 77 70 57 63 69 66 91 65 82 97 66 63 62 53 60 60 64 73 53 96 80 82 70 59 62 83 71 76 76 78 95 87 52 73 71 93 57 79 54 84 73 85 52 71 51 74 83 63 60 97 52 94 84 53 70 96 
95 89 93 68 62 81 68 89 68 90 64 72 93 85 93 68 99 59 99 92 95 70 82 78 92 60 86 88 62 56 87 76 91 77 54 57 84 85 69 99 56 94 51 91 84 72 74 70 72 75 51 94 67 57 84 85 68 67 84 59 92 55 92 87 84 87 59 71 65 73 90 88 98 85 89 99 61 69 70 81 
52 79 61 55 61 66 78 70 59 83 92 60 50 71 52 56 89 54 87 67 69 93 53 58 89 58 79 63 53 51 66 82 90 88 93 80 70 84 75 85 62 84 59 86 80 65 85 93 67 72 57 86 71 65 90 70 89 50 73 85 61 74 65 93 97 74 79 71 98 54 94 84 77 56 77 61 65 50 99 57 
64 97 51 67 64 72 60 65 94 64 95 52 82 99 63 53 53 64 90 91 91 78 64 74 59 63 81 74 72 78 96 67 54 55 89 85 85 75 80 84 51 57 92 91 72 83 78 88 65 67 52 82 51 93 67 71 61 63 84 89 95 52 82 71 62 52 65 73 76 97 91 94 51 79 88 80 78 51 87 64 
91 55 97 76 65 67 75 59 65 92 58 71 91 68 80 75 89 68 76 89 81 62 50 58 61 89 90 90 86 85 76 98 69 66 63 57 84 59 66 80 99 85 61 53 97 50 81 78 67 97 74 86 94 83 50 84 96 75 83 88 55 57 76 63 97 99 91 50 96 53 77 67 71 92 94 52 78 55 64 93 
92 94 71 71 78 60 81 58 76 78 97 50 99 64 50 84 74 55 64 65 90 85 95 61 60 81 60 78 77 69 75 70 84 55 71 95 89 60 73 87 57 59 99 74 72 67 98 58 68 80 72 54 62 52 50 87 81 93 79 55 70 54 63 97 64 88 65 55 51 78 92 89 93 75 99 90 84 86 83 76 
78 57 54 89 51 99 71 54 92 88 80 94 62 92 77 90 82 67 83 82 62 93 71 80 83 97 72 74 90 93 53 56 59 63 61 74 62 84 86 85 84 93 59 89 64 98 64 70 89 56 60 54 87 79 73 59 76 77 86 73 86 50 81 66 81 84 80 94 63 58 82 66 94 90 80 60 83 66 89 79 
95 74 61 80 69 83 56 61 58 50 51 53 97 95 96 94 92 59 98 55 98 79 62 56 81 99 84 87 61 83 90 56 99 58 58 94 77 78 85 60 56 82 61 97 97 86 50 98 65 94 98 78 96 76 54 88 93 65 98 78 64 74 61 70 59 56 74 53 89 60 69 93 76 66 63 63 72 74 63 67 
86 51 78 57 58 78 87 89 66 57 56 66 97 79 92 91 65 72 69 83 74 55 96 86 93 91 96 51 87 94 95 87 59 81 93 61 77 69 98 63 74 81 67 96 72 70 92 88 89 84 82 74 67 50 69 67 89 59 77 66 72 84 71 67 57 83 61 54 65 62 97 74 91 64 88 87 69 71 79 90 
96 59 77 67 68 75 73 63 94 61 77 84 79 65 53 93 56 69 72 97 82 57 64 65 97 81 95 87 58 92 80 61 64 51 66 90 52 70 75 56 74 79 83 56 87 73 90 76 68 92 97 52 69 77 68 85 94 67 59 84 98 90 75 85 86 63 75 92 60 95 63 57 72 82 86 74 72 58 83 84 
77 67 52 74 81 94 65 91 97 53 52 58 57 91 77 74 99 76 82 92 73 56 87 99 70 68 81 82 75 82 79 96 71 90 82 96 60 93 63 93 83 51 61 96 72 87 61 93 75 72 93 87 60 96 82 96 99 50 65 69 69 93 60 66 77 85 62 73 98 95 51 76 92 93 76 65 73 70 55 54 
92 77 87 83 76 95 98 68 58 63 71 99 90 66 50 68 95 59 62 77 70 82 93 71 98 85 76 74 86 70 72 85 96 82 77 62 95 82 58 63 84 84 66 56 97 78 83 88 90 59 93 58 98 51 59 53 96 97 79 83 93 59 73 57 58 99 75 61 60 77 71 66 87 52 54 61 68 98 76 79 
88 82 53 53 71 96 58 59 94 92 67 79 56 65 70 65 72 67 87 88 66 78 64 71 52 98 65 64 69 82 82 99 87 95 62 83 83 93 60 81 87 50 91 51 60 92 53 97 58 72 88 63 75 95 99 82 51 98 89 76 74 70 82 73 84 64 50 85 86 54 64 86 99 81 77 52 84 79 92 74 
97 89 95 74 58 56 60 83 69 85 93 94 88 93 50 56 54 92 63 60 75 98 99 95 50 79 90 53 91 55 91 90 85 97 57 95 59 56 58 91 69 78 73 94 99 58 71 94 52 97 77 54 95 99 93 65 90 68 57 73 82 54 82 91 68 67 64 73 51 61 71 50 69 65 63 98 64 62 91 92 
59 79 91 64 71 82 58 81 77 59 83 55 79 65 90 60 52 80 75 90 95 65 57 61 68 62 75 78 99 80 92 97 87 81 73 72 84 54 84 93 73 72 92 86 70 75 59 61 53 94 51 74 89 53 95 74 90 91 80 67 62 99 50 52 68 89 59 59 51 57 73 67 82 87 70 83 71 78 93 53 
96 79 96 58 70 72 75 66 60 85 50 59 74 89 73 51 59 92 78 64 87 60 76 52 63 96 61 95 58 60 90 65 68 64 90 82 80 73 83 69 54 75 74 57 77 87 52 68 81 92 98 93 89 72 96 59 52 54 67 60 90 86 70 94 58 53 53 81 64 72 64 67 90 95 72 78 66 96 58 71 
58 82 77 79 88 89 67 99 64 62 80 81 56 99 97 75 93 74 87 72 91 74 70 83 83 87 56 94 75 72 59 84 66 85 52 74 59 54 84 77 94 50 88 92 70 65 78 54 62 99 88 77 98 69 73 75 52 80 95 73 96 81 80 50 72 67 93 69 76 75 86 57 82 65 64 94 95 70 61 96 
65 63 51 98 50 62 71 78 54 68 51 74 58 92 75 76 93 78 61 50 85 80 52 81 60 63 75 68 92 51 75 81 85 90 87 73 76 69 80 78 53 73 67 77 55 59 59 53 61 81 89 59 92 68 86 51 92 74 54 81 76 77 73 64 88 54 56 52 69 50 51 84 63 91 81 88 62 74 68 57 
83 92 92 87 56 76 99 69 58 62 86 50 65 99 80 60 71 97 55 92 99 84 81 98 85 66 58 94 76 93 79 92 83 88 53 88 66 78 72 83 68 96 68 88 93 76 57 90 58 81 80 91 86 52 56 55 57 64 71 51 90 97 96 50 63 51 71 64 87 79 85 98 54 72 56 95 85 99 63 73 
87 82 59 81 52 71 73 85 50 65 62 94 69 86 99 95 84 79 80 92 75 59 87 90 96 80 57 61 99 58 65 83 98 59 53 94 88 98 63 89 63 50 89 82 85 98 93 81 91 85 76 85 77 67 84 60 54 80 85 84 87 89 62 80 55 64 50 93 97 81 68 62 91 93 60 78 60 55 57 96 
79 80 99 60 66 79 99 80 57 53 53 79 78 54 90 51 77 84 57 91 65 86 76 93 62 60 69 63 89 56 94 85 96 86 94 98 71 55 72 84 76 52 80 75 82 90 53 67 92 85 84 84 95 50 57 99 62 62 70 75 63 98 71 88 76 83 69 55 62 83 72 90 87 90 99 53 61 59 51 77 
91 71 92 98 57 66 99 95 63 53 54 78 55 87 98 50 96 55 61 60 91 50 73 93 53 77 67 66 56 96 79 54 72 79 99 60 82 95 59 56 53 51 72 93 81 85 86 52 75 79 85 85 74 60 68 77 53 50 67 83 64 72 51 66 90 98 93 88 88 55 80 91 52 50 65 80 80 82 65 81 
61 82 60 61 55 51 65 79 62 79 93 60 90 80 97 72 73 68 60 86 64 99 84 80 57 64 90 69 88 60 51 53 61 67 97 54 57 89 67 56 91 61 90 77 84 87 85 94 81 77 90 83 84 91 53 66 80 84 92 80 66 69 94 82 67 58 94 78 50 60 88 64 52 64 78 69 55 95 84 57 

54 98 92 83 66 73 94 69 74 76 66 75 50 63 93 73 61 86 95 58 74 98 75 74 62 57 69 88 90 85 98 96 92 54 93 53 77 82 69 55 63 98 64 94 57 86 63 75 84 78 72 59 94 65 74 80 51 63 73 98 66 62 61 73 70 62 95 77 50 95 50 83 65 65 99 56 83 90 82 66 
70 69 74 95 83 79 81 71 69 76 81 84 80 86 53 86 65 52 50 60 94 69 89 59 61 66 81 82 56 90 52 60 66 54 71 62 79 90 63 70 67 95 52 72 90 52 81 93 53 72 55 60 80 67 90 55 87 50 58 79 95 90 52 87 73 97 72 80 66 84 77 83 52 89 58 91 55 51 82 54 
59 57 67 60 95 72 74 97 90 80 73 96 75 65 91 82 77 81 54 76 71 86 72 93 78 75 52 66 82 82 97 83 83 80 86 83 92 89 68 51 73 77 52 92 51 92 67 92 81 63 68 89 85 96 73 64 68 96 71 77 54 51 61 90 77 82 67 99 64 56 61 78 97 62 85 66 82 70 56 99 
82 98 96 94 93 78 62 97 61 93 97 70 82 51 59 72 68 92 67 71 90 67 80 53 94 85 65 90 58 77 65 82 51 75 86 87 97 92 73 76 76 82 91 65 66 92 83 87 51 87 84 56 54 82 52 54 77 55 52 64 80 98 52 94 98 55 64 70 53 87 85 92 57 61 98 70 58 80 83 70 
66 64 64 58 91 75 67 92 99 71 85 84 74 52 60 67 61 68 55 62 72 94 64 55 93 85 73 86 89 81 65 62 89 72 95 52 73 92 90 89 61 76 90 92 78 59 61 73 97 63 51 63 51 98 54 71 57 99 87 54 76 91 75 55 85 61 57 99 69 57 96 71 87 94 53 67 91 78 58 98 
68 53 54 66 78 85 70 77 54 55 60 56 77 89 52 63 97 81 87 99 80 58 70 87 99 73 57 51 51 56 66 50 99 58 60 69 74 56 81 84 89 51 67 91 71 69 52 74 77 80 56 96 95 69 89 83 64 55 85 78 56 68 53 63 50 94 89 71 69 65 71 71 56 73 84 89 63 76 82 55 
74 82 52 78 94 68 56 77 52 64 95 79 96 65 91 82 94 55 51 73 96 99 60 52 65 87 55 99 62 76 69 58 64 81 72 98 85 74 66 75 73 53 99 58 52 78 63 59 67 98 79 93 89 58 83 84 61 68 50 72 74 92 73 82 77 79 58 54 92 67 56 54 95 84 85 63 68 58 58 67 
53 59 63 84 65 68 57 94 87 59 52 64 83 70 51 80 53 70 84 66 69 60 77 97 81 63 85 83 73 94 70 73 72 69 96 96 57 67 57 68 53 68 70 81 86 92 88 94 85 63 64 77 75 68 77 75 85 66 69 63 55 78 52 73 79 52 74 88 88 74 89 66 83 85 72 58 78 96 89 74 
54 79 52 63 51 88 61 68 74 85 76 94 61 83 81 56 81 54 61 96 68 70 59 58 80 61 95 82 81 76 70 81 71 71 73 57 71 81 82 58 54 52 82 78 75 61 70 55 60 85 66 69 54 83 71 70 66 53 95 99 62 52 94 50 84 74 94 68 62 91 94 76 96 79 55 65 98 66 64 64 
83 50 64 56 78 58 53 54 58 57 69 94 92 98 70 78 63 67 90 56 76 51 55 74 82 63 60 87 67 73 90 61 97 83 90 55 84 99 82 74 91 60 87 62 91 58 98 97 84 62 86 72 58 98 67 50 74 93 54 57 64 78 87 56 63 65 70 95 63 97 64 67 63 60 87 90 51 69 77 67 
60 88 80 86 65 59 70 52 62 51 96 61 60 97 82 59 67 69 77 98 58 91 52 94 67 79 74 52 89 58 60 84 64 56 55 52 98 91 68 97 83 84 93 77 53 76 75 77 92 80 55 78 84 53 80 89 86 55 62 94 88 98 59 85 56 82 79 92 69 88 97 98 97 83 65 95 89 59 72 71 
53 67 55 90 91 75 79 87 87 54 54 55 96 54 55 78 69 72 99 51 83 98 80 94 68 79 52 97 68 67 53 58 69 67 76 84 62 84 55 57 71 55 85 75 56 56 79 84 83 56 63 96 98 84 67 58 91 54 52 85 67 96 97 63 61 52 91 91 70 57 51 82 72 93 62 74 92 55 99 86 
83 98 89 57 85 59 56 78 61 93 77 58 94 50 53 53 56 94 50 71 57 82 82 82 79 54 83 56 91 78 84 62 93 84 69 91 64 54 93 50 64 77 77 78 84 72 53 64 53 94 53 70 87 94 84 61 72 69 74 66 71 60 58 61 62 81 63 82 66 67 69 66 69 86 67 77 90 64 53 70 
62 55 80 62 92 57 83 86 52 92 57 59 67 61 78 73 72 84 96 95 79 77 99 92 53 85 86 59 96 57 79 65 55 69 90 85 55 57 69 94 77 77 85 71 57 97 95 88 84 97 68 63 88 83 63 56 83 74 80 86 59 77 92 98 60 87 57 71 85 89 92 71 62 95 54 61 99 55 50 99 
90 84 65 93 79 53 78 62 70 57 83 65 85 50 68 87 70 53 89 75 55 74 80 74 76 72 54 99 91 58 86 61 71 54 85 77 89 87 97 86 67 89 67 84 73 79 64 78 55 72 83 64 68 98 58 50 84 70 92 99 80 96 95 57 96 51 81 82 99 83 96 85 69 87 80 84 52 50 56 63 
84 70 55 82 58 89 79 54 91 54 73 53 57 94 94 91 68 50 66 89 68 71 63 97 96 51 50 82 89 65 72 86 87 61 85 60 54 70 57 90 84 87 69 84 69 86 72 58 65 66 65 81 92 56 97 76 90 56 87 86 74 54 96 72 68 85 81 74 87 75 66 64 92 99 80 96 57 76 92 94 
55 75 81 81 94 74 93 97 62 96 96 65 69 56 87 97 76 50 92 69 56 91 76 54 53 84 84 59 68 57 94 70 76 92 99 81 83 90 98 50 74 52 98 82 59 79 64 65 70 70 90 52 60 70 57 50 92 67 71 80 85 96 59 55 92 97 71 99 84 97 97 84 89 87 88 92 94 55 90 81 
54 93 61 53 72 85 73 94 58 53 72 56 73 73 79 91 65 76 63 70 82 92 77 96 67 59 72 92 87 77 60 51 94 72 83 78 54 95 69 82 88 98 55 75 68 96 79 54 69 73 90 58 91 53 60 97 52 53 99 74 57 90 63 74 98 97 92 55 93 98 53 78 64 94 74 99 61 63 79 59 
78 59 99 71 76 58 56 83 98 90 76 84 68 58 96 52 86 88 57 93 73 59 57 95 67 98 50 85 94 77 89 92 59 60 81 74 61 76 83 60 88 73 77 79 85 51 87 87 77 95 87 57 57 54 71 57 67 87 84 76 55 92 71 56 80 68 65 99 79 87 50 88 73 82 54 61 87 94 97 72 
63 66 63 99 69 74 54 88 95 54 95 64 65 96 91 77 61 66 60 70 70 61 95 77 57 67 95 84 83 66 77 68 95 85 64 58 56 93 84 69 80 64 63 70 68 93 72 77 88 69 79 60 57 54 53 54 64 65 94 67 85 81 83 95 77 62 79 94 52 56 67 94 68 75 66 58 80 62 76 76 
73 53 74 80 91 92 58 89 94 70 65 75 51 65 53 58 90 77 99 83 55 94 61 85 65 95 99 74 75 55 89 66 66 83 98 78 54 99 96 55 58 59 84 73 74 97 71 60 63 57 72 91 79 52 69 67 66 90 61 67 78 98 55 96 73 51 71 93 85 60 90 65 59 99 64 98 74 91 84 64 
56 56 59 65 65 69 50 85 78 64 59 91 65 92 98 72 89 59 80 59 98 70 87 54 60 62 82 86 55 60 64 97 94 64 99 63 83 82 50 96 86 96 92 98 67 50 75 83 51 72 82 91 57 64 67 86 62 56 76 54 94 83 76 86 53 83 50 87 89 55 75 91 69 74 64 85 79 64 79 84 
57 70 91 59 70 56 72 97 94 95 64 97 88 73 71 92 76 64 71 50 84 75 80 65 95 95 76 67 53 73 94 84 50 89 90 87 51 60 88 68 76 65 73 84 86 54 64 61 88 99 97 86 91 76 75 84 82 57 77 53 74 94 52 66 57 56 85 74 88 64 64 63 84 53 66 73 74 65 63 94 
75 94 66 76 98 84 71 84 92 77 82 55 64 60 80 88 84 50 64 51 99 53 70 74 98 51 85 97 63 82 99 66 66 82 72 53 59 94 58 57 67 88 93 53 91 77 79 96 65 70 97 69 78 56 60 83 51 66 83 61 68 84 57 98 64 77 64 56 90 97 85 56 64 86 92 60 95 81 76 51 
87 94 69 93 70 68 65 61 76 51 98 86 99 97 94 56 69 81 69 78 80 78 80 76 87 81 52 71 74 59 75 78 66 62 58 59 88 74 79 73 74 82 94 56 85 78 59 77 87 76 86 73 63 68 69 61 55 56 67 58 59 56 97 56 88 88 81 68 82 76 64 75 57 51 52 90 78 77 83 72 
84 88 85 90 52 96 97 66 96 54 71 50 72 51 70 66 72 95 70 99 66 63 81 85 57 52 69 94 96 60 71 76 88 93 55 93 51 96 61 97 57 54 59 88 83 90 92 71 75 90 71 85 53 75 90 63 57 84 80 88 98 56 82 64 86 72 89 94 95 68 79 57 68 90 84 63 70 71 51 67 
73 63 62 51 58 56 83 58 91 70 98 53 86 99 71 75 86 78 84 55 95 99 58 58 52 96 65 86 84 53 87 77 50 85 72 62 61 70 73 64 76 86 77 66 65 74 85 50 98 84 87 94 77 70 73 65 79 60 61 80 91 81 93 73 96 85 85 58 50 56 69 66 50 71 94 85 99 50 83 70 
52 84 75 89 62 59 51 67 56 78 75 92 66 74 87 98 83 64 87 60 91 56 54 64 58 84 60 79 54 67 81 63 53 95 73 75 65 75 99 73 72 97 89 66 64 53 81 68 79 79 55 53 72 53 58 68 88 98 77 74 56 69 60 67 83 97 80 57 75 56 63 67 55 68 96 59 52 85 64 64 
73 96 86 80 79 74 57 51 80 75 75 95 94 50 66 66 56 99 60 99 66 92 52 59 68 86 71 99 75 75 94 87 57 66 58 89 91 52 85 99 84 52 53 55 60 53 78 56 54 99 50 88 73 66 90 55 81 87 80 54 52 73 74 61 51 67 50 86 62 61 60 90 86 72 58 81 61 68 79 90 
92 95 71 88 99 82 69 81 50 97 83 57 75 50 84 73 70 79 69 56 92 86 59 96 68 69 60 73 51 64 75 89 91 92 77 99 64 68 53 90 52 74 63 90 52 63 95 63 82 68 89 65 56 86 61 55 98 59 60 73 63 63 86 63 95 84 88 74 53 66 58 74 51 67 80 63 62 95 66 74 
77 79 78 50 61 82 58 87 86 89 85 71 54 61 84 74 64 55 96 84 69 77 76 82 72 96 90 52 97 71 59 50 90 74 65 79 60 88 74 97 68 56 55 85 82 96 80 68 60 54 88 52 82 53 80 50 86 52 86 67 66 53 58 88 84 57 61 84 60 62 91 69 94 52 72 76 58 94 82 65 
79 77 99 84 87 58 97 96 62 84 67 89 94 57 70 55 54 98 90 71 90 88 85 90 92 87 97 92 89 90 59 80 54 63 87 85 95 79 71 81 89 53 98 91 96 95 57 97 98 84 83 68 72 98 83 77 65 89 63 56 75 64 78 98 75 53 75 97 56 89 73 58 81 81 67 93 74 81 77 50 
69 91 89 62 78 87 57 77 76 83 53 60 76 81 57 75 71 75 94 59 90 74 71 76 91 93 65 76 85 97 62 89 60 55 94 84 76 75 90 53 98 95 51 84 86 56 70 54 89 66 81 80 57 61 58 76 69 86 56 76 66 94 78 87 78 67 67 62 74 51 53 73 66 53 84 82 55 83 51 60 
65 59 53 67 65 93 77 58 64 95 93 59 83 64 68 80 94 89 64 90 91 90 99 65 59 89 62 62 98 84 72 84 63 95 86 73 70 55 87 63 59 79 91 92 98 65 80 79 78 57 84 57 83 88 60 95 55 94 50 58 70 73 84 61 71 72 61 60 72 75 83 54 64 95 50 65 91 59 92 75 
86 64 86 70 77 93 98 60 93 81 77 63 57 71 88 68 93 98 71 77 51 56 82 90 65 87 86 72 58 92 51 88 94 50 53 95 59 66 59 59 67 80 83 65 51 69 51 73 59 63 59 57 76 87 51 60 81 79 58 92 65 82 69 94 96 57 77 95 88 92 90 70 81 75 68 96 71 68 79 97 
70 87 79 93 75 61 53 51 92 70 76 59 57 59 87 62 72 90 70 77 92 56 98 62 98 83 52 60 70 87 68 64 72 76 94 89 90 66 79 75 82 66 54 58 58 68 79 85 73 59 77 72 77 73 53 57 80 81 57 95 98 65 91 90 98 88 84 99 64 55 80 85 60 86 85 86 88 70 63 89 
69 71 69 67 95 83 63 62 98 86 54 72 56 88 79 96 66 64 97 90 74 71 87 74 98 74 65 98 56 59 99 55 99 92 75 88 71 60 62 79 82 62 97 53 92 75 63 71 92 85 60 56 58 77 64 53 81 94 92 74 84 94 93 73 92 74 55 90 97 56 92 60 98 56 53 54 72 77 75 57 
80 68 50 94 87 93 99 65 74 89 95 74 91 50 55 51 60 67 76 62 97 86 68 65 65 74 76 74 91 82 83 80 50 83 86 51 73 66 79 91 83 73 89 92 68 78 61 71 68 98 69 52 65 73 99 67 75 56 56 50 79 56 75 74 62 76 58 68 69 64 66 75 89 97 88 71 89 59 82 66 
51 55 78 80 83 94 57 54 97 96 67 96 83 94 87 98 55 93 83 52 89 54 73 68 95 74 68 95 96 86 65 79 65 71 57 69 67 54 57 65 78 54 74 66 52 68 96 97 96 65 69 73 83 94 72 74 82 76 62 60 89 93 64 68 91 58 88 98 80 88 60 94 95 68 58 84 55 91 54 90 
87 60 85 97 83 59 92 66 86 78 99 68 65 76 55 74 66 94 53 80 57 89 89 92 60 95 70 99 87 68 88 76 64 83 72 66 65 79 81 70 93 79 72 82 82 59 91 68 56 66 66 68 61 63 92 84 88 71 99 70 65 51 73 66 82 85 55 65 92 69 65 84 62 99 61 72 63 93 92 70 
58 74 85 94 84 61 57 71 59 73 55 61 84 52 78 83 96 59 90 80 50 77 50 56 87 85 65 66 57 86 53 92 87 90 67 90 99 61 89 88 61 51 65 57 93 89 86 96 63 80 93 95 61 85 92 90 61 82 69 55 59 98 51 72 53 82 60 65 81 68 92 80 51 92 57 99 70 77 50 55 
97 62 93 95 68 82 69 78 73 69 55 70 74 62 68 53 78 85 52 52 84 53 91 84 89 77 91 75 88 54 54 68 82 65 50 80 65 69 55 60 51 99 65 97 96 86 93 59 80 68 91 52 76 80 76 76 50 50 84 98 54 97 50 77 66 95 82 92 65 51 52 64 63 82 90 93 79 53 77 87 
87 64 62 52 62 65 99 65 75 57 83 64 56 58 72 87 96 79 69 78 78 53 61 70 55 60 74 91 74 84 98 54 91 56 58 67 81 86 51 69 53 98 99 90 76 62 74 62 58 98 95 63 83 56 90 62 55 62 68 72 88 88 71 76 70 90 83 50 80 54 85 91 95 71 76 78 59 70 83 73 
79 61 97 92 70 90 52 56 88 81 56 54 92 84 87 61 59 86 61 97 97 69 56 94 72 92 53 87 65 76 63 58 65 50 64 98 86 52 56 80 87 71 61 95 50 54 91 77 68 86 89 93 69 90 81 70 50 56 56 69 76 57 69 59 66 71 52 89 65 98 69 85 73 73 91 77 93 54 53 81 
71 62 55 81 80 78 98 86 53 52 94 85 93 61 64 87 76 56 65 63 62 81 94 90 63 59 94 67 88 74 76 83 76 60 73 64 90 53 86 89 69 80 53 89 61 59 97 87 69 61 86 82 71 57 62 72 88 87 92 90 62 71 65 57 63 60 59 97 98 50 94 60 82 64 99 89 66 90 99 96 
81 92 88 72 80 85 87 68 74 85 51 79 71 68 78 87 65 72 82 59 55 95 66 88 55 84 98 56 61 76 67 84 75 58 75 51 64 75 59 58 56 76 62 62 85 73 71 56 93 50 50 83 92 89 79 80 50 54 54 80 50 95 84 54 67 98 89 57 83 92 90 89 65 69 70 51 88 94 73 94 
51 75 89 51 66 75 97 64 92 61 64 75 94 76 56 94 93 60 96 56 91 96 85 52 67 63 82 70 88 88 61 73 85 85 89 87 74 80 79 99 53 71 64 61 93 58 95 67 81 88 80 79 76 61 95 74 87 94 79 60 70 75 75 73 87 88 77 74 59 89 88 92 70 65 79 67 91 77 68 81 
96 55 51 60 52 52 58 61 61 83 94 62 66 78 84 77 58 63 85 82 50 51 76 77 59 72 77 90 64 99 53 55 54 91 91 77 60 94 91 88 82 66 63 59 62 67 60 99 90 51 96 75 67 62 67 85 91 72 91 83 85 97 96 74 87 78 61 51 71 97 54 59 65 62 84 87 84 77 91 69 
57 80 59 98 89 67 74 66 50 61 93 62 60 93 83 71 92 96 70 91 52 52 51 85 99 50 67 52 89 65 73 55 89 88 87 68 99 95 72 56 85 57 53 65 91 99 83 96 93 55 62 57 52 81 65 96 83 83 59 87 71 91 51 81 98 85 68 90 60 99 66 92 97 64 71 99 72 82 69 79 
88 76 60 97 82 71 72 76 61 85 56 54 70 80 78 77 69 94 53 64 72 64 73 78 52 74 78 93 54 66 69 53 87 73 91 70 94 92 64 63 59 59 51 61 71 98 50 74 94 74 51 60 56 76 96 91 89 86 68 55 57 70 60 63 60 98 56 79 63 63 71 61 85 97 68 93 82 98 59 84 
70 87 63 70 54 53 79 60 80 73 76 70 59 65 75 94 80 69 87 80 54 58 99 92 61 82 58 74 59 92 76 75 61 62 75 63 73 82 89 79 51 94 74 91 74 67 74 82 51 70 69 96 71 62 96 57 94 83 84 89 94 71 70 52 60 75 87 58 94 71 87 70 97 58 78 81 88 94 73 93 
96 53 99 61 76 82 79 88 52 55 85 83 59 89 78 96 99 87 76 66 95 68 88 53 64 85 92 60 91 67 81 67 55 92 69 79 89 72 79 92 94 68 58 64 87 50 58 74 70 81 94 87 64 70 82 72 75 66 73 83 50 63 59 83 87 52 64 75 89 66 61 67 78 88 86 59 99 70 68 96 
59 96 50 69 96 93 88 74 98 67 60 84 58 65 79 99 66 81 50 96 79 53 50 63 94 67 74 74 86 94 55 87 55 92 71 81 64 76 54 69 93 78 74 87 51 63 56 69 75 81 72 98 66 76 99 89 97 54 82 81 69 98 79 82 80 66 64 78 59 65 79 81 70 60 66 64 85 92 87 56 
61 67 89 84 90 58 95 89 75 73 67 54 93 76 58 76 54 90 75 62 79 83 51 94 69 66 51 80 86 75 52 67 97 84 73 94 63 72 94 66 50 53 50 84 70 97 65 94 60 68 50 58 69 98 86 76 95 99 84 52 74 75 95 72 82 67 63 80 58 56 87 78 56 99 70 67 66 58 65 72 
89 75 66 82 86 96 95 93 72 76 55 66 98 92 99 66 66 69 50 69 73 98 54 69 98 75 71 50 97 59 58 54 80 80 99 50 66 51 83 61 67 97 60 92 82 67 86 82 58 60 97 52 74 95 76 83 73 62 64 80 68 83 55 96 52 72 50 81 67 61 70 98 90 82 56 92 85 93 73 72 
68 95 95 70 63 65 61 52 89 61 57 62 95 55 69 58 65 50 83 64 66 86 51 68 83 97 56 85 92 95 77 89 93 62 69 92 60 92 75 76 96 95 50 75 73 97 60 75 67 63 93 67 90 64 98 78 81 71 96 54 88 53 50 70 86 50 92 98 83 83 71 92 65 67 68 87 50 51 70 79 
91 64 63 73 99 82 82 86 62 85 73 88 51 63 91 85 65 86 51 59 76 69 92 68 76 51 92 50 53 61 86 62 86 68 59 80 65 75 63 88 69 82 96 73 98 70 75 87 65 84 94 84 79 95 52 70 67 96 94 86 93 74 66 59 56 99 57 67 54 97 77 84 60 76 73 92 82 52 90 64 
89 88 62 69 79 72 50 83 72 83 91 85 60 71 64 85 83 55 81 74 92 97 63 78 80 61 72 72 95 97 72 96 82 50 80 96 52 55 50 79 81 80 88 55 80 62 91 70 60 63 96 87 72 77 83 71 93 90 83 56 85 77 89 86 87 73 62 58 50 82 97 90 87 90 85 77 57 69 83 64 
99 89 85 88 61 66 82 79 77 82 87 70 65 97 86 81 86 58 68 73 83 76 66 51 64 54 51 71 93 71 72 91 57 82 58 50 60 95 59 52 80 72 92 98 83 73 86 74 64 77 50 79 79 85 86 80 76 60 89 65 85 96 72 82 98 88 70 89 53 71 80 98 84 51 72 78 61 50 65 92 
76 86 87 64 50 96 89 69 66 57 55 86 57 80 63 96 86 58 81 65 62 57 83 94 84 91 73 80 58 61 95 76 88 53 71 58 79 68 89 55 74 97 65 91 83 79 59 69 86 71 57 51 92 81 86 88 71 68 54 96 51 55 65 84 52 61 59 55 56 89 92 88 62 85 73 55 61 86 81 69 
64 64 96 91 74 61 72 67 91 97 56 64 89 86 79 62 65 84 67 61 68 78 66 55 55 63 86 96 98 50 91 83 73 99 90 99 85 85 55 81 92 95 50 95 88 55 50 75 94 58 65 88 86 56 63 95 97 68 96 61 91 66 87 99 80 77 59 93 63 71 64 84 98 94 96 61 55 96 82 95 
88 60 52 99 87 92 58 93 88 96 63 70 52 73 61 84 70 94 72 66 56 54 70 50 74 99 63 70 58 74 54 92 67 74 82 96 54 51 54 51 72 75 75 70 54 95 79 74 86 72 72 51 69 74 99 67 68 69 92 50 89 67 73 71 73 89 95 76 92 67 84 63 59 87 57 72 59 74 52 59 
86 95 97 63 66 97 57 70 59 51 69 77 86 77 76 65 79 73 71 56 96 66 79 50 85 79 61 76 96 51 91 94 58 88 79 75 66 71 82 74 88 59 84 80 91 86 97 84 90 70 68 60 99 53 91 77 63 57 60 79 75 78 84 78 81 52 62 92 92 73 65 58 50 56 54 59 75 97 65 98 
60 74 81 84 51 53 73 86 80 77 89 72 56 81 82 88 66 73 59 76 72 71 93 53 71 58 61 63 55 60 60 86 97 60 78 69 65 84 98 75 74 55 61 75 62 80 71 89 65 74 78 51 77 67 51 65 90 65 65 50 84 86 73 75 87 65 53 87 66 61 51 81 57 83 73 81 66 86 61 50 
65 67 90 84 71 70 71 58 79 63 96 92 60 88 87 77 83 98 72 90 67 64 74 85 83 94 90 65 68 84 65 86 51 99 54 87 58 55 95 52 73 59 74 99 63 97 50 77 60 90 93 69 63 53 97 67 54 74 65 57 90 67 57 64 70 77 90 93 93 63 85 53 53 56 98 94 82 92 89 77 
86 55 92 73 66 88 91 57 66 57 85 69 51 65 98 86 76 78 97 96 92 89 99 67 99 94 69 98 76 60 68 91 51 50 55 53 59 82 68 99 57 83 85 52 72 88 68 92 70 87 50 70 89 67 56 51 68 69 60 64 95 85 71 84 80 99 98 90 71 59 83 51 83 70 82 92 79 59 75 98 
91 85 85 54 68 87 69 78 92 91 82 94 99 64 68 66 62 75 61 54 66 76 56 68 93 88 69 68 92 89 59 77 74 80 84 96 89 59 91 51 68 69 61 78 82 81 58 83 55 77 89 61 87 83 79 60 58 71 61 76 86 93 86 82 53 65 61 83 96 79 55 94 91 75 98 79 87 71 83 97 
86 54 55 96 89 67 73 86 81 71 97 67 71 86 93 53 65 88 76 54 75 93 64 63 88 87 74 80 93 82 83 73 84 67 92 77 73 79 87 99 90 84 89 66 55 78 95 58 94 90 87 70 63 72 69 58 61 78 61 86 55 69 55 74 86 72 84 59 51 52 78 51 72 77 78 81 90 78 95 91 
79 58 61 91 55 72 74 50 62 78 92 63 79 87 82 99 78 77 77 70 74 90 94 81 82 62 76 78 66 63 97 64 50 96 67 51 77 59 61 98 84 50 70 78 96 93 81 98 81 62 67 81 98 98 50 71 58 74 74 97 86 67 63 97 68 83 86 86 98 60 80 66 99 82 59 78 73 58 92 78 
84 52 76 66 79 65 56 97 70 91 88 97 90 92 97 60 74 92 88 54 76 99 56 80 98 92 96 81 75 77 59 75 57 57 93 68 92 89 75 98 51 77 85 83 64 53 79 87 60 52 90 60 66 75 91 59 63 92 51 57 84 65 68 64 50 79 55 91 82 61 97 99 76 63 81 76 62 52 90 85 
63 68 94 82 89 75 64 64 67 99 59 76 94 65 87 87 70 68 83 50 54 82 78 76 67 64 71 81 57 79 84 85 88 67 95 84 85 75 88 63 56 88 68 58 90 98 74 55 90 60 67 62 85 64 74 98 90 61 97 95 71 80 81 57 98 55 97 76 73 65 79 74 94 56 71 81 99 72 52 67 
81 54 70 62 94 50 89 57 88 93 88 68 63 59 60 64 50 62 88 67 96 66 66 83 58 57 70 99 77 70 50 84 52 77 90 87 60 52 70 83 78 57 98 98 76 99 70 51 80 84 73 61 71 74 96 96 57 90 81 99 97 97 68 84 96 92 88 86 50 93 94 56 68 61 81 59 69 50 91 81 
52 84 57 93 80 63 54 51 78 94 65 90 79 89 79 79 86 94 91 62 97 80 74 65 84 73 69 56 63 77 71 81 61 77 69 73 65 81 95 95 91 91 67 89 60 90 95 77 63 66 53 85 65 55 96 53 98 53 94 57 94 77 50 81 62 89 53 82 65 61 96 82 57 90 52 79 72 96 53 58 
99 78 64 71 84 66 78 95 71 80 85 81 89 70 82 87 68 54 91 51 64 66 82 93 71 58 82 87 53 93 84 67 65 68 92 61 59 95 66 64 97 98 56 85 90 70 95 81 75 53 80 63 64 50 59 67 61 91 66 61 51 63 96 89 86 66 89 53 95 83 90 79 80 80 67 69 83 76 88 83 
89 53 85 59 63 85 60 87 80 79 78 71 62 87 51 54 56 68 86 51 86 53 78 88 95 70 94 69 61 70 60 70 53 84 63 75 99 71 59 80 99 89 90 66 51 93 53 57 67 61 88 67 77 96 82 73 67 68 64 55 54 87 87 81 87 80 77 86 76 89 85 97 51 57 52 74 55 73 91 68 
91 77 86 50 88 97 96 83 69 79 81 69 84 95 97 60 90 66 70 82 81 77 77 81 70 60 90 92 85 73 71 94 58 51 63 71 57 69 62 50 75 86 70 99 98 80 76 92 74 73 70 74 80 63 83 53 81 62 88 98 66 66 60 89 89 93 53 63 80 60 52 54 67 57 56 91 73 74 56 65 
57 86 72 61 64 60 90 67 91 64 53 88 70 61 64 69 88 98 76 61 67 92 59 64 95 64 84 79 76 76 53 78 77 95 75 86 94 82 74 76 59 97 81 74 70 70 86 63 96 73 74 66 53 97 83 60 97 92 51 85 82 83 98 92 57 71 59 81 93 64 98 90 71 93 66 51 84 98 80 82 
90 91 79 56 88 73 61 70 88 75 56 79 55 69 54 72 99 73 96 96 63 69 97 79 65 72 57 98 83 99 64 76 92 61 99 51 98 60 81 61 58 68 59 81 65 57 80 67 78 83 89 86 55 85 51 72 82 97 55 53 93 76 60 56 86 55 51 56 69 84 82 57 57 96 89 82 93 61 75 59 
86 98 54 97 54 57 58 56 88 81 71 85 72 85 66 92 99 94 94 97 88 97 89 55 78 50 55 85 99 84 76 52 74 55 80 73 66 69 60 82 79 69 86 86 51 94 67 73 58 70 77 88 59 86 51 72 65 68 86 54 64 91 99 99 73 73 75 95 98 80 83 56 70 54 64 75 73 57 54 87 
58 54 72 91 83 57 94 51 79 91 83 64 82 54 57 66 71 61 75 69 92 98 70 82 62 51 78 93 98 72 62 73 50 72 80 74 63 80 63 98 64 71 56 60 63 93 57 82 80 50 89 66 54 71 52 74 75 62 87 77 61 93 90 77 71 98 53 70 72 67 54 83 77 53 76 59 95 86 57 65 

