2
40

53 71 
91 65 
53 85 
80 93 
82 56 
97 96 
63 76 
56 79 
86 52 
57 94 
93 88 
67 90 
86 82 
94 80 
86 94 
85 68 
88 78 
64 50 
58 69 
50 82 
55 94 
89 63 
79 65 
96 95 
62 67 
84 66 
61 66 
90 71 
72 51 
85 78 
66 60 
88 66 
54 76 
92 73 
97 58 
53 79 
52 75 
72 97 
86 65 
62 93 

157 141 166 165 151 150 156 127 168 171 143 160 130 160 169 163 142 157 170 143 148 130 132 138 152 167 161 152 133 153 148 153 135 129 162 153 165 165 137 134 
143 134 148 170 174 156 166 170 164 127 130 135 156 148 151 157 148 140 135 152 145 174 135 138 152 133 140 151 134 163 154 127 138 127 160 172 140 151 140 141 
168 162 133 140 154 166 141 169 139 166 137 159 166 141 129 151 155 127 147 173 164 150 130 147 149 134 148 132 130 143 127 126 156 168 159 141 158 146 155 162 
149 170 156 125 156 151 158 171 173 125 146 162 171 137 162 166 160 144 149 153 128 155 169 157 125 157 143 169 159 161 134 166 129 126 160 158 145 174 129 148 
167 141 170 151 134 128 140 148 144 161 168 136 133 157 152 136 168 150 169 174 144 148 125 162 127 169 169 126 145 169 164 160 137 163 160 139 127 140 149 153 
164 143 172 127 136 146 143 150 139 144 130 139 159 154 136 135 158 142 142 139 160 150 156 170 166 167 136 170 157 169 171 131 156 148 154 163 134 150 141 158 
125 171 164 172 143 163 140 127 157 144 174 137 141 152 142 127 137 129 141 155 155 173 137 138 149 128 164 145 131 139 127 138 170 161 135 131 141 132 148 150 
151 154 132 160 168 159 149 129 166 147 164 146 153 141 146 135 134 171 144 155 145 153 148 167 167 127 152 135 137 138 125 169 174 155 159 134 166 146 161 172 
154 148 138 154 139 153 144 129 132 135 173 148 149 146 136 129 146 137 140 151 168 169 138 140 128 149 166 161 146 127 161 142 151 142 145 167 151 134 132 166 
169 169 136 131 128 158 150 130 166 164 172 152 144 132 129 146 137 163 154 154 162 139 132 164 127 164 137 142 133 162 157 129 168 142 142 166 138 144 154 125 
162 139 153 150 139 136 144 147 130 165 134 134 163 143 165 126 158 149 127 128 162 129 150 157 174 146 130 138 153 128 126 148 129 139 148 145 133 130 135 137 
158 166 173 146 145 153 142 132 152 160 150 166 150 159 162 156 129 132 148 171 165 130 131 135 133 150 155 137 136 142 155 155 142 147 162 166 128 141 148 152 
130 155 172 174 138 144 150 144 168 154 139 156 139 130 166 141 126 139 143 147 141 149 136 170 125 141 161 139 153 135 168 140 163 126 141 160 156 144 142 146 
152 126 151 174 137 158 165 134 152 165 160 161 130 151 145 153 152 127 130 143 127 146 127 156 129 132 151 156 147 156 149 139 132 129 139 158 163 160 138 152 
147 152 152 173 158 169 165 166 171 152 168 147 153 154 143 131 166 170 160 166 134 148 165 139 167 136 157 163 152 125 142 173 130 172 126 150 140 127 160 162 
141 154 146 137 156 153 126 159 173 168 162 162 146 156 136 149 128 150 164 173 164 139 173 163 171 171 142 135 141 150 148 134 128 171 160 129 155 157 173 145 
171 139 141 154 137 165 131 154 140 156 171 144 165 167 161 132 147 132 143 131 157 135 159 152 148 173 136 129 149 125 169 149 129 156 160 152 163 153 143 152 
159 136 144 147 132 171 158 160 140 146 165 162 140 130 156 156 145 172 172 139 147 167 142 139 169 137 169 137 143 126 162 125 127 128 141 127 134 139 169 160 
154 131 136 128 143 148 172 165 171 169 168 137 131 166 162 133 174 162 159 139 143 157 161 147 148 172 138 127 135 165 163 143 150 136 154 139 140 164 169 151 
145 153 127 130 140 137 135 147 130 154 136 163 127 165 168 144 160 140 158 142 136 169 166 147 147 142 163 145 134 164 170 147 164 133 170 127 130 136 151 165 
150 141 167 161 131 151 134 137 157 156 136 153 148 162 173 172 168 140 163 162 159 155 167 171 143 155 146 153 162 160 160 149 171 130 159 150 140 125 134 143 
171 126 138 127 165 157 170 139 161 140 131 169 149 154 129 144 158 129 139 174 159 171 130 133 138 168 125 156 163 131 173 150 146 138 125 146 153 171 141 152 
174 174 126 153 168 142 173 159 141 151 154 125 165 155 170 172 142 140 140 125 126 141 144 130 151 141 137 143 128 156 157 158 133 169 159 136 165 137 173 164 
166 166 125 162 140 144 127 126 135 140 153 161 137 169 140 155 132 164 140 125 174 127 171 170 145 153 151 137 156 141 162 133 130 130 169 163 128 147 125 149 
167 126 157 162 174 174 152 131 144 174 133 165 143 142 157 142 173 145 171 160 167 162 125 163 129 143 146 156 157 133 158 167 144 132 143 139 171 155 133 127 
125 162 151 142 163 139 134 138 168 149 157 146 150 158 155 144 126 155 135 164 151 156 155 169 165 134 129 136 159 133 141 144 170 144 126 138 129 149 139 132 
153 145 153 150 165 167 173 125 147 153 136 149 160 140 149 171 149 145 164 130 161 172 159 125 162 174 170 132 170 157 135 140 132 148 132 157 171 135 167 168 
144 160 130 155 167 128 165 140 157 145 147 140 133 170 125 154 157 148 136 136 159 139 133 172 144 148 145 128 139 164 163 129 143 151 126 143 137 136 159 173 
171 141 137 137 152 152 125 130 150 172 172 164 154 141 133 166 148 146 159 146 156 135 150 161 152 168 160 149 141 164 141 154 126 126 149 166 133 129 170 134 
165 168 174 133 158 139 171 156 155 126 135 154 159 150 157 165 137 149 165 171 168 150 153 129 154 147 167 170 161 150 163 143 173 138 130 174 165 147 145 149 
142 148 141 155 149 135 167 146 172 153 137 127 170 160 167 153 127 174 125 169 133 135 133 146 129 149 174 155 165 170 165 145 141 147 141 153 166 129 169 164 
145 130 134 143 174 135 170 158 136 161 155 143 164 128 163 162 159 133 127 149 145 146 153 137 141 139 125 150 140 148 144 133 130 162 158 150 153 127 158 146 
168 132 158 151 128 140 169 158 138 172 128 137 173 171 144 156 166 149 174 125 155 155 159 136 141 167 174 156 142 132 139 146 140 150 149 133 157 171 154 150 
143 126 133 136 142 148 127 166 138 149 152 156 168 171 161 151 162 169 131 161 154 163 145 137 136 152 136 125 169 141 144 168 157 146 140 160 171 146 157 151 
164 154 157 147 140 128 136 127 161 129 159 135 169 159 162 162 157 153 128 128 143 142 168 134 139 139 146 143 141 134 142 155 136 138 174 164 149 170 126 162 
173 145 167 143 162 158 131 126 151 168 159 174 163 164 128 162 133 127 138 132 143 174 152 137 127 136 167 151 162 146 126 157 156 172 126 135 137 172 150 145 
165 162 146 153 155 165 172 168 146 166 150 145 167 169 171 163 162 169 162 141 138 166 166 158 173 164 173 132 145 137 167 126 125 145 169 145 132 146 138 172 
138 167 169 167 132 159 160 133 168 135 137 167 147 169 158 152 172 171 159 127 137 151 145 128 126 144 163 149 149 141 131 166 151 172 170 136 155 153 163 164 
162 161 168 129 137 167 160 134 136 169 152 159 157 155 133 159 170 134 161 152 163 144 139 166 139 151 156 162 143 144 163 142 156 145 142 149 163 137 138 145 
170 151 146 160 157 131 126 141 164 126 140 146 166 162 168 162 146 142 128 130 129 135 132 164 145 167 172 163 136 152 149 133 156 155 152 152 138 170 133 165 

125 169 137 164 141 168 147 147 143 172 168 169 153 165 135 159 174 131 167 148 158 148 140 128 166 163 154 157 165 163 135 136 167 140 153 155 151 129 144 150 
130 137 131 169 137 162 171 145 137 132 136 153 155 134 151 140 157 164 143 172 149 153 174 144 155 151 155 145 131 127 134 160 156 159 155 148 147 128 138 129 
130 129 139 155 170 146 140 170 146 158 136 126 134 144 168 139 154 142 164 171 144 142 128 143 159 139 125 172 167 136 145 130 173 126 158 132 151 153 150 147 
172 142 134 147 148 131 137 149 125 163 134 166 163 161 135 134 173 157 160 173 171 137 135 132 138 139 169 142 160 162 169 126 129 142 163 167 127 162 170 140 
131 173 158 137 125 174 141 140 161 145 155 151 149 126 160 138 141 159 138 173 140 158 150 164 164 133 158 128 138 154 141 173 134 149 137 149 126 150 142 131 
128 172 163 164 173 133 134 153 140 142 136 139 157 158 164 170 136 148 138 165 143 164 148 165 174 138 151 156 167 128 131 141 153 138 162 137 143 141 132 169 
174 164 136 166 138 148 145 134 127 148 150 140 159 130 147 168 145 157 128 129 154 137 135 160 153 143 157 169 150 134 168 156 149 172 134 156 130 131 161 130 
129 170 132 134 131 129 160 168 173 174 153 167 134 140 173 174 159 165 167 170 136 127 158 161 155 142 145 171 156 157 143 170 162 138 148 170 127 141 167 127 
151 157 140 128 136 156 131 147 133 152 154 144 162 150 164 147 162 140 154 157 160 127 156 149 171 152 164 125 173 127 153 170 169 158 168 155 136 147 159 148 
167 164 153 159 155 172 143 126 140 138 172 135 135 171 129 139 125 156 161 129 137 136 171 128 141 155 129 172 148 166 129 153 129 128 130 140 170 163 151 172 
173 137 162 135 126 166 173 135 163 153 153 136 172 129 147 148 162 148 156 174 147 133 134 161 137 134 141 155 127 127 134 133 127 166 164 161 126 126 169 125 
171 167 141 138 149 147 135 172 158 126 173 127 141 169 129 138 151 133 132 167 172 144 144 125 127 125 161 165 173 162 173 146 162 130 160 139 135 148 131 154 
164 165 171 136 148 135 130 173 141 133 125 154 167 148 164 170 165 169 141 140 163 154 161 152 137 141 129 159 145 132 142 137 129 139 157 127 139 162 156 136 
166 163 133 139 150 160 138 130 153 135 170 161 174 143 148 172 150 131 152 131 171 174 135 155 143 160 158 172 140 162 172 151 165 137 155 140 174 157 166 159 
169 151 127 174 131 151 147 133 159 132 140 134 172 139 131 135 172 148 154 163 155 127 142 152 169 156 130 145 135 146 129 125 157 156 138 173 170 137 142 169 
165 156 140 157 164 144 131 148 166 136 140 139 163 138 135 156 168 167 157 174 126 148 168 148 140 158 161 167 162 158 133 174 168 156 159 145 144 139 161 151 
145 154 161 147 154 140 159 163 125 159 143 159 170 142 142 169 131 151 131 128 147 153 137 146 141 155 146 154 147 155 138 163 172 156 138 151 158 151 126 151 
140 136 148 143 169 167 168 167 130 149 168 127 138 161 144 141 143 146 149 129 172 126 135 126 161 170 166 136 135 165 154 170 129 129 142 156 127 130 133 133 
145 172 127 134 158 144 154 151 130 160 170 142 127 132 139 166 159 126 157 125 144 161 137 137 155 143 152 148 174 137 153 147 156 136 141 130 140 142 170 148 
126 171 161 155 156 140 172 138 127 144 158 159 172 167 152 127 159 167 165 165 161 125 155 130 169 133 151 140 165 171 126 137 141 168 154 156 130 145 149 141 
126 146 159 142 168 163 159 156 144 163 160 161 167 141 131 144 154 174 169 174 170 165 127 133 142 150 152 135 141 163 164 137 141 148 166 170 134 153 140 150 
135 158 156 171 144 160 129 146 161 150 125 173 162 129 125 128 135 130 129 143 140 137 136 127 127 169 134 164 138 169 138 149 157 165 128 163 130 151 129 163 
146 144 171 142 155 174 170 126 171 142 146 172 156 154 168 152 171 130 171 156 162 165 160 146 169 163 137 156 153 128 162 172 144 147 160 128 152 142 140 143 
154 143 135 141 137 169 147 142 132 173 171 160 156 166 152 165 137 145 162 150 148 140 169 165 136 128 143 169 128 125 141 156 170 136 164 133 134 157 150 145 
125 173 170 142 138 130 160 168 146 154 157 135 145 163 149 157 152 137 149 133 152 151 138 149 154 130 151 133 155 159 151 140 158 166 160 167 142 170 148 160 
152 148 153 152 141 172 137 139 163 169 150 158 153 133 172 168 168 154 162 163 135 146 142 141 169 143 145 126 173 139 166 134 166 160 128 149 173 138 126 135 
150 142 137 130 161 138 150 126 144 165 147 152 151 153 141 144 146 130 170 151 146 170 132 135 135 131 126 158 138 150 138 145 162 154 129 150 161 128 130 158 
158 173 139 164 173 148 155 125 166 150 157 128 162 139 150 153 160 172 169 165 167 126 146 157 137 174 151 158 141 172 131 130 131 163 162 163 172 136 143 129 
171 133 140 172 131 158 157 130 146 154 148 151 159 170 148 167 162 137 134 151 173 142 162 145 156 158 158 126 130 125 143 167 169 162 165 164 166 156 132 157 
158 148 156 129 133 170 131 155 143 125 171 134 162 141 149 131 142 136 161 173 132 155 160 131 151 132 170 146 169 156 158 165 169 147 148 136 174 138 125 152 
168 158 146 142 151 139 170 146 139 154 146 144 140 151 131 172 127 135 140 131 171 162 165 125 157 172 172 165 145 139 150 129 125 162 125 141 135 163 168 129 
139 152 168 161 126 174 135 134 165 142 158 158 151 174 164 168 133 127 129 173 168 134 167 125 142 144 172 146 162 132 167 158 152 158 127 129 157 155 158 133 
174 169 172 140 128 125 152 165 172 168 158 171 138 169 125 128 161 138 165 168 172 135 157 161 148 161 142 167 135 129 129 168 140 128 126 140 135 168 161 132 
144 157 132 168 166 165 165 153 137 157 165 136 166 125 171 137 133 173 171 153 166 149 147 148 134 160 128 158 144 133 142 144 151 150 145 131 167 134 140 157 
164 149 152 143 133 158 155 129 155 126 162 170 144 162 130 128 153 133 125 157 143 128 147 149 158 126 174 161 155 125 170 136 132 125 149 145 151 130 147 128 
165 129 134 164 170 125 169 125 134 133 134 174 159 171 139 155 147 166 169 173 158 130 131 163 141 173 157 170 147 153 132 172 145 133 174 126 174 163 169 139 
158 161 174 159 165 134 127 166 146 154 163 127 141 173 147 168 131 138 137 147 135 145 138 150 168 155 129 172 167 162 161 172 138 128 162 138 164 143 134 147 
148 132 153 141 166 141 129 156 141 168 162 146 161 146 153 149 162 157 133 138 132 142 126 172 167 145 146 167 173 135 168 125 157 159 172 143 164 163 164 139 
162 160 125 145 146 148 168 129 166 144 136 147 144 153 132 131 144 128 165 125 129 132 160 128 133 130 143 133 125 170 133 131 154 145 163 150 147 171 158 125 
158 150 158 150 148 153 128 158 169 126 166 155 168 152 127 142 173 136 167 131 154 154 126 155 161 162 141 151 154 147 152 134 128 151 129 171 136 153 131 159 

