2
40

57 97 
60 73 
53 85 
78 55 
77 81 
51 92 
65 97 
91 54 
78 66 
58 56 
73 64 
97 79 
74 69 
53 68 
52 65 
58 89 
86 99 
52 82 
71 83 
79 62 
99 71 
58 59 
87 64 
98 78 
62 57 
52 58 
68 51 
71 59 
84 96 
93 87 
72 65 
77 56 
68 63 
72 62 
63 98 
90 94 
53 84 
91 72 
52 70 
90 51 

152 141 150 162 128 159 152 161 152 151 153 146 171 163 135 165 140 134 134 155 157 174 128 148 164 155 171 156 174 160 172 141 133 132 170 148 173 158 157 173 
159 151 143 164 133 141 147 126 156 125 150 135 141 138 139 157 172 135 138 141 135 164 160 158 170 160 168 139 167 159 128 170 138 127 135 136 169 141 174 165 
126 168 160 171 142 154 129 148 167 163 152 125 143 127 147 159 134 130 134 154 143 153 130 168 126 152 130 162 126 135 140 144 137 171 155 139 168 138 135 130 
134 156 162 136 143 170 148 142 174 171 128 168 154 144 165 135 156 148 133 152 152 165 130 133 155 126 152 145 160 140 131 131 146 134 127 134 129 153 157 125 
149 134 171 153 163 150 145 145 129 160 148 139 164 151 169 172 170 152 127 165 134 132 125 168 161 152 138 172 126 137 127 138 167 160 136 139 147 174 131 125 
165 143 152 160 142 160 155 161 173 172 128 171 125 163 146 154 173 173 149 165 128 128 164 146 128 138 137 170 152 138 174 164 144 170 144 128 142 158 156 161 
156 161 159 131 157 156 166 143 145 152 140 174 141 162 168 142 172 163 130 138 145 143 146 174 137 135 134 157 145 129 166 151 164 169 150 153 154 135 155 162 
142 129 127 134 154 160 165 128 156 140 143 157 174 147 174 137 173 138 141 174 139 135 154 126 141 158 141 163 137 173 161 160 165 145 125 131 134 132 164 130 
148 139 129 152 174 138 159 142 158 142 154 159 142 131 160 134 141 147 172 135 135 136 139 138 144 141 141 173 132 146 134 155 146 147 149 144 132 165 148 171 
160 160 155 128 151 145 174 157 155 138 165 165 137 134 138 129 126 143 153 143 134 144 133 165 157 149 157 152 142 163 154 144 146 144 165 139 151 142 166 159 
159 153 147 135 143 135 143 138 129 149 161 127 173 138 129 173 134 157 162 160 127 143 169 159 165 174 128 131 128 127 150 130 140 173 168 137 154 174 130 143 
161 146 126 132 162 140 159 161 168 141 158 162 145 130 132 171 143 167 173 161 159 150 165 125 147 136 166 132 145 150 173 157 141 169 145 172 127 133 142 163 
161 135 141 161 155 146 162 145 141 165 164 154 152 164 166 169 126 155 169 160 127 148 168 149 136 125 161 152 129 168 138 158 166 132 166 137 165 167 141 145 
150 125 142 151 148 157 136 134 138 159 141 173 150 159 173 143 136 129 167 173 169 142 166 164 131 131 148 169 171 128 155 157 146 147 142 136 166 150 139 152 
165 139 153 167 160 171 146 145 142 165 133 154 159 132 134 146 138 146 147 172 126 174 128 152 127 162 148 144 160 166 155 165 168 142 139 155 159 147 146 153 
153 130 147 170 171 144 139 173 158 150 131 144 148 138 136 139 137 147 142 130 143 148 156 162 130 167 158 150 157 167 146 155 143 165 145 161 171 160 128 142 
166 148 161 137 155 164 162 126 159 169 158 159 171 162 146 166 150 159 166 151 125 149 166 164 126 156 148 139 156 155 166 151 170 162 172 159 148 131 131 142 
138 153 128 146 165 139 153 149 156 167 154 134 152 132 157 142 138 129 134 130 129 144 157 151 172 155 137 135 157 129 126 135 131 149 126 152 157 134 139 135 
150 172 153 131 160 148 155 169 165 133 164 153 150 135 155 171 169 156 166 158 137 162 174 167 149 130 146 155 126 149 130 174 133 149 162 160 156 128 133 167 
164 130 138 131 144 162 148 145 146 135 159 154 149 161 140 133 174 144 155 168 150 141 129 165 156 165 148 167 137 136 142 154 161 132 133 138 162 151 132 150 
152 163 127 161 163 167 133 174 128 145 146 132 152 157 165 128 141 160 150 141 154 148 136 134 150 140 149 171 130 134 167 154 161 167 132 140 142 162 159 142 
152 135 172 134 125 173 158 169 167 173 135 140 130 135 167 129 157 141 139 126 142 152 161 170 147 128 159 132 165 134 151 134 152 155 134 135 149 126 136 160 
170 134 143 165 138 140 155 174 154 136 164 147 156 151 161 130 155 155 167 144 155 160 168 157 126 152 167 126 132 155 159 148 147 125 145 154 133 169 173 127 
166 130 141 132 141 153 159 126 127 161 169 128 142 153 150 167 158 127 169 142 172 171 161 144 165 138 150 170 162 159 174 128 169 154 165 161 171 171 145 126 
131 135 131 148 125 171 140 166 141 158 127 131 153 127 141 166 165 173 145 165 128 142 166 142 163 150 165 142 162 163 134 152 125 139 145 149 138 141 144 173 
143 133 168 139 128 161 136 174 164 159 142 139 130 138 133 134 138 156 142 167 166 130 149 142 169 131 138 138 139 135 159 135 140 154 146 134 166 131 142 137 
126 139 144 173 155 148 141 143 170 170 161 152 137 159 134 154 139 151 138 132 164 169 156 167 164 149 139 173 170 159 141 160 155 136 130 157 153 145 126 154 
168 149 144 172 171 172 130 161 158 159 166 164 170 139 164 165 163 150 158 157 169 135 167 125 151 152 129 152 153 131 168 136 155 142 147 174 163 169 166 134 
149 135 133 160 128 165 131 133 136 133 172 128 173 163 170 150 147 141 168 165 136 150 154 138 143 153 130 141 133 157 132 136 153 146 172 150 158 138 135 130 
136 153 167 145 174 148 137 169 169 161 140 157 138 149 166 153 135 167 173 159 131 172 150 132 168 148 152 144 168 140 138 143 127 154 138 142 174 167 132 160 
162 127 173 161 166 174 140 149 157 127 143 132 148 160 166 128 146 136 141 161 138 172 129 157 169 131 130 154 135 163 163 135 151 161 143 127 173 139 135 170 
169 165 155 145 165 164 162 153 159 149 138 157 137 129 147 167 157 164 165 171 169 145 171 165 170 148 138 143 141 137 144 170 164 153 146 127 171 147 149 154 
165 133 126 148 135 145 128 137 158 171 143 140 136 149 169 126 159 170 160 144 135 148 162 149 131 143 170 137 158 145 152 162 174 160 147 167 137 131 173 136 
167 154 157 127 151 129 154 174 137 174 166 149 152 152 128 150 157 168 144 141 158 151 161 147 158 141 149 151 140 173 158 168 151 148 135 163 126 129 151 125 
130 126 168 143 164 162 168 127 164 132 154 162 149 137 147 137 147 161 138 145 155 158 143 131 174 164 171 172 165 156 125 169 147 145 152 138 164 136 153 167 
148 146 161 153 143 137 158 131 140 170 169 141 125 134 133 171 169 130 136 147 126 136 138 129 142 145 167 138 160 131 141 155 144 137 160 148 141 142 141 163 
170 153 153 136 137 164 168 164 127 147 168 133 158 153 166 144 159 126 132 149 163 131 173 129 151 170 138 132 166 152 134 130 128 128 137 150 127 160 147 136 
145 171 133 134 153 155 144 162 167 149 151 138 163 163 140 143 156 164 165 128 163 140 150 127 148 151 156 162 141 130 166 130 126 128 151 172 151 157 142 137 
133 173 134 169 156 131 146 131 143 133 144 155 128 131 126 168 163 142 156 160 173 169 162 160 164 127 170 167 134 171 157 148 158 172 164 144 143 160 131 143 
142 133 128 141 163 161 144 174 130 170 140 157 147 167 141 141 133 151 160 170 146 142 156 141 161 151 156 151 159 132 160 170 143 159 153 158 174 164 135 163 

159 170 159 169 154 152 158 155 160 147 154 165 142 139 166 126 131 141 138 163 171 158 152 150 136 172 147 171 135 169 126 151 171 128 152 128 133 156 159 165 
170 148 168 130 152 150 133 130 172 137 157 152 125 133 139 153 137 148 134 160 173 127 169 162 161 143 171 126 156 136 166 133 158 174 145 161 142 131 146 159 
145 172 128 135 133 168 168 143 169 156 153 130 135 135 145 134 126 161 152 172 155 148 152 160 164 165 128 130 142 150 161 163 136 147 156 128 172 157 173 144 
141 142 149 158 131 174 171 159 165 170 137 172 147 153 148 140 173 163 158 147 155 166 167 153 127 153 160 148 151 159 144 137 164 141 163 156 142 141 166 161 
134 153 165 131 164 153 137 148 169 130 140 137 134 132 135 136 128 146 142 132 128 159 149 133 129 126 132 164 129 147 127 148 147 134 132 157 127 156 138 157 
173 139 168 143 156 151 148 136 149 168 136 140 168 133 165 147 126 162 159 169 129 145 135 166 170 136 143 164 166 164 173 164 151 172 153 132 138 172 174 165 
158 135 134 166 169 170 170 156 146 156 164 145 149 135 143 167 139 151 170 140 165 143 161 174 137 137 144 165 127 133 144 140 136 130 155 158 161 141 151 134 
163 164 153 127 151 138 152 127 168 136 162 135 150 145 142 152 142 170 141 126 137 127 160 152 163 132 161 131 171 140 164 135 161 156 127 136 155 127 130 131 
168 163 168 158 163 154 133 156 131 153 166 126 149 161 139 146 174 167 130 161 162 157 174 144 143 131 172 156 155 137 173 172 159 134 167 164 160 166 157 132 
129 169 146 142 151 140 162 173 153 164 171 140 136 171 133 137 161 136 139 170 135 146 162 156 146 132 172 147 164 174 142 169 162 174 138 145 169 131 173 134 
155 139 129 142 153 159 134 126 162 161 128 173 136 149 149 171 164 133 140 155 158 135 127 139 156 160 139 134 153 161 146 156 139 133 149 164 161 166 173 144 
173 167 158 130 130 134 161 129 167 154 125 127 156 155 173 145 146 139 133 131 143 153 145 144 156 163 145 167 138 172 126 147 160 137 149 170 142 159 163 128 
126 156 127 154 131 138 174 144 156 154 131 133 131 133 139 144 148 152 158 159 165 150 142 136 159 153 159 159 164 143 156 140 163 135 173 139 171 154 165 172 
136 145 161 150 132 154 173 126 141 150 166 174 156 172 125 148 126 127 170 139 161 155 128 165 143 146 147 161 129 161 132 172 139 151 141 174 160 155 133 160 
149 166 126 171 144 135 167 146 153 147 171 127 148 145 141 164 152 168 143 152 150 135 128 155 126 148 164 140 171 148 153 137 144 129 171 173 162 131 165 144 
146 127 140 145 148 166 165 160 159 170 174 151 128 156 149 138 133 150 163 171 129 153 156 159 152 138 143 140 164 128 158 139 167 147 169 161 170 146 147 148 
126 126 149 155 159 148 162 142 161 159 156 157 158 128 158 131 152 138 172 165 148 152 154 135 130 126 173 151 150 162 134 132 157 152 145 154 153 155 144 140 
162 131 144 143 138 155 144 134 135 131 161 139 150 132 141 126 162 144 126 171 163 145 141 165 136 152 145 145 148 132 174 153 151 133 157 169 145 132 136 133 
138 172 143 146 139 170 142 156 137 145 161 155 142 166 128 166 168 170 132 143 164 173 128 171 171 149 169 164 165 130 145 138 162 163 164 163 160 150 139 171 
168 154 173 125 145 160 161 139 133 164 159 166 126 141 132 128 130 156 163 166 152 131 165 157 164 128 161 169 163 127 153 145 160 150 164 146 141 157 141 151 
155 171 139 141 164 146 152 140 174 154 160 136 154 154 156 174 146 162 131 173 149 170 158 148 162 170 164 141 136 168 157 139 132 131 149 157 149 133 144 145 
135 136 155 174 169 130 162 138 134 138 154 163 148 133 157 151 146 173 147 146 131 144 155 160 172 162 154 133 156 169 141 155 162 145 129 167 173 131 143 167 
147 160 141 142 142 130 170 150 170 152 128 143 127 127 165 142 173 152 165 132 145 147 139 140 127 152 129 164 139 159 143 128 162 162 170 161 143 164 128 166 
166 162 125 161 128 148 132 125 164 145 141 147 169 139 145 135 148 156 129 131 157 129 126 170 172 139 159 125 134 148 164 166 174 144 127 171 148 163 138 125 
166 154 142 174 127 140 127 163 127 161 162 126 153 163 134 155 168 166 161 173 127 136 160 164 159 155 133 168 142 152 130 169 165 141 156 132 137 129 154 125 
159 127 127 144 169 145 146 167 171 136 146 128 149 150 153 158 147 174 172 166 151 145 131 149 159 166 168 130 157 146 174 138 163 125 125 160 139 135 125 155 
146 131 155 157 148 125 145 172 155 156 165 129 165 136 128 153 143 170 127 141 174 147 167 126 164 157 173 127 145 159 157 151 138 173 152 131 150 152 161 131 
171 168 125 150 147 158 174 166 134 126 142 129 158 127 168 162 165 173 129 152 168 172 146 145 154 164 166 151 169 149 158 174 141 127 134 157 158 160 153 164 
166 125 163 151 145 144 168 165 135 126 141 158 167 148 125 171 174 171 168 133 174 141 145 130 145 155 143 158 139 127 127 144 174 129 163 127 159 174 162 146 
134 140 160 157 163 139 144 132 145 141 129 128 162 142 146 162 167 152 133 147 149 134 162 149 160 155 136 129 131 167 161 129 140 133 133 133 131 147 146 169 
134 138 135 158 153 141 154 147 166 132 127 131 142 144 139 152 151 155 136 168 148 162 135 126 168 132 128 133 150 172 132 141 154 164 171 159 130 171 144 160 
133 165 168 164 154 130 150 130 145 164 156 134 147 145 151 172 134 165 136 152 165 154 160 126 142 151 162 146 158 132 149 167 153 131 127 137 151 126 137 171 
155 139 136 164 138 163 151 154 153 163 149 160 142 140 173 161 159 165 161 162 152 163 129 135 163 131 141 143 168 153 137 136 135 157 145 126 137 161 148 142 
163 159 162 174 136 156 138 173 144 125 163 132 134 153 139 134 130 132 144 159 128 148 138 130 160 157 174 140 154 154 147 164 133 170 140 152 128 154 149 155 
155 169 173 160 163 133 167 144 146 155 173 125 133 143 130 166 138 151 161 163 133 150 144 163 135 134 160 125 143 168 131 166 162 132 163 174 165 152 161 158 
137 136 172 128 140 152 139 153 151 129 140 164 160 142 161 163 169 154 172 173 127 153 170 125 152 167 129 147 128 146 162 162 126 147 144 134 137 164 151 150 
170 145 147 140 167 138 161 160 162 141 136 141 168 155 140 126 141 129 148 148 171 166 160 131 133 161 141 138 141 136 167 135 171 150 130 136 161 137 157 140 
137 140 169 136 134 127 125 141 170 151 164 174 130 157 133 144 168 125 136 148 132 136 144 171 150 150 172 152 160 172 136 133 145 162 147 169 154 143 171 144 
159 137 173 161 126 158 138 130 126 136 129 173 135 147 142 153 171 169 136 138 159 154 160 134 142 129 135 173 126 137 134 130 173 132 158 163 150 171 161 173 
158 132 161 171 137 163 170 130 155 153 144 170 173 145 152 164 172 144 130 137 138 137 135 129 130 140 174 163 136 151 162 169 168 151 158 145 165 142 168 163 

