0,229,239,280,236,139,19,183,221,274,216,113,179,176,272,264,8,199,133,62,132,49,54,119,258,19,151,148,82,70,225,162,180,76,2,55,139,47,131,194,21,276,86,1,270,286,14,218,167,162,222,0
0,11,5,9,13,20,11,19,10,10,19,4,17,3,20,8,5,16,18,13,15,13,10,15,3,2,17,8,20,5,11,2,18,7,17,16,14,14,19,7,14,8,17,5,7,19,8,9,12,3,18,0
0,569,619,749,590,565,270,646,577,608,585,500,632,592,660,697,411,340,457,363,370,180,307,531,742,434,278,317,325,252,714,503,386,316,381,167,426,286,252,441,123,733,484,225,439,641,476,660,474,405,351,749
0,577,623,756,600,579,278,660,584,615,599,503,644,595,674,703,415,352,470,373,381,190,314,542,745,436,290,323,339,256,722,505,399,321,393,179,436,296,266,446,133,739,496,229,444,655,482,667,483,408,364,756
0,10,17,2,10,5,14,7,10,4,17,17,5,16,7,12,4,10,6,6,15,7,9,13,10,19,20,7,9,12,8,12,12,15,18,3,16,14,20,18,10,15,2,7,7,20,15,18,12,2,4,0
0,1.25,4.25,0.28571,1.0,0.35714,1.75,0.5,1.4286,0.57143,1.2143,5.6667,0.41667,5.3333,0.5,2.0,1.0,0.83333,0.46154,0.6,1.3636,0.7,1.2857,1.1818,3.3333,9.5,1.6667,1.1667,0.64286,3.0,1.0,6.0,0.92308,3.0,1.5,0.25,1.6,1.4,1.4286,3.6,1.0,2.5,0.16667,1.75,1.4,1.4286,2.5,2.5714,1.3333,0.66667,0.30769,0
0,3,1,1,3,1,7,3,5,2,3,4,2,2,1,6,2,1,2,3,1,2,1,6,2,2,6,4,1,1,1,6,5,5,8,1,1,4,10,2,2,7,1,3,3,9,3,3,5,1,2,0
0,3,4,8,10,8,4,9,9,2,9,3,5,6,9,5,5,6,3,6,5,7,6,2,3,7,2,9,8,2,6,9,7,10,4,9,6,5,3,6,3,5,6,3,8,2,3,2,10,2,4,0
0,0,6,6,2,4,2,5,4,10,8,5,5,6,2,5,3,7,3,7,5,2,3,8,2,7,7,3,9,6,7,4,9,6,3,7,2,10,8,5,2,2,7,4,10,10,7,4,3,5,2,0
0,8,0,3,3,3,7,8,10,6,10,8,6,2,3,2,5,9,6,7,10,4,9,5,2,8,3,10,8,9,4,10,5,6,7,4,6,2,4,3,2,10,6,6,10,10,9,4,5,8,3,0
0,9,8,0,2,3,2,7,6,9,9,5,4,10,3,3,3,2,9,9,6,4,2,4,5,9,10,2,6,7,9,6,5,4,5,3,3,6,3,4,6,8,5,4,4,10,3,4,6,2,10,0
0,6,7,6,0,8,6,7,2,2,6,8,7,4,6,4,6,4,10,2,6,4,8,8,8,8,5,5,7,3,3,3,3,8,6,7,9,6,5,10,6,2,9,2,5,7,3,5,2,9,4,0
0,10,10,3,6,0,8,7,2,10,4,10,3,7,8,9,3,9,3,7,8,3,6,2,3,10,10,7,5,4,3,3,5,10,7,9,3,7,2,7,9,10,6,3,4,5,5,6,8,4,9,0
0,7,4,3,8,9,0,3,4,4,3,3,4,9,3,6,7,6,5,9,10,8,2,6,6,4,6,4,7,6,2,5,2,7,9,6,7,5,10,2,3,5,8,8,9,5,4,2,2,8,7,0
0,4,2,9,7,3,7,0,10,8,7,4,5,4,5,5,3,4,3,7,9,3,8,6,10,6,9,4,7,9,10,9,6,5,10,5,5,7,3,7,2,2,5,9,4,6,7,10,2,9,5,0
0,3,2,3,2,10,2,7,0,8,7,7,8,10,3,7,3,9,6,10,5,7,8,2,4,2,3,5,7,9,9,8,6,8,8,9,4,9,3,5,3,4,6,9,5,10,5,6,9,3,10,0
0,4,7,3,10,5,10,6,10,0,10,2,5,10,3,6,6,10,3,2,9,8,2,10,6,2,5,10,2,5,4,7,5,4,6,9,5,4,8,6,9,9,6,5,7,2,9,2,5,7,3,0
0,5,5,10,2,8,3,4,5,6,0,10,10,5,10,2,7,4,5,4,9,4,8,7,10,9,8,4,5,5,7,8,4,6,10,7,7,4,6,7,9,5,2,3,7,10,9,7,6,2,5,0
0,8,10,3,10,7,10,8,6,6,4,0,4,9,5,10,6,4,10,9,2,2,3,9,6,4,6,7,5,3,5,4,6,8,5,8,5,7,9,6,10,7,4,10,3,8,8,10,9,6,6,0
0,6,2,8,2,2,3,2,3,6,2,6,0,8,3,6,3,6,2,10,9,5,10,3,10,10,7,7,10,3,5,3,8,8,5,10,9,10,4,8,6,2,8,6,7,5,10,5,8,8,3,0
0,2,3,2,7,2,4,8,4,5,7,2,3,0,3,6,8,3,3,10,2,4,5,6,10,4,7,6,8,2,6,9,6,6,10,6,7,2,6,9,9,7,6,4,6,4,3,5,3,2,5,0
0,10,8,3,2,6,5,10,7,10,5,7,10,2,0,4,8,8,3,9,9,6,6,5,4,5,7,8,6,6,6,2,3,7,3,4,5,5,3,3,9,3,2,4,10,6,5,5,2,10,4,0
0,10,9,7,10,3,10,6,8,7,10,6,8,8,3,0,10,4,6,9,4,9,4,9,8,6,4,2,5,2,6,2,8,6,3,10,2,2,4,10,3,3,4,6,8,9,3,2,5,7,4,0
0,6,6,3,5,6,10,2,10,3,3,10,3,5,8,5,0,9,8,6,2,5,5,10,5,4,3,4,4,10,3,2,7,7,9,4,6,9,5,6,3,2,2,8,7,8,6,9,5,8,7,0
0,9,6,5,7,4,5,3,6,10,5,5,8,2,5,3,5,0,10,2,9,5,10,7,9,7,6,5,9,4,2,10,10,3,5,6,2,2,3,4,3,9,10,3,3,9,4,7,10,4,5,0
0,3,7,7,8,6,9,9,7,5,9,10,5,2,2,2,9,8,0,9,10,2,3,10,9,8,5,10,8,9,5,7,4,6,3,2,8,3,4,6,7,2,4,10,9,3,5,2,6,8,3,0
0,3,8,7,8,2,9,2,8,9,9,2,2,3,5,10,4,2,3,0,9,5,9,10,5,10,8,3,6,2,10,8,7,3,9,5,8,5,10,6,2,2,4,8,5,10,2,2,10,9,4,0
0,2,10,6,6,6,2,4,5,8,5,7,6,8,9,9,3,6,8,9,0,10,7,10,8,8,3,3,2,5,2,2,10,8,3,7,9,6,9,8,4,3,4,3,4,4,9,6,9,7,3,0
0,8,5,4,9,5,2,5,9,5,9,8,7,8,2,8,2,8,2,3,8,0,8,7,10,3,5,9,6,4,4,7,7,9,10,6,2,4,3,10,2,7,2,7,4,5,9,2,6,8,9,0
0,10,6,7,7,8,10,4,9,10,4,5,7,9,10,7,10,10,4,3,10,2,0,9,5,10,5,10,5,8,10,3,2,4,5,2,3,10,8,7,9,2,4,7,7,10,5,6,10,9,7,0
0,4,7,4,3,4,5,10,8,8,5,6,4,5,10,7,8,3,4,4,9,9,10,0,9,9,3,6,6,10,6,3,5,2,9,3,10,7,7,10,9,8,6,4,10,2,3,3,9,5,6,0
0,6,5,4,6,4,9,3,6,2,8,10,3,8,9,6,6,10,5,2,9,10,2,8,0,5,8,5,3,10,6,2,10,8,4,3,6,2,7,8,8,4,3,2,5,9,2,2,10,3,10,0
0,3,3,7,9,8,4,8,4,7,7,5,9,5,5,3,4,3,9,8,3,5,8,2,10,0,10,8,9,7,3,7,6,6,8,4,6,6,6,2,2,10,8,7,3,4,4,10,10,10,7,0
0,2,8,6,2,4,2,4,2,10,3,6,6,4,7,4,2,8,7,9,3,4,5,10,10,10,0,3,2,2,8,2,6,4,8,10,3,5,4,3,9,9,7,3,6,7,5,9,4,10,8,0
0,8,5,9,4,8,4,6,8,4,9,7,7,5,5,9,8,2,4,2,7,8,6,4,10,9,4,0,2,3,10,6,3,10,6,7,2,5,8,2,3,8,5,7,2,9,6,3,4,6,10,0
0,4,5,3,6,8,8,9,8,6,10,8,3,8,9,5,5,5,9,6,6,10,5,4,8,4,5,6,0,5,7,3,7,3,7,9,4,2,8,5,4,9,9,4,10,9,4,6,5,9,9,0
0,6,5,5,7,2,5,8,3,8,10,8,2,7,10,5,10,8,8,7,5,3,2,9,3,8,4,7,5,0,9,3,10,4,3,2,7,9,2,4,5,10,6,7,5,4,6,7,4,5,5,0
0,5,8,6,10,2,4,5,4,5,3,5,7,6,4,4,7,5,4,6,7,9,10,8,10,4,4,4,5,8,0,6,9,7,8,4,8,7,7,10,4,4,5,3,8,2,10,5,8,3,5,0
0,4,3,7,9,4,6,7,4,10,4,8,9,2,10,5,10,6,10,7,3,8,5,2,5,10,6,6,9,4,2,0,9,8,10,2,8,3,10,7,4,2,5,2,2,4,8,8,6,6,8,0
0,6,4,3,3,10,9,7,9,3,5,8,7,2,5,4,3,3,8,3,2,5,8,5,5,3,9,9,10,7,9,7,0,7,8,10,8,8,3,6,9,4,10,4,6,8,4,4,8,3,5,0
0,6,3,8,9,7,5,10,3,3,8,5,5,5,10,8,5,9,6,3,10,3,2,7,4,4,9,4,4,7,6,4,5,0,2,10,9,2,2,3,6,7,6,3,6,9,8,2,2,5,3,0
0,7,3,6,10,6,9,10,8,3,8,9,9,5,4,10,5,10,7,7,8,5,5,8,4,5,5,6,9,4,4,9,2,4,0,5,3,5,5,2,3,5,2,5,8,8,5,5,6,2,6,0
0,10,7,9,2,2,9,2,9,9,10,7,9,2,6,6,2,8,9,9,5,7,7,2,8,7,2,3,5,3,6,5,4,8,6,0,2,2,7,3,8,4,6,8,2,8,9,3,2,9,6,0
0,9,5,9,4,5,7,3,6,5,3,2,6,3,3,3,8,8,4,4,4,6,6,7,9,4,10,10,10,2,8,4,7,3,9,6,0,5,4,10,6,7,4,5,4,2,8,5,2,7,7,0
0,10,6,10,9,4,2,2,3,6,10,2,10,2,5,10,7,8,6,8,8,9,4,2,8,2,3,9,9,9,7,6,3,8,10,9,3,0,8,3,6,7,8,6,3,6,2,4,2,2,7,0
0,5,4,2,3,6,6,8,3,10,3,10,8,10,9,4,5,4,7,9,6,3,5,4,6,6,9,7,10,9,8,6,9,7,5,9,2,4,0,10,8,3,10,9,3,5,3,2,4,6,7,0
0,7,4,2,6,4,3,8,9,7,2,8,5,2,10,2,5,10,8,4,10,8,8,10,6,7,9,3,2,5,2,3,2,8,4,4,8,8,2,0,9,9,6,9,7,9,4,2,2,2,10,0
0,4,5,6,6,9,9,9,2,10,5,7,2,3,8,10,5,3,9,6,10,6,3,3,9,2,3,2,3,8,6,9,8,7,5,6,8,9,8,8,0,4,2,3,8,8,5,9,9,6,7,0
0,7,10,6,3,6,8,6,7,6,3,3,10,10,5,10,8,6,7,3,10,4,3,2,4,7,2,8,8,7,4,7,4,4,5,3,9,5,5,7,3,0,3,7,2,2,3,5,3,2,4,0
0,8,5,5,5,6,4,2,3,5,4,10,2,3,8,6,5,8,10,8,6,7,8,10,6,9,3,10,4,10,8,3,3,9,7,7,8,2,10,10,3,5,0,10,5,7,7,7,10,6,5,0
0,4,6,2,4,2,8,2,4,4,6,5,7,6,6,8,7,9,9,10,4,9,4,4,8,10,5,6,2,10,10,5,9,7,8,6,8,4,4,8,2,10,4,0,10,8,3,2,8,6,2,0
0,5,5,8,5,4,4,8,3,10,6,10,5,2,6,9,4,9,7,3,9,5,4,8,5,8,5,8,5,6,2,10,2,2,5,10,6,3,3,9,10,2,10,4,0,4,3,9,5,6,4,0
0,8,6,8,10,2,3,9,4,3,9,5,2,8,8,10,5,7,8,5,10,6,9,3,7,3,9,9,3,9,10,2,8,8,8,8,6,8,2,2,5,7,9,8,10,0,2,4,7,9,2,0
0,5,10,2,9,8,7,5,9,10,6,3,7,8,7,9,6,8,4,5,4,3,2,2,2,7,8,4,5,4,9,8,8,8,3,2,6,5,6,7,8,5,9,8,2,4,0,7,9,5,8,0
0,7,9,9,4,10,4,9,9,7,7,5,10,7,6,2,2,5,2,4,6,6,4,3,7,4,5,5,8,7,3,5,5,4,5,8,6,5,5,9,6,3,8,3,7,8,2,0,8,8,6,0
0,6,7,4,4,6,9,6,6,8,3,2,7,10,5,5,3,4,5,9,6,3,7,6,4,4,9,10,7,6,6,8,6,8,6,7,5,7,10,4,6,8,10,6,5,4,10,2,0,5,7,0
0,2,10,2,3,6,6,6,10,10,6,2,7,10,4,5,8,8,3,6,6,8,7,8,3,3,3,6,2,2,7,8,8,4,5,9,10,3,8,9,7,3,5,8,10,7,4,10,10,0,6,0
0,9,9,5,9,5,4,3,4,3,8,4,4,2,7,5,6,9,6,4,3,4,2,6,3,5,8,9,9,6,5,4,8,3,8,6,6,2,8,10,10,5,8,5,5,4,9,5,8,6,0,0
0,0,0,0,0,0,0,0,0,0,0,0,0,0,0,0,0,0,0,0,0,0,0,0,0,0,0,0,0,0,0,0,0,0,0,0,0,0,0,0,0,0,0,0,0,0,0,0,0,0,0,0