40
76 0 971 5 5
71 0 1274 4 4
38 0 1078 1 3
95 0 1855 1 5
33 0 2193 2 4
93 0 1666 3 5
24 0 1901 5 4
26 0 1841 1 3
14 0 1783 4 3
67 0 1176 3 1
51 0 1239 1 5
14 0 2087 1 4
72 0 1655 2 1
64 0 1547 5 1
14 0 2008 3 5
14 0 1701 3 2
82 0 1045 1 3
22 0 1751 4 4
40 0 1697 5 4
17 0 1558 5 4
76 0 1134 2 4
44 0 930 4 2
66 0 1348 1 3
17 0 2159 5 5
60 0 1144 4 2
98 0 1817 5 1
49 0 1647 5 1
56 0 1219 4 1
72 0 2304 2 1
23 0 1622 2 2
60 0 2200 3 4
11 0 1054 4 2
84 0 1596 2 4
50 0 1170 3 3
96 0 2137 2 3
18 0 947 4 2
44 0 1780 2 4
72 0 1611 5 4
86 0 1374 3 5
10 0 1943 1 1
