40
47 0 1188 5 4
73 0 264 4 5
45 0 128 2 2
86 0 516 3 5
31 0 430 2 5
62 0 922 1 5
38 0 547 1 5
88 0 127 1 1
56 0 707 4 3
52 0 190 5 4
38 0 586 3 5
27 0 404 4 5
73 0 321 2 3
12 0 862 5 5
26 0 1046 1 2
99 0 1035 3 4
20 0 421 5 4
44 0 856 5 1
81 0 181 2 1
59 0 966 4 5
43 0 131 5 5
22 0 397 2 3
69 0 1181 3 2
64 0 1119 5 1
90 0 990 3 3
33 0 496 1 1
83 0 634 2 2
14 0 185 3 3
90 0 1187 2 5
50 0 748 5 5
45 0 814 1 2
37 0 255 3 5
24 0 330 1 2
43 0 1056 2 3
76 0 373 3 2
97 0 813 1 2
57 0 1105 3 4
66 0 581 5 3
85 0 1214 2 1
66 0 285 2 5
