50
75 0 780 1 2
48 0 1137 1 2
53 0 1339 2 1
65 0 849 3 2
66 0 952 3 1
87 0 1014 5 2
29 0 808 4 3
81 0 1353 1 2
56 0 1427 5 3
15 0 1235 1 1
80 0 859 2 4
89 0 823 2 4
11 0 956 4 2
71 0 1434 4 5
74 0 1046 2 4
50 0 1003 1 3
92 0 1316 1 4
31 0 1431 1 1
48 0 817 1 5
40 0 975 3 2
74 0 1112 3 4
35 0 1289 5 2
41 0 727 5 2
13 0 1436 5 1
58 0 1372 3 4
98 0 872 1 1
15 0 868 4 1
93 0 1372 2 1
75 0 1037 4 3
14 0 1164 3 2
74 0 848 3 5
51 0 759 5 4
15 0 1112 5 3
79 0 1183 5 4
68 0 1469 5 1
71 0 1185 4 3
66 0 1479 1 3
49 0 1424 4 4
14 0 1448 3 3
74 0 1487 4 2
17 0 1281 1 1
85 0 768 3 3
64 0 906 1 2
18 0 1484 2 1
56 0 1059 1 1
90 0 1138 3 4
58 0 1231 5 1
11 0 1161 3 2
21 0 1437 1 4
58 0 1382 1 4
