50
63 0 1813 1 4
48 0 2210 2 2
38 0 2067 3 5
71 0 1300 5 2
86 0 1230 3 4
93 0 1626 2 1
48 0 1964 3 1
71 0 2282 5 2
93 0 1203 2 1
64 0 1908 4 5
39 0 2112 5 2
18 0 2273 2 4
58 0 1931 2 3
88 0 1829 2 2
32 0 2331 3 5
42 0 1983 5 3
85 0 1532 5 5
94 0 1213 2 1
70 0 1728 3 2
31 0 1707 5 3
47 0 1525 5 4
86 0 2001 1 5
55 0 1316 3 3
56 0 1183 1 5
26 0 1482 1 4
95 0 1934 5 5
13 0 1729 1 4
93 0 2158 2 2
53 0 1336 2 1
17 0 1284 2 1
27 0 1937 3 2
68 0 1669 5 4
56 0 2058 3 1
55 0 1645 2 2
39 0 1729 3 2
94 0 2277 2 3
10 0 2019 2 3
78 0 1655 3 2
65 0 1747 4 5
55 0 2236 4 3
42 0 2133 1 5
57 0 1198 1 1
63 0 1618 3 3
91 0 1794 2 5
45 0 1205 2 4
47 0 1638 2 3
85 0 2003 1 4
82 0 2114 5 3
93 0 1375 3 3
17 0 1515 1 4
