50
19 0 964 5 5
69 0 350 3 1
74 0 2113 5 2
38 0 2203 4 5
56 0 1093 4 2
47 0 332 4 3
23 0 1366 4 3
46 0 1165 2 4
39 0 2027 2 2
95 0 1498 3 4
88 0 1614 2 1
17 0 2041 4 3
62 0 1746 5 3
70 0 2014 2 3
83 0 2200 2 3
57 0 816 4 1
13 0 1305 4 2
50 0 584 2 3
75 0 753 1 4
90 0 846 3 4
49 0 1955 1 5
18 0 1350 4 5
94 0 2252 4 1
91 0 671 3 2
18 0 1973 5 1
13 0 2372 4 1
87 0 2183 3 1
31 0 1124 5 2
59 0 1371 5 4
38 0 1901 5 1
25 0 1376 2 2
68 0 497 1 2
60 0 1462 1 1
52 0 794 1 3
59 0 2043 4 4
68 0 2320 3 4
51 0 2197 5 2
72 0 667 3 1
15 0 744 3 2
80 0 472 2 1
67 0 1590 2 5
55 0 1228 2 5
49 0 1164 3 2
81 0 1776 4 3
25 0 595 4 3
33 0 1669 1 5
39 0 1832 2 2
29 0 2128 2 4
35 0 1270 3 2
66 0 1858 4 3
