50
70 0 833 4 2
81 0 160 3 4
50 0 580 1 4
41 0 573 4 4
59 0 458 4 4
69 0 270 3 4
29 0 716 5 4
51 0 406 5 5
25 0 776 3 1
77 0 668 3 2
71 0 217 1 5
64 0 622 4 3
82 0 707 2 5
40 0 759 5 3
47 0 567 4 1
23 0 491 2 5
30 0 610 2 1
75 0 946 2 5
78 0 182 3 2
27 0 429 2 2
52 0 747 3 4
13 0 570 2 2
23 0 551 4 3
99 0 410 1 2
17 0 886 1 1
25 0 537 1 4
90 0 233 3 3
80 0 260 4 4
12 0 865 2 3
86 0 139 3 4
63 0 429 5 3
72 0 665 4 4
29 0 750 4 2
13 0 425 4 4
13 0 828 3 1
79 0 636 2 2
72 0 805 1 1
85 0 730 1 1
82 0 801 5 3
50 0 714 4 2
62 0 882 3 2
53 0 680 1 2
66 0 475 3 5
97 0 715 2 5
83 0 498 4 2
13 0 835 4 4
72 0 676 4 4
65 0 957 1 1
79 0 842 5 2
12 0 495 1 1
