50
25 0 1984 5 2
88 0 1671 3 1
53 0 861 4 5
98 0 1411 3 5
49 0 1024 5 4
83 0 534 4 4
62 0 139 1 2
17 0 1487 3 1
99 0 1413 3 3
78 0 1014 5 1
89 0 1379 4 2
48 0 1839 1 1
11 0 230 5 1
37 0 741 2 3
12 0 1463 5 5
52 0 1791 3 3
97 0 451 5 3
27 0 1270 1 3
90 0 568 4 5
90 0 1482 4 1
75 0 751 5 1
95 0 190 5 3
51 0 2046 5 4
21 0 811 4 5
44 0 238 3 1
52 0 1322 2 3
46 0 1018 1 2
56 0 463 1 3
16 0 2056 4 3
77 0 1355 4 1
93 0 462 2 5
31 0 407 3 1
27 0 787 1 3
99 0 1509 3 3
30 0 1910 5 2
67 0 2061 3 5
82 0 1541 1 5
44 0 1169 4 1
36 0 1781 5 1
43 0 781 1 5
22 0 981 3 3
25 0 870 3 2
82 0 1333 1 2
76 0 527 1 5
14 0 1295 4 4
84 0 785 5 3
28 0 956 4 1
12 0 1303 1 1
63 0 1840 2 5
71 0 245 5 5
