60
78 0 383 4 5
78 0 471 5 3
14 0 789 1 4
34 0 975 5 4
33 0 364 5 2
99 0 550 3 3
25 0 344 1 2
48 0 912 2 2
92 0 443 2 5
20 0 662 4 4
38 0 696 4 4
28 0 942 3 5
62 0 644 5 4
13 0 599 3 2
44 0 811 4 5
40 0 712 4 1
58 0 345 2 2
47 0 879 2 5
16 0 385 3 5
59 0 704 2 5
58 0 378 5 1
66 0 708 4 3
88 0 686 3 4
16 0 386 1 2
50 0 360 3 4
91 0 813 1 3
24 0 553 2 3
82 0 365 5 3
14 0 944 1 3
95 0 666 2 3
49 0 778 1 1
85 0 840 2 3
99 0 442 2 2
50 0 857 1 2
94 0 724 1 1
71 0 577 2 5
42 0 386 5 4
84 0 939 2 1
32 0 918 1 3
27 0 627 3 2
36 0 646 3 4
92 0 630 5 3
68 0 375 2 1
71 0 567 3 1
21 0 936 3 3
79 0 556 4 4
34 0 562 3 4
89 0 877 5 4
26 0 709 4 2
67 0 444 3 1
11 0 927 5 2
13 0 546 2 3
76 0 727 4 3
35 0 856 1 1
99 0 564 5 3
31 0 684 2 1
63 0 895 2 5
98 0 456 1 2
88 0 483 3 5
84 0 460 3 2
