60
36 0 3315 2 1
46 0 2153 2 5
32 0 1813 3 4
76 0 2560 2 1
11 0 2510 5 2
37 0 3271 1 4
26 0 2335 3 5
95 0 3289 2 5
99 0 3065 2 1
81 0 3085 2 1
96 0 1903 2 1
50 0 2254 3 1
51 0 3074 4 2
39 0 3049 5 4
41 0 1916 4 4
40 0 1971 2 3
93 0 2889 2 1
41 0 3316 1 3
44 0 2659 2 1
23 0 3375 1 3
54 0 2399 2 5
20 0 2798 4 5
57 0 2289 1 2
11 0 2865 2 3
67 0 2877 1 4
66 0 2682 2 1
35 0 3181 1 4
81 0 2538 4 2
47 0 1774 1 2
63 0 3007 3 2
38 0 3191 5 3
53 0 2430 4 5
75 0 3094 4 1
47 0 1805 2 3
26 0 3168 5 3
17 0 3167 4 1
73 0 2624 1 5
48 0 2950 4 5
26 0 2192 2 4
95 0 2175 5 3
79 0 2919 1 2
86 0 3027 3 5
63 0 3120 4 5
45 0 3374 4 1
12 0 2351 1 4
13 0 2097 4 2
93 0 2460 4 2
23 0 3127 5 4
41 0 1824 5 1
19 0 2073 2 2
62 0 1983 2 4
89 0 2862 5 2
21 0 1850 4 4
74 0 2904 4 2
49 0 2343 1 1
79 0 2154 1 1
80 0 2519 4 5
88 0 1978 3 3
93 0 1807 4 2
58 0 3215 2 2
