48	26	45	11	44	25	15	1	8	13	7	29	14	20	6	18	35	19	16	50	33	47	2	37	10	23	42	12	24	4	32	43	9	49	48	30	31	3	22	36	46	17	27	5	38	41	28	40	34	21	39	3193
48	6	47	36	26	11	35	9	15	24	43	29	37	45	44	1	50	18	42	19	13	5	7	16	12	8	30	2	10	33	22	14	49	20	25	23	21	17	40	32	3	46	4	27	48	31	41	38	34	28	39	3140
48	6	26	11	17	15	19	13	35	32	9	34	49	29	37	25	45	33	48	22	1	18	42	47	44	20	8	5	31	50	7	16	2	24	12	23	10	30	3	14	36	46	43	4	27	38	41	21	39	28	40	3141
48	38	31	6	21	17	15	29	47	35	14	13	24	43	34	45	11	37	9	26	5	50	32	12	1	46	18	36	42	2	19	8	16	33	30	10	20	23	22	25	3	7	4	27	44	41	40	48	49	39	28	3176
48	6	47	33	40	15	34	13	31	24	26	17	11	22	37	49	50	41	38	35	44	8	42	43	32	9	5	30	14	1	18	29	19	7	16	46	10	21	27	20	36	45	48	2	12	23	3	4	25	28	39	3176
48	6	38	11	29	47	32	43	36	35	37	45	50	8	26	15	9	5	23	1	44	18	24	14	16	10	42	33	2	7	12	22	20	31	46	19	49	17	30	13	3	4	25	27	34	41	28	48	21	39	40	3121
48	6	47	43	34	21	26	17	29	32	7	35	9	5	12	11	20	15	1	42	18	19	44	50	28	13	24	23	30	14	16	41	31	37	8	38	46	27	10	2	45	33	36	22	49	48	3	4	25	40	39	3224
48	26	9	29	17	11	19	47	15	20	24	13	33	22	5	14	12	35	25	6	48	1	18	31	41	46	43	49	42	50	37	32	7	4	10	38	23	16	2	34	21	36	45	8	27	30	3	44	39	28	40	3133
48	26	6	7	43	41	47	44	9	32	5	49	15	35	12	11	20	22	1	50	42	18	31	29	19	46	38	17	14	45	16	37	24	8	10	13	2	25	23	33	3	4	30	27	28	36	34	48	21	40	39	3153
48	26	33	47	35	9	29	24	5	14	31	42	17	22	12	11	46	38	43	34	50	15	6	19	13	1	18	21	37	36	45	20	7	4	25	10	23	16	2	41	8	27	30	32	3	44	48	49	39	28	40	3157
48	26	6	33	47	41	7	35	31	29	37	49	9	5	50	32	15	12	22	20	11	42	1	18	30	17	19	46	14	16	38	24	43	34	45	8	10	21	25	27	28	36	13	2	23	48	3	44	4	39	40	3113
48	6	26	35	38	17	34	31	7	22	13	36	24	21	9	5	42	15	12	11	1	18	19	44	20	23	43	47	46	27	29	14	32	41	16	8	10	2	37	45	50	48	28	25	3	4	33	30	49	39	40	3157
48	6	47	35	41	38	26	43	44	36	17	7	22	13	24	9	5	15	12	29	11	42	1	18	19	34	20	23	21	27	37	48	14	50	45	16	8	10	2	25	31	3	4	32	33	49	30	46	40	28	39	3168
48	6	26	35	38	41	43	7	29	28	13	24	9	5	15	12	11	42	1	18	22	17	47	44	19	20	45	50	23	33	37	48	31	14	16	8	10	2	25	34	3	4	21	27	32	36	49	30	46	40	39	3157
48	6	47	43	41	44	26	31	7	29	13	24	9	5	15	12	11	42	1	18	22	17	35	19	20	28	45	48	50	34	23	33	37	38	14	16	8	10	2	25	3	4	21	27	32	36	49	30	46	40	39	3141
48	6	38	13	33	43	47	41	35	32	7	29	37	26	15	9	22	50	5	45	44	12	30	34	1	14	11	42	16	48	24	18	8	21	23	10	17	2	19	31	20	3	4	25	49	27	36	46	40	28	39	3181
48	6	28	13	33	7	35	31	29	37	32	26	36	15	43	9	22	47	46	50	5	45	12	30	1	14	11	42	16	24	18	44	8	23	10	17	2	19	20	3	4	25	49	27	38	34	48	41	21	40	39	3183
48	6	13	33	7	35	31	43	29	37	41	26	15	9	36	22	44	47	46	50	5	45	12	30	1	14	38	11	42	16	32	24	18	8	23	10	17	2	19	49	20	3	4	25	27	34	39	48	28	21	40	3193
48	47	21	26	6	29	7	35	13	42	24	9	5	32	15	12	11	1	18	45	22	17	19	20	23	14	16	8	10	31	33	2	50	38	41	37	36	46	49	43	25	34	27	30	48	3	44	4	40	28	39	3151
48	21	26	6	44	29	7	31	35	13	42	24	9	5	43	32	49	15	12	11	1	18	46	45	22	17	19	20	23	14	16	8	10	33	2	50	37	47	41	25	27	36	30	3	4	48	38	39	34	28	40	3204
48	21	26	6	44	29	41	7	31	35	13	42	24	9	5	47	32	15	12	11	1	18	46	45	22	17	48	19	20	23	14	16	38	8	10	33	2	50	37	36	25	49	43	34	27	30	3	4	40	28	39	3161
48	21	26	6	44	29	41	7	31	35	13	42	24	9	5	47	32	15	12	11	1	18	46	45	22	17	19	20	23	14	16	38	8	10	33	2	50	37	36	25	49	43	34	27	30	3	28	4	40	48	39	3156
48	47	21	26	6	43	29	7	35	13	42	24	9	5	32	15	12	11	1	18	34	45	22	17	19	20	23	41	38	14	16	8	10	44	31	33	2	50	37	46	25	27	36	49	48	30	3	4	28	40	39	3154
48	47	21	26	6	43	41	29	35	13	32	7	31	15	9	5	24	12	1	14	50	11	44	16	23	18	38	22	8	10	36	42	17	2	19	46	20	45	33	37	3	49	27	30	4	25	34	39	48	28	40	3172
48	6	47	41	26	29	43	46	31	13	32	33	34	38	39	35	7	44	37	45	15	50	9	22	5	12	1	14	11	16	24	21	18	8	42	23	10	17	27	30	2	36	19	49	20	3	4	25	48	28	40	3219
48	38	41	6	28	35	26	7	29	13	42	24	9	5	47	15	44	32	12	11	45	1	18	50	22	17	19	20	23	36	14	16	8	10	33	2	37	43	46	25	48	3	4	31	27	30	34	49	39	21	40	3176
48	21	26	6	47	29	7	35	13	42	24	9	5	32	15	12	11	1	18	34	45	22	17	19	20	23	38	14	16	8	10	41	44	31	33	2	50	37	43	46	25	27	48	36	49	30	3	4	40	28	39	3139
48	21	26	6	47	29	7	35	13	42	24	9	5	32	15	12	11	1	18	34	45	22	17	19	20	23	38	14	41	16	8	10	44	48	31	33	2	50	37	49	46	43	25	27	36	30	3	4	40	28	39	3139
48	21	26	6	29	41	7	43	35	13	42	24	9	5	47	32	15	12	11	1	18	34	45	22	17	19	20	23	38	14	16	8	10	44	31	33	2	50	37	46	25	36	27	30	3	49	48	4	28	40	39	3150
48	21	26	6	47	29	7	35	13	42	24	9	5	32	15	12	11	1	18	34	45	22	17	19	20	23	38	14	41	16	8	10	44	48	31	33	2	50	37	49	46	43	25	36	27	30	3	4	40	28	39	3139
48	6	44	26	31	29	50	13	33	7	37	47	15	42	9	22	5	12	35	1	34	38	32	45	14	11	16	24	18	21	8	23	10	36	17	27	30	2	19	46	43	20	3	4	25	41	48	49	40	39	28	3162
48	6	44	26	31	29	50	13	33	7	37	47	15	42	9	22	5	12	35	1	34	38	32	45	14	11	16	24	18	21	8	23	10	36	17	27	30	2	19	46	43	20	3	4	25	41	48	49	40	39	28	3162
48	21	26	6	29	7	43	31	35	13	42	24	9	5	47	32	15	12	11	1	18	46	45	22	17	19	20	23	41	38	14	16	8	10	33	49	44	48	2	50	37	40	36	25	34	27	30	3	28	4	39	3166
48	21	26	6	29	7	43	31	35	41	13	42	24	9	5	47	32	15	12	11	1	18	46	45	22	17	19	20	23	38	14	16	8	10	33	49	44	48	2	50	37	34	25	36	27	30	3	4	39	28	40	3150
48	21	26	6	29	7	43	31	35	13	42	24	9	5	47	32	15	12	11	1	18	46	45	22	17	19	20	23	41	38	14	16	8	10	33	49	44	48	2	50	37	40	34	25	36	27	30	3	28	4	39	3166
48	6	26	29	46	31	47	13	32	41	33	38	35	7	37	45	15	50	9	22	5	12	1	14	11	16	24	21	18	8	42	23	44	10	17	27	30	36	2	19	49	20	3	4	43	25	34	39	48	28	40	3168
48	6	47	26	41	29	46	31	13	32	33	38	34	35	7	37	45	15	50	9	22	5	12	1	14	11	16	24	21	18	8	42	23	44	10	17	27	30	36	2	19	49	20	3	4	43	25	48	28	40	39	3180
48	6	44	26	31	29	50	13	33	7	37	47	15	42	9	22	5	12	35	1	34	38	32	45	14	11	16	24	18	21	8	23	10	36	17	27	30	2	19	46	43	20	3	4	25	41	48	49	40	39	28	3162
48	6	26	29	46	31	47	13	32	41	33	38	35	7	37	45	15	50	9	22	5	12	1	14	11	16	24	21	18	8	42	23	44	10	17	27	30	36	2	19	49	20	3	4	43	25	34	39	48	28	40	3168
48	6	47	26	41	29	46	31	13	32	33	38	34	35	7	37	45	15	50	9	22	5	12	1	14	11	16	24	21	18	8	42	23	44	10	17	27	30	36	2	19	49	20	3	4	43	25	48	28	40	39	3180
48	21	26	6	29	7	31	35	13	42	24	9	5	47	32	15	12	11	1	18	46	45	22	17	19	20	23	38	14	16	8	41	10	33	43	44	2	50	37	36	25	34	27	30	3	49	48	28	4	39	40	3161
48	21	26	6	29	7	43	31	35	41	13	42	24	9	5	47	32	15	12	11	1	18	46	45	22	17	19	20	23	38	14	16	8	10	33	49	44	48	2	50	37	34	25	36	27	30	3	4	39	28	40	3150
48	6	26	29	46	31	47	13	32	41	33	38	35	7	37	45	15	50	9	22	5	12	1	14	11	16	24	21	18	8	42	23	44	10	17	27	30	36	2	19	49	20	3	4	43	25	34	39	48	28	40	3168
48	21	26	6	29	7	31	35	13	42	24	9	5	47	32	15	12	11	1	18	46	45	22	17	19	20	23	38	14	16	8	41	10	33	43	44	2	50	37	34	25	36	27	30	3	49	48	28	4	39	40	3161
48	6	26	29	46	31	47	13	32	41	33	38	35	7	37	45	15	50	9	22	5	12	1	14	11	16	24	21	18	8	42	23	44	10	17	27	30	36	2	19	49	20	3	4	43	25	34	39	48	28	40	3168
48	6	47	26	41	29	46	31	13	32	33	38	34	35	7	37	45	15	50	9	22	5	12	1	14	11	16	24	21	18	8	42	23	44	10	17	27	30	36	2	19	49	20	3	4	43	25	48	28	40	39	3180
48	6	26	29	46	31	47	13	32	41	33	38	35	7	37	45	15	50	9	22	5	12	1	14	11	16	24	21	18	8	42	23	44	10	17	27	30	36	2	19	49	20	3	4	43	25	34	39	48	28	40	3168
48	21	26	6	29	7	43	31	35	41	13	42	24	9	5	47	32	15	12	11	1	18	46	45	22	17	19	20	23	38	14	16	8	10	33	49	44	48	2	50	37	34	25	36	27	30	3	4	39	28	40	3150
48	21	26	6	29	7	43	34	31	35	13	42	24	9	5	47	32	15	12	11	1	18	46	45	22	17	19	20	23	38	41	14	16	8	10	33	44	2	50	48	37	36	25	49	27	30	3	4	40	28	39	3172
48	6	47	26	41	29	46	31	13	32	33	38	34	35	7	37	45	15	50	9	22	5	12	1	14	11	16	24	21	18	8	42	23	44	10	17	27	30	36	2	19	49	20	3	4	43	25	48	28	40	39	3180
48	6	26	29	46	31	47	13	32	41	33	38	35	7	37	45	15	50	9	22	5	12	1	14	11	16	24	21	18	8	42	23	44	10	17	27	30	36	2	19	49	20	3	4	43	25	34	39	48	28	40	3168
48	6	47	26	41	29	46	31	13	32	33	38	34	35	7	37	45	15	50	9	22	5	12	1	14	11	16	24	21	18	8	42	23	44	10	17	27	30	36	2	19	49	20	3	4	43	25	48	28	40	39	3180
48	21	26	6	29	7	31	35	13	42	24	9	5	47	32	15	12	11	1	18	46	45	22	17	19	20	23	38	14	16	8	41	10	33	43	44	2	50	37	36	25	34	27	30	3	49	48	28	4	39	40	3161
48	6	26	29	46	31	47	13	32	41	33	38	35	7	37	45	15	50	9	22	5	12	1	14	11	16	24	21	18	8	42	23	44	10	17	27	30	36	2	19	49	20	3	4	43	25	34	39	48	28	40	3168
48	21	26	6	29	7	43	31	35	41	13	42	24	9	5	47	32	15	12	11	1	18	46	45	22	17	19	20	23	38	14	16	8	10	33	49	44	48	2	50	37	34	25	36	27	30	3	4	39	28	40	3150
48	6	47	26	41	29	46	31	13	32	33	38	34	35	7	37	45	15	50	9	22	5	12	1	14	11	16	24	21	18	8	42	23	44	10	17	27	30	36	2	19	49	20	3	4	43	25	48	28	40	39	3180
48	6	47	26	41	29	46	31	13	32	33	38	34	35	7	37	45	15	50	9	22	5	12	1	14	11	16	24	21	18	8	42	23	44	10	17	27	30	36	2	19	49	20	3	4	43	25	48	28	40	39	3180
48	6	47	26	41	29	46	31	13	32	33	38	34	35	7	37	45	15	50	9	22	5	12	1	14	11	16	24	21	18	8	42	23	44	10	17	27	30	36	2	19	49	20	3	4	43	25	48	28	40	39	3180
48	6	26	29	46	31	47	13	32	41	33	38	35	7	37	45	15	50	9	22	5	12	1	14	11	16	24	21	18	8	42	23	44	10	17	27	30	36	2	19	49	20	3	4	43	25	34	39	48	28	40	3168
48	6	26	29	46	31	47	13	32	41	33	38	35	7	37	45	15	50	9	22	5	12	1	14	11	16	24	21	18	8	42	23	44	10	17	27	30	36	2	19	49	20	3	4	43	25	34	39	48	28	40	3168
48	6	26	29	46	31	47	13	32	41	33	38	35	7	37	45	15	50	9	22	5	12	1	14	11	16	24	21	18	8	42	23	44	10	17	27	30	36	2	19	49	20	3	4	43	25	34	39	48	28	40	3168
48	21	26	6	29	7	43	34	31	35	13	42	24	9	5	47	32	15	12	11	1	18	46	45	22	17	19	20	23	38	41	14	16	8	10	33	44	2	50	48	37	36	25	49	27	30	3	4	40	28	39	3172
48	6	47	26	41	29	46	31	13	32	33	38	34	35	7	37	45	15	50	9	22	5	12	1	14	11	16	24	21	18	8	42	23	44	10	17	27	30	36	2	19	49	20	3	4	43	25	48	28	40	39	3180
48	21	26	6	29	7	31	35	13	42	24	9	5	47	32	15	12	11	1	18	46	45	22	17	19	20	23	38	14	16	8	41	10	33	43	44	2	50	37	34	25	36	27	30	3	49	48	28	4	39	40	3161
48	6	26	29	46	31	47	13	32	41	33	38	35	7	37	45	15	50	9	22	5	12	1	14	11	16	24	21	18	8	42	23	44	10	17	27	30	36	2	19	49	20	3	4	43	25	34	39	48	28	40	3168
48	6	47	26	41	29	46	31	13	32	33	38	34	35	7	37	45	15	50	9	22	5	12	1	14	11	16	24	21	18	8	42	23	44	10	17	27	30	36	2	19	49	20	3	4	43	25	48	28	40	39	3180
48	6	47	26	41	29	46	31	13	32	33	38	34	35	7	37	45	15	50	9	22	5	12	1	14	11	16	24	21	18	8	42	23	44	10	17	27	30	36	2	19	49	20	3	4	43	25	48	28	40	39	3180
48	6	26	29	46	31	47	13	32	41	33	38	35	7	37	45	15	50	9	22	5	12	1	14	11	16	24	21	18	8	42	23	44	10	17	27	30	36	2	19	49	20	3	4	43	25	34	39	48	28	40	3168
48	6	26	29	46	31	47	13	32	41	33	38	35	7	37	45	15	50	9	22	5	12	1	14	11	16	24	21	18	8	42	23	44	10	17	27	30	36	2	19	49	20	3	4	43	25	34	39	48	28	40	3168
48	6	26	29	46	31	47	13	32	41	33	38	35	7	37	45	15	50	9	22	5	12	1	14	11	16	24	21	18	8	42	23	44	10	17	27	30	36	2	19	49	20	3	4	43	25	34	39	48	28	40	3168
48	6	26	29	46	31	47	13	32	41	33	38	35	7	37	45	15	50	9	22	5	12	1	14	11	16	24	21	18	8	42	23	44	10	17	27	30	36	2	19	49	20	3	4	43	25	34	39	48	28	40	3168
48	6	47	26	41	29	46	31	13	32	33	38	34	35	7	37	45	15	50	9	22	5	12	1	14	11	16	24	21	18	8	42	23	44	10	17	27	30	36	2	19	49	20	3	4	43	25	48	28	40	39	3180
48	21	26	6	29	7	43	31	35	41	13	42	24	9	5	47	32	15	12	11	1	18	46	45	22	17	19	20	23	38	14	16	8	10	33	49	44	48	2	50	37	36	25	34	27	30	3	28	4	39	40	3142
48	6	26	29	46	31	47	13	32	41	33	38	35	7	37	45	15	50	9	22	5	12	1	14	11	16	24	21	18	8	42	23	44	10	17	27	30	36	2	19	49	20	3	4	43	25	34	39	48	28	40	3168
48	6	26	29	46	31	47	13	32	41	33	38	35	7	37	45	15	50	9	22	5	12	1	14	11	16	24	21	18	8	42	23	44	10	17	27	30	36	2	19	49	20	3	4	43	25	34	39	48	28	40	3168
48	6	26	29	46	31	47	13	32	41	33	38	35	7	37	45	15	50	9	22	5	12	1	14	11	16	24	21	18	8	42	23	44	10	17	27	30	36	2	19	49	20	3	4	43	25	34	39	48	28	40	3168
48	6	26	29	46	31	47	13	32	41	33	38	35	7	37	45	15	50	9	22	5	12	1	14	11	16	24	21	18	8	42	23	44	10	17	27	30	36	2	19	49	20	3	4	43	25	34	39	48	28	40	3168
48	6	47	26	41	29	46	31	13	32	33	38	34	35	7	37	45	15	50	9	22	5	12	1	14	11	16	24	21	18	8	42	23	44	10	17	27	30	36	2	19	49	20	3	4	43	25	48	28	40	39	3180
48	6	47	26	41	29	46	31	13	32	33	38	34	35	7	37	45	15	50	9	22	5	12	1	14	11	16	24	21	18	8	42	23	44	10	17	27	30	36	2	19	49	20	3	4	43	25	48	28	40	39	3180
48	6	26	29	46	31	47	13	32	41	33	38	35	7	37	45	15	50	9	22	5	12	1	14	11	16	24	21	18	8	42	23	44	10	17	27	30	36	2	19	49	20	3	4	43	25	34	39	48	28	40	3168
48	6	47	26	41	29	46	31	13	32	33	38	34	35	7	37	45	15	50	9	22	5	12	1	14	11	16	24	21	18	8	42	23	44	10	17	27	30	36	2	19	49	20	3	4	43	25	48	28	40	39	3180
48	21	26	6	29	7	31	35	13	42	24	9	5	47	32	15	12	11	1	18	46	45	22	17	19	20	23	41	38	14	16	8	10	33	44	2	50	48	28	49	43	37	36	25	34	27	30	3	4	39	40	3156
48	6	26	29	46	31	47	13	32	41	33	38	35	7	37	45	15	50	9	22	5	12	1	14	11	16	24	21	18	8	42	23	44	10	17	27	30	36	2	19	49	20	3	4	43	25	34	39	48	28	40	3168
48	6	26	29	46	31	47	13	32	41	33	38	35	7	37	45	15	50	9	22	5	12	1	14	11	16	24	21	18	8	42	23	44	10	17	27	30	36	2	19	49	20	3	4	43	25	34	39	48	28	40	3168
48	6	26	29	46	31	47	13	32	41	33	38	35	7	37	45	15	50	9	22	5	12	1	14	11	16	24	21	18	8	42	23	44	10	17	27	30	36	2	19	49	20	3	4	43	25	34	39	48	28	40	3168
48	6	26	29	46	31	47	13	32	41	33	38	35	7	37	45	15	50	9	22	5	12	1	14	11	16	24	21	18	8	42	23	44	10	17	27	30	36	2	19	49	20	3	4	43	25	34	39	48	28	40	3168
48	6	47	26	41	29	46	31	13	32	33	38	34	35	7	37	45	15	50	9	22	5	12	1	14	11	16	24	21	18	8	42	23	44	10	17	27	30	36	2	19	49	20	3	4	43	25	48	28	40	39	3180
48	6	47	26	41	29	46	31	13	32	33	38	34	35	7	37	45	15	50	9	22	5	12	1	14	11	16	24	21	18	8	42	23	44	10	17	27	30	36	2	19	49	20	3	4	43	25	48	28	40	39	3180
48	6	26	29	46	31	47	13	32	41	33	38	35	7	37	45	15	50	9	22	5	12	1	14	11	16	24	21	18	8	42	23	44	10	17	27	30	36	2	19	49	20	3	4	43	25	34	39	48	28	40	3168
48	6	26	29	46	31	47	13	32	41	33	38	35	7	37	45	15	50	9	22	5	12	1	14	11	16	24	21	18	8	42	23	44	10	17	27	30	36	2	19	49	20	3	4	43	25	34	39	48	28	40	3168
48	21	26	6	29	7	43	34	31	35	13	42	24	9	5	47	32	15	12	11	1	18	46	45	22	17	19	20	23	38	41	14	16	8	10	33	44	2	50	48	37	36	25	49	27	30	3	4	40	28	39	3172
48	6	26	29	46	31	47	13	32	41	33	38	35	7	37	45	15	50	9	22	5	12	1	14	11	16	24	21	18	8	42	23	44	10	17	27	30	36	2	19	49	20	3	4	43	25	34	39	48	28	40	3168
48	6	47	26	41	29	46	31	13	32	33	38	34	35	7	37	45	15	50	9	22	5	12	1	14	11	16	24	21	18	8	42	23	44	10	17	27	30	36	2	19	49	20	3	4	43	25	48	28	40	39	3180
48	6	47	26	41	29	46	31	13	32	33	38	34	35	7	37	45	15	50	9	22	5	12	1	14	11	16	24	21	18	8	42	23	44	10	17	27	30	36	2	19	49	20	3	4	43	25	48	28	40	39	3180
48	6	26	29	46	31	47	13	32	41	33	38	35	7	37	45	15	50	9	22	5	12	1	14	11	16	24	21	18	8	42	23	44	10	17	27	30	36	2	19	49	20	3	4	43	25	34	39	48	28	40	3168
48	6	26	29	46	31	47	13	32	41	33	38	35	7	37	45	15	50	9	22	5	12	1	14	11	16	24	21	18	8	42	23	44	10	17	27	30	36	2	19	49	20	3	4	43	25	34	39	48	28	40	3168
48	6	47	26	41	29	46	31	13	32	33	38	34	35	7	37	45	15	50	9	22	5	12	1	14	11	16	24	21	18	8	42	23	44	10	17	27	30	36	2	19	49	20	3	4	43	25	48	28	40	39	3180
48	6	26	29	46	31	47	13	32	41	33	38	35	7	37	45	15	50	9	22	5	12	1	14	11	16	24	21	18	8	42	23	44	10	17	27	30	36	2	19	49	20	3	4	43	25	34	39	48	28	40	3168
48	6	26	29	46	31	47	13	32	41	33	38	35	7	37	45	15	50	9	22	5	12	1	14	11	16	24	21	18	8	42	23	44	10	17	27	30	36	2	19	49	20	3	4	43	25	34	39	48	28	40	3168
48	21	26	6	29	7	43	34	31	35	13	42	24	9	5	47	32	15	12	11	1	18	46	45	22	17	19	20	23	38	41	14	16	8	10	33	44	2	50	48	37	49	25	36	27	30	3	4	40	28	39	3172
48	6	26	29	46	31	47	13	32	41	33	38	35	7	37	45	15	50	9	22	5	12	1	14	11	16	24	21	18	8	42	23	44	10	17	27	30	36	2	19	49	20	3	4	43	25	34	39	48	28	40	3168
48	6	47	26	41	29	46	31	13	32	33	38	34	35	7	37	45	15	50	9	22	5	12	1	14	11	16	24	21	18	8	42	23	44	10	17	27	30	36	2	19	49	20	3	4	43	25	48	28	40	39	3180
48	6	47	26	41	29	46	31	13	32	33	38	34	35	7	37	45	15	50	9	22	5	12	1	14	11	16	24	21	18	8	42	23	44	10	17	27	30	36	2	19	49	20	3	4	43	25	48	28	40	39	3180
48	6	26	29	46	31	47	13	32	41	33	38	35	7	37	45	15	50	9	22	5	12	1	14	11	16	24	21	18	8	42	23	44	10	17	27	30	36	2	19	49	20	3	4	43	25	34	39	48	28	40	3168
48	6	26	29	46	31	47	13	32	41	33	38	35	7	37	45	15	50	9	22	5	12	1	14	11	16	24	21	18	8	42	23	44	10	17	27	30	36	2	19	49	20	3	4	43	25	34	39	48	28	40	3168
48	6	26	29	46	31	47	13	32	41	33	38	35	7	37	45	15	50	9	22	5	12	1	14	11	16	24	21	18	8	42	23	44	10	17	27	30	36	2	19	49	20	3	4	43	25	34	39	48	28	40	3168
48	6	26	29	46	31	47	13	32	41	33	38	35	7	37	45	15	50	9	22	5	12	1	14	11	16	24	21	18	8	42	23	44	10	17	27	30	36	2	19	49	20	3	4	43	25	34	39	48	28	40	3168
48	6	47	26	41	29	46	31	13	32	33	38	34	35	7	37	45	15	50	9	22	5	12	1	14	11	16	24	21	18	8	42	23	44	10	17	27	30	36	2	19	49	20	3	4	43	25	48	28	40	39	3180
48	21	26	6	29	7	43	31	35	41	13	42	24	9	5	47	32	15	12	11	1	18	46	45	22	17	19	20	23	38	14	16	8	10	33	49	44	48	2	50	37	36	25	34	27	30	3	28	4	39	40	3142
48	6	26	29	46	31	47	13	32	41	33	38	35	7	37	45	15	50	9	22	5	12	1	14	11	16	24	21	18	8	42	23	44	10	17	27	30	36	2	19	49	20	3	4	43	25	34	39	48	28	40	3168
48	6	26	29	46	31	47	13	32	41	33	38	35	7	37	45	15	50	9	22	5	12	1	14	11	16	24	21	18	8	42	23	44	10	17	27	30	36	2	19	49	20	3	4	43	25	34	39	48	28	40	3168
48	6	47	26	41	29	46	31	13	32	33	38	34	35	7	37	45	15	50	9	22	5	12	1	14	11	16	24	21	18	8	42	23	44	10	17	27	30	36	2	19	49	20	3	4	43	25	48	28	40	39	3180
48	6	26	29	46	31	47	13	32	41	33	38	35	7	37	45	15	50	9	22	5	12	1	14	11	16	24	21	18	8	42	23	44	10	17	27	30	36	2	19	49	20	3	4	43	25	34	39	48	28	40	3168
48	6	47	26	41	29	46	31	13	32	33	38	34	35	7	37	45	15	50	9	22	5	12	1	14	11	16	24	21	18	8	42	23	44	10	17	27	30	36	2	19	49	20	3	4	43	25	48	28	40	39	3180
48	6	26	29	46	31	47	13	32	41	33	38	35	7	37	45	15	50	9	22	5	12	1	14	11	16	24	21	18	8	42	23	44	10	17	27	30	36	2	19	49	20	3	4	43	25	34	39	48	28	40	3168
48	6	26	29	46	31	47	13	32	41	33	38	35	7	37	45	15	50	9	22	5	12	1	14	11	16	24	21	18	8	42	23	44	10	17	27	30	36	2	19	49	20	3	4	43	25	34	39	48	28	40	3168
48	6	26	29	46	31	47	13	32	41	33	38	35	7	37	45	15	50	9	22	5	12	1	14	11	16	24	21	18	8	42	23	44	10	17	27	30	36	2	19	49	20	3	4	43	25	34	39	48	28	40	3168
48	21	26	6	29	7	43	31	35	41	13	42	24	9	5	47	32	15	12	11	1	18	46	45	22	17	19	20	23	38	14	16	8	10	33	49	44	48	2	50	37	36	25	34	27	30	3	28	4	39	40	3142
48	6	26	29	46	31	47	13	32	41	33	38	35	7	37	45	15	50	9	22	5	12	1	14	11	16	24	21	18	8	42	23	44	10	17	27	30	36	2	19	49	20	3	4	43	25	34	39	48	28	40	3168
48	6	26	29	46	31	47	13	32	41	33	38	35	7	37	45	15	50	9	22	5	12	1	14	11	16	24	21	18	8	42	23	44	10	17	27	30	36	2	19	49	20	3	4	43	25	34	39	48	28	40	3168
48	6	26	29	46	31	47	13	32	41	33	38	35	7	37	45	15	50	9	22	5	12	1	14	11	16	24	21	18	8	42	23	44	10	17	27	30	36	2	19	49	20	3	4	43	25	34	39	48	28	40	3168
48	6	26	29	46	31	47	13	32	41	33	38	35	7	37	45	15	50	9	22	5	12	1	14	11	16	24	21	18	8	42	23	44	10	17	27	30	36	2	19	49	20	3	4	43	25	34	39	48	28	40	3168
48	6	47	26	41	29	46	31	13	32	33	38	34	35	7	37	45	15	50	9	22	5	12	1	14	11	16	24	21	18	8	42	23	44	10	17	27	30	36	2	19	49	20	3	4	43	25	48	28	40	39	3180
48	6	47	26	41	29	46	31	13	32	33	38	34	35	7	37	45	15	50	9	22	5	12	1	14	11	16	24	21	18	8	42	23	44	10	17	27	30	36	2	19	49	20	3	4	43	25	48	28	40	39	3180
48	6	26	29	46	31	47	13	32	41	33	38	35	7	37	45	15	50	9	22	5	12	1	14	11	16	24	21	18	8	42	23	44	10	17	27	30	36	2	19	49	20	3	4	43	25	34	39	48	28	40	3168
48	6	26	29	46	31	47	13	32	41	33	38	35	7	37	45	15	50	9	22	5	12	1	14	11	16	24	21	18	8	42	23	44	10	17	27	30	36	2	19	49	20	3	4	43	25	34	39	48	28	40	3168
48	21	26	6	29	7	43	34	31	35	13	42	24	9	5	47	32	15	12	11	1	18	46	45	22	17	19	20	23	38	41	14	16	8	10	33	44	2	50	48	37	36	25	49	27	30	3	4	40	28	39	3172
48	6	47	26	41	29	46	31	13	32	33	38	34	35	7	37	45	15	50	9	22	5	12	1	14	11	16	24	21	18	8	42	23	44	10	17	27	30	36	2	19	49	20	3	4	43	25	48	28	40	39	3180
48	6	47	26	41	29	46	31	13	32	33	38	34	35	7	37	45	15	50	9	22	5	12	1	14	11	16	24	21	18	8	42	23	44	10	17	27	30	36	2	19	49	20	3	4	43	25	48	28	40	39	3180
48	6	26	29	46	31	47	13	32	41	33	38	35	7	37	45	15	50	9	22	5	12	1	14	11	16	24	21	18	8	42	23	44	10	17	27	30	36	2	19	49	20	3	4	43	25	34	39	48	28	40	3168
48	6	26	29	46	31	47	13	32	41	33	38	35	7	37	45	15	50	9	22	5	12	1	14	11	16	24	21	18	8	42	23	44	10	17	27	30	36	2	19	49	20	3	4	43	25	34	39	48	28	40	3168
48	6	26	29	46	31	47	13	32	41	33	38	35	7	37	45	15	50	9	22	5	12	1	14	11	16	24	21	18	8	42	23	44	10	17	27	30	36	2	19	49	20	3	4	43	25	34	39	48	28	40	3168
48	6	47	26	41	29	46	31	13	32	33	38	34	35	7	37	45	15	50	9	22	5	12	1	14	11	16	24	21	18	8	42	23	44	10	17	27	30	36	2	19	49	20	3	4	43	25	48	28	40	39	3180
48	6	26	29	46	31	47	13	32	41	33	38	35	7	37	45	15	50	9	22	5	12	1	14	11	16	24	21	18	8	42	23	44	10	17	27	30	36	2	19	49	20	3	4	43	25	34	39	48	28	40	3168
48	6	47	26	41	29	46	31	13	32	33	38	34	35	7	37	45	15	50	9	22	5	12	1	14	11	16	24	21	18	8	42	23	44	10	17	27	30	36	2	19	49	20	3	4	43	25	48	28	40	39	3180
48	21	26	6	29	7	43	34	31	35	13	42	24	9	5	47	32	15	12	11	1	18	46	45	22	17	19	20	23	38	41	14	16	8	10	33	44	2	50	48	37	49	25	36	27	30	3	4	40	28	39	3172
48	6	26	29	46	31	47	13	32	41	33	38	35	7	37	45	15	50	9	22	5	12	1	14	11	16	24	21	18	8	42	23	44	10	17	27	30	36	2	19	49	20	3	4	43	25	34	39	48	28	40	3168
48	6	47	26	41	29	46	31	13	32	33	38	34	35	7	37	45	15	50	9	22	5	12	1	14	11	16	24	21	18	8	42	23	44	10	17	27	30	36	2	19	49	20	3	4	43	25	48	28	40	39	3180
48	6	47	26	41	29	46	31	13	32	33	38	34	35	7	37	45	15	50	9	22	5	12	1	14	11	16	24	21	18	8	42	23	44	10	17	27	30	36	2	19	49	20	3	4	43	25	48	28	40	39	3180
48	6	26	29	46	31	47	13	32	41	33	38	35	7	37	45	15	50	9	22	5	12	1	14	11	16	24	21	18	8	42	23	44	10	17	27	30	36	2	19	49	20	3	4	43	25	34	39	48	28	40	3168
48	6	26	29	46	31	47	13	32	41	33	38	35	7	37	45	15	50	9	22	5	12	1	14	11	16	24	21	18	8	42	23	44	10	17	27	30	36	2	19	49	20	3	4	43	25	34	39	48	28	40	3168
48	6	26	29	46	31	47	13	32	41	33	38	35	7	37	45	15	50	9	22	5	12	1	14	11	16	24	21	18	8	42	23	44	10	17	27	30	36	2	19	49	20	3	4	43	25	34	39	48	28	40	3168
48	6	47	26	41	29	46	31	13	32	33	38	34	35	7	37	45	15	50	9	22	5	12	1	14	11	16	24	21	18	8	42	23	44	10	17	27	30	36	2	19	49	20	3	4	43	25	48	28	40	39	3180
48	6	47	26	41	29	46	31	13	32	33	38	34	35	7	37	45	15	50	9	22	5	12	1	14	11	16	24	21	18	8	42	23	44	10	17	27	30	36	2	19	49	20	3	4	43	25	48	28	40	39	3180
48	21	26	6	29	7	43	31	35	41	13	42	24	9	5	47	32	15	12	11	1	18	46	45	22	17	19	20	23	38	14	16	8	10	33	49	44	48	2	50	37	36	25	34	27	30	3	28	4	39	40	3142
48	6	26	29	46	31	47	13	32	41	33	38	35	7	37	45	15	50	9	22	5	12	1	14	11	16	24	21	18	8	42	23	44	10	17	27	30	36	2	19	49	20	3	4	43	25	34	39	48	28	40	3168
48	6	26	29	46	31	47	13	32	41	33	38	35	7	37	45	15	50	9	22	5	12	1	14	11	16	24	21	18	8	42	23	44	10	17	27	30	36	2	19	49	20	3	4	43	25	34	39	48	28	40	3168
48	6	26	29	46	31	47	13	32	41	33	38	35	7	37	45	15	50	9	22	5	12	1	14	11	16	24	21	18	8	42	23	44	10	17	27	30	36	2	19	49	20	3	4	43	25	34	39	48	28	40	3168
48	6	47	26	41	29	46	31	13	32	33	38	34	35	7	37	45	15	50	9	22	5	12	1	14	11	16	24	21	18	8	42	23	44	10	17	27	30	36	2	19	49	20	3	4	43	25	48	28	40	39	3180
48	6	47	26	41	29	46	31	13	32	33	38	34	35	7	37	45	15	50	9	22	5	12	1	14	11	16	24	21	18	8	42	23	44	10	17	27	30	36	2	19	49	20	3	4	43	25	48	28	40	39	3180
48	6	26	29	46	31	47	13	32	41	33	38	35	7	37	45	15	50	9	22	5	12	1	14	11	16	24	21	18	8	42	23	44	10	17	27	30	36	2	19	49	20	3	4	43	25	34	39	48	28	40	3168
48	6	26	29	46	31	47	13	32	41	33	38	35	7	37	45	15	50	9	22	5	12	1	14	11	16	24	21	18	8	42	23	44	10	17	27	30	36	2	19	49	20	3	4	43	25	34	39	48	28	40	3168
48	6	47	26	41	29	46	31	13	32	33	38	34	35	7	37	45	15	50	9	22	5	12	1	14	11	16	24	21	18	8	42	23	44	10	17	27	30	36	2	19	49	20	3	4	43	25	48	28	40	39	3180
48	21	26	6	29	7	43	31	35	41	13	42	24	9	5	47	32	15	12	11	1	18	46	45	22	17	19	20	23	38	14	16	8	10	33	49	44	48	2	50	37	36	25	34	27	30	3	28	4	39	40	3142
48	6	26	29	46	31	47	13	32	41	33	38	35	7	37	45	15	50	9	22	5	12	1	14	11	16	24	21	18	8	42	23	44	10	17	27	30	36	2	19	49	20	3	4	43	25	34	39	48	28	40	3168
48	6	26	29	46	31	47	13	32	41	33	38	35	7	37	45	15	50	9	22	5	12	1	14	11	16	24	21	18	8	42	23	44	10	17	27	30	36	2	19	49	20	3	4	43	25	34	39	48	28	40	3168
48	6	26	29	46	31	47	13	32	41	33	38	35	7	37	45	15	50	9	22	5	12	1	14	11	16	24	21	18	8	42	23	44	10	17	27	30	36	2	19	49	20	3	4	43	25	34	39	48	28	40	3168
48	6	26	29	46	31	47	13	32	41	33	38	35	7	37	45	15	50	9	22	5	12	1	14	11	16	24	21	18	8	42	23	44	10	17	27	30	36	2	19	49	20	3	4	43	25	34	39	48	28	40	3168
48	6	47	26	41	29	46	31	13	32	33	38	34	35	7	37	45	15	50	9	22	5	12	1	14	11	16	24	21	18	8	42	23	44	10	17	27	30	36	2	19	49	20	3	4	43	25	48	28	40	39	3180
48	6	47	26	41	29	46	31	13	32	33	38	34	35	7	37	45	15	50	9	22	5	12	1	14	11	16	24	21	18	8	42	23	44	10	17	27	30	36	2	19	49	20	3	4	43	25	48	28	40	39	3180
48	6	26	29	46	31	47	13	32	41	33	38	35	7	37	45	15	50	9	22	5	12	1	14	11	16	24	21	18	8	42	23	44	10	17	27	30	36	2	19	49	20	3	4	43	25	34	39	48	28	40	3168
48	6	26	29	46	31	47	13	32	41	33	38	35	7	37	45	15	50	9	22	5	12	1	14	11	16	24	21	18	8	42	23	44	10	17	27	30	36	2	19	49	20	3	4	43	25	34	39	48	28	40	3168
48	21	26	6	29	7	43	34	31	35	13	42	24	9	5	47	32	15	12	11	1	18	46	45	22	17	19	20	23	38	41	14	16	8	10	33	44	2	50	48	37	36	25	49	27	30	3	4	40	28	39	3172
48	6	47	26	41	29	46	31	13	32	33	38	34	35	7	37	45	15	50	9	22	5	12	1	14	11	16	24	21	18	8	42	23	44	10	17	27	30	36	2	19	49	20	3	4	43	25	48	28	40	39	3180
48	6	47	26	41	29	46	31	13	32	33	38	34	35	7	37	45	15	50	9	22	5	12	1	14	11	16	24	21	18	8	42	23	44	10	17	27	30	36	2	19	49	20	3	4	43	25	48	28	40	39	3180
48	6	47	26	41	29	46	31	13	32	33	38	34	35	7	37	45	15	50	9	22	5	12	1	14	11	16	24	21	18	8	42	23	44	10	17	27	30	36	2	19	49	20	3	4	43	25	48	28	40	39	3180
48	6	26	29	46	31	47	13	32	41	33	38	35	7	37	45	15	50	9	22	5	12	1	14	11	16	24	21	18	8	42	23	44	10	17	27	30	36	2	19	49	20	3	4	43	25	34	39	48	28	40	3168
48	6	26	29	46	31	47	13	32	41	33	38	35	7	37	45	15	50	9	22	5	12	1	14	11	16	24	21	18	8	42	23	44	10	17	27	30	36	2	19	49	20	3	4	43	25	34	39	48	28	40	3168
48	6	47	26	41	29	46	31	13	32	33	38	34	35	7	37	45	15	50	9	22	5	12	1	14	11	16	24	21	18	8	42	23	44	10	17	27	30	36	2	19	49	20	3	4	43	25	48	28	40	39	3180
48	6	47	26	41	29	46	31	13	32	33	38	34	35	7	37	45	15	50	9	22	5	12	1	14	11	16	24	21	18	8	42	23	44	10	17	27	30	36	2	19	49	20	3	4	43	25	48	28	40	39	3180
48	6	26	29	46	31	47	13	32	41	33	38	35	7	37	45	15	50	9	22	5	12	1	14	11	16	24	21	18	8	42	23	44	10	17	27	30	36	2	19	49	20	3	4	43	25	34	39	48	28	40	3168
48	21	26	6	29	7	43	34	31	35	13	42	24	9	5	47	32	15	12	11	1	18	46	45	22	17	19	20	23	38	41	14	16	8	10	33	44	2	50	48	37	49	25	36	27	30	3	4	40	28	39	3172
48	6	26	29	46	31	47	13	32	41	33	38	35	7	37	45	15	50	9	22	5	12	1	14	11	16	24	21	18	8	42	23	44	10	17	27	30	36	2	19	49	20	3	4	43	25	34	39	48	28	40	3168
48	6	47	26	41	29	46	31	13	32	33	38	34	35	7	37	45	15	50	9	22	5	12	1	14	11	16	24	21	18	8	42	23	44	10	17	27	30	36	2	19	49	20	3	4	43	25	48	28	40	39	3180
48	6	47	26	41	29	46	31	13	32	33	38	34	35	7	37	45	15	50	9	22	5	12	1	14	11	16	24	21	18	8	42	23	44	10	17	27	30	36	2	19	49	20	3	4	43	25	48	28	40	39	3180
48	6	26	29	46	31	47	13	32	41	33	38	35	7	37	45	15	50	9	22	5	12	1	14	11	16	24	21	18	8	42	23	44	10	17	27	30	36	2	19	49	20	3	4	43	25	34	39	48	28	40	3168
48	6	26	29	46	31	47	13	32	41	33	38	35	7	37	45	15	50	9	22	5	12	1	14	11	16	24	21	18	8	42	23	44	10	17	27	30	36	2	19	49	20	3	4	43	25	34	39	48	28	40	3168
48	6	26	29	46	31	47	13	32	41	33	38	35	7	37	45	15	50	9	22	5	12	1	14	11	16	24	21	18	8	42	23	44	10	17	27	30	36	2	19	49	20	3	4	43	25	34	39	48	28	40	3168
48	6	26	29	46	31	47	13	32	41	33	38	35	7	37	45	15	50	9	22	5	12	1	14	11	16	24	21	18	8	42	23	44	10	17	27	30	36	2	19	49	20	3	4	43	25	34	39	48	28	40	3168
48	6	47	26	41	29	46	31	13	32	33	38	34	35	7	37	45	15	50	9	22	5	12	1	14	11	16	24	21	18	8	42	23	44	10	17	27	30	36	2	19	49	20	3	4	43	25	48	28	40	39	3180
48	21	26	6	29	7	43	31	35	41	13	42	24	9	5	47	32	15	12	11	1	18	46	45	22	17	19	20	23	38	14	16	8	10	33	49	44	48	2	50	37	36	25	34	27	30	3	28	4	39	40	3142
48	6	26	29	46	31	47	13	32	41	33	38	35	7	37	45	15	50	9	22	5	12	1	14	11	16	24	21	18	8	42	23	44	10	17	27	30	36	2	19	49	20	3	4	43	25	34	39	48	28	40	3168
48	6	26	29	46	31	47	13	32	41	33	38	35	7	37	45	15	50	9	22	5	12	1	14	11	16	24	21	18	8	42	23	44	10	17	27	30	36	2	19	49	20	3	4	43	25	34	39	48	28	40	3168
48	6	47	26	41	29	46	31	13	32	33	38	34	35	7	37	45	15	50	9	22	5	12	1	14	11	16	24	21	18	8	42	23	44	10	17	27	30	36	2	19	49	20	3	4	43	25	48	28	40	39	3180
48	6	47	26	41	29	46	31	13	32	33	38	34	35	7	37	45	15	50	9	22	5	12	1	14	11	16	24	21	18	8	42	23	44	10	17	27	30	36	2	19	49	20	3	4	43	25	48	28	40	39	3180
48	6	47	26	41	29	46	31	13	32	33	38	34	35	7	37	45	15	50	9	22	5	12	1	14	11	16	24	21	18	8	42	23	44	10	17	27	30	36	2	19	49	20	3	4	43	25	48	28	40	39	3180
48	6	26	29	46	31	47	13	32	41	33	38	35	7	37	45	15	50	9	22	5	12	1	14	11	16	24	21	18	8	42	23	44	10	17	27	30	36	2	19	49	20	3	4	43	25	34	39	48	28	40	3168
48	6	26	29	46	31	47	13	32	41	33	38	35	7	37	45	15	50	9	22	5	12	1	14	11	16	24	21	18	8	42	23	44	10	17	27	30	36	2	19	49	20	3	4	43	25	34	39	48	28	40	3168
48	6	26	29	46	31	47	13	32	41	33	38	35	7	37	45	15	50	9	22	5	12	1	14	11	16	24	21	18	8	42	23	44	10	17	27	30	36	2	19	49	20	3	4	43	25	34	39	48	28	40	3168
48	21	26	6	29	7	43	31	35	41	13	42	24	9	5	47	32	15	12	11	1	18	46	45	22	17	19	20	23	38	14	16	8	10	33	49	44	48	2	50	37	36	25	34	27	30	3	28	4	39	40	3142
48	6	47	26	41	29	46	31	13	32	33	38	34	35	7	37	45	15	50	9	22	5	12	1	14	11	16	24	21	18	8	42	23	44	10	17	27	30	36	2	19	49	20	3	4	43	25	48	28	40	39	3180
48	6	26	29	46	31	47	13	32	41	33	38	35	7	37	45	15	50	9	22	5	12	1	14	11	16	24	21	18	8	42	23	44	10	17	27	30	36	2	19	49	20	3	4	43	25	34	39	48	28	40	3168
48	6	26	29	46	31	47	13	32	41	33	38	35	7	37	45	15	50	9	22	5	12	1	14	11	16	24	21	18	8	42	23	44	10	17	27	30	36	2	19	49	20	3	4	43	25	34	39	48	28	40	3168
48	6	26	29	46	31	47	13	32	41	33	38	35	7	37	45	15	50	9	22	5	12	1	14	11	16	24	21	18	8	42	23	44	10	17	27	30	36	2	19	49	20	3	4	43	25	34	39	48	28	40	3168
48	6	47	26	41	29	46	31	13	32	33	38	34	35	7	37	45	15	50	9	22	5	12	1	14	11	16	24	21	18	8	42	23	44	10	17	27	30	36	2	19	49	20	3	4	43	25	48	28	40	39	3180
48	6	47	26	41	29	46	31	13	32	33	38	34	35	7	37	45	15	50	9	22	5	12	1	14	11	16	24	21	18	8	42	23	44	10	17	27	30	36	2	19	49	20	3	4	43	25	48	28	40	39	3180
48	6	26	29	46	31	47	13	32	41	33	38	35	7	37	45	15	50	9	22	5	12	1	14	11	16	24	21	18	8	42	23	44	10	17	27	30	36	2	19	49	20	3	4	43	25	34	39	48	28	40	3168
48	6	26	29	46	31	47	13	32	41	33	38	35	7	37	45	15	50	9	22	5	12	1	14	11	16	24	21	18	8	42	23	44	10	17	27	30	36	2	19	49	20	3	4	43	25	34	39	48	28	40	3168
48	21	26	6	29	7	43	34	31	35	13	42	24	9	5	47	32	15	12	11	1	18	46	45	22	17	19	20	23	38	41	14	16	8	10	33	44	2	50	48	37	36	25	49	27	30	3	4	40	28	39	3172
48	6	47	26	41	29	46	31	13	32	33	38	34	35	7	37	45	15	50	9	22	5	12	1	14	11	16	24	21	18	8	42	23	44	10	17	27	30	36	2	19	49	20	3	4	43	25	48	28	40	39	3180
48	6	47	26	41	29	46	31	13	32	33	38	34	35	7	37	45	15	50	9	22	5	12	1	14	11	16	24	21	18	8	42	23	44	10	17	27	30	36	2	19	49	20	3	4	43	25	48	28	40	39	3180
48	6	26	29	46	31	47	13	32	41	33	38	35	7	37	45	15	50	9	22	5	12	1	14	11	16	24	21	18	8	42	23	44	10	17	27	30	36	2	19	49	20	3	4	43	25	34	39	48	28	40	3168
48	6	26	29	46	31	47	13	32	41	33	38	35	7	37	45	15	50	9	22	5	12	1	14	11	16	24	21	18	8	42	23	44	10	17	27	30	36	2	19	49	20	3	4	43	25	34	39	48	28	40	3168
48	6	26	29	46	31	47	13	32	41	33	38	35	7	37	45	15	50	9	22	5	12	1	14	11	16	24	21	18	8	42	23	44	10	17	27	30	36	2	19	49	20	3	4	43	25	34	39	48	28	40	3168
48	6	47	26	41	29	46	31	13	32	33	38	34	35	7	37	45	15	50	9	22	5	12	1	14	11	16	24	21	18	8	42	23	44	10	17	27	30	36	2	19	49	20	3	4	43	25	48	28	40	39	3180
48	6	47	26	41	29	46	31	13	32	33	38	34	35	7	37	45	15	50	9	22	5	12	1	14	11	16	24	21	18	8	42	23	44	10	17	27	30	36	2	19	49	20	3	4	43	25	48	28	40	39	3180
48	6	47	26	41	29	46	31	13	32	33	38	34	35	7	37	45	15	50	9	22	5	12	1	14	11	16	24	21	18	8	42	23	44	10	17	27	30	36	2	19	49	20	3	4	43	25	48	28	40	39	3180
48	21	26	6	29	7	43	34	31	35	13	42	24	9	5	47	32	15	12	11	1	18	46	45	22	17	19	20	23	38	41	14	16	8	10	33	44	2	50	48	37	49	25	36	27	30	3	4	40	28	39	3172
48	6	26	29	46	31	47	13	32	41	33	38	35	7	37	45	15	50	9	22	5	12	1	14	11	16	24	21	18	8	42	23	44	10	17	27	30	36	2	19	49	20	3	4	43	25	34	39	48	28	40	3168
48	6	47	26	41	29	46	31	13	32	33	38	34	35	7	37	45	15	50	9	22	5	12	1	14	11	16	24	21	18	8	42	23	44	10	17	27	30	36	2	19	49	20	3	4	43	25	48	28	40	39	3180
48	6	47	26	41	29	46	31	13	32	33	38	34	35	7	37	45	15	50	9	22	5	12	1	14	11	16	24	21	18	8	42	23	44	10	17	27	30	36	2	19	49	20	3	4	43	25	48	28	40	39	3180
48	6	47	26	41	29	46	31	13	32	33	38	34	35	7	37	45	15	50	9	22	5	12	1	14	11	16	24	21	18	8	42	23	44	10	17	27	30	36	2	19	49	20	3	4	43	25	48	28	40	39	3180
48	6	26	29	46	31	47	13	32	41	33	38	35	7	37	45	15	50	9	22	5	12	1	14	11	16	24	21	18	8	42	23	44	10	17	27	30	36	2	19	49	20	3	4	43	25	34	39	48	28	40	3168
48	6	26	29	46	31	47	13	32	41	33	38	35	7	37	45	15	50	9	22	5	12	1	14	11	16	24	21	18	8	42	23	44	10	17	27	30	36	2	19	49	20	3	4	43	25	34	39	48	28	40	3168
48	6	47	26	41	29	46	31	13	32	33	38	34	35	7	37	45	15	50	9	22	5	12	1	14	11	16	24	21	18	8	42	23	44	10	17	27	30	36	2	19	49	20	3	4	43	25	48	28	40	39	3180
48	6	47	26	41	29	46	31	13	32	33	38	34	35	7	37	45	15	50	9	22	5	12	1	14	11	16	24	21	18	8	42	23	44	10	17	27	30	36	2	19	49	20	3	4	43	25	48	28	40	39	3180
48	21	26	6	29	7	43	31	35	41	13	42	24	9	5	47	32	15	12	11	1	18	46	45	22	17	19	20	23	38	14	16	8	10	33	49	44	48	2	50	37	36	25	34	27	30	3	28	4	39	40	3142
48	6	26	29	46	31	47	13	32	41	33	38	35	7	37	45	15	50	9	22	5	12	1	14	11	16	24	21	18	8	42	23	44	10	17	27	30	36	2	19	49	20	3	4	43	25	34	39	48	28	40	3168
48	6	26	29	46	31	47	13	32	41	33	38	35	7	37	45	15	50	9	22	5	12	1	14	11	16	24	21	18	8	42	23	44	10	17	27	30	36	2	19	49	20	3	4	43	25	34	39	48	28	40	3168
48	6	26	29	46	31	47	13	32	41	33	38	35	7	37	45	15	50	9	22	5	12	1	14	11	16	24	21	18	8	42	23	44	10	17	27	30	36	2	19	49	20	3	4	43	25	34	39	48	28	40	3168
48	6	47	26	41	29	46	31	13	32	33	38	34	35	7	37	45	15	50	9	22	5	12	1	14	11	16	24	21	18	8	42	23	44	10	17	27	30	36	2	19	49	20	3	4	43	25	48	28	40	39	3180
48	6	47	26	41	29	46	31	13	32	33	38	34	35	7	37	45	15	50	9	22	5	12	1	14	11	16	24	21	18	8	42	23	44	10	17	27	30	36	2	19	49	20	3	4	43	25	48	28	40	39	3180
48	6	26	29	46	31	47	13	32	41	33	38	35	7	37	45	15	50	9	22	5	12	1	14	11	16	24	21	18	8	42	23	44	10	17	27	30	36	2	19	49	20	3	4	43	25	34	39	48	28	40	3168
48	6	26	29	46	31	47	13	32	41	33	38	35	7	37	45	15	50	9	22	5	12	1	14	11	16	24	21	18	8	42	23	44	10	17	27	30	36	2	19	49	20	3	4	43	25	34	39	48	28	40	3168
48	6	26	29	46	31	47	13	32	41	33	38	35	7	37	45	15	50	9	22	5	12	1	14	11	16	24	21	18	8	42	23	44	10	17	27	30	36	2	19	49	20	3	4	43	25	34	39	48	28	40	3168
48	21	26	6	29	7	43	31	35	41	13	42	24	9	5	47	32	15	12	11	1	18	46	45	22	17	19	20	23	38	14	16	8	10	33	49	44	48	2	50	37	36	25	34	27	30	3	28	4	39	40	3142
48	6	47	26	41	29	46	31	13	32	33	38	34	35	7	37	45	15	50	9	22	5	12	1	14	11	16	24	21	18	8	42	23	44	10	17	27	30	36	2	19	49	20	3	4	43	25	48	28	40	39	3180
48	6	26	29	46	31	47	13	32	41	33	38	35	7	37	45	15	50	9	22	5	12	1	14	11	16	24	21	18	8	42	23	44	10	17	27	30	36	2	19	49	20	3	4	43	25	34	39	48	28	40	3168
48	6	26	29	46	31	47	13	32	41	33	38	35	7	37	45	15	50	9	22	5	12	1	14	11	16	24	21	18	8	42	23	44	10	17	27	30	36	2	19	49	20	3	4	43	25	34	39	48	28	40	3168
48	6	26	29	46	31	47	13	32	41	33	38	35	7	37	45	15	50	9	22	5	12	1	14	11	16	24	21	18	8	42	23	44	10	17	27	30	36	2	19	49	20	3	4	43	25	34	39	48	28	40	3168
48	6	47	26	41	29	46	31	13	32	33	38	34	35	7	37	45	15	50	9	22	5	12	1	14	11	16	24	21	18	8	42	23	44	10	17	27	30	36	2	19	49	20	3	4	43	25	48	28	40	39	3180
48	6	47	26	41	29	46	31	13	32	33	38	34	35	7	37	45	15	50	9	22	5	12	1	14	11	16	24	21	18	8	42	23	44	10	17	27	30	36	2	19	49	20	3	4	43	25	48	28	40	39	3180
48	6	26	29	46	31	47	13	32	41	33	38	35	7	37	45	15	50	9	22	5	12	1	14	11	16	24	21	18	8	42	23	44	10	17	27	30	36	2	19	49	20	3	4	43	25	34	39	48	28	40	3168
48	6	26	29	46	31	47	13	32	41	33	38	35	7	37	45	15	50	9	22	5	12	1	14	11	16	24	21	18	8	42	23	44	10	17	27	30	36	2	19	49	20	3	4	43	25	34	39	48	28	40	3168
48	21	26	6	29	7	43	34	31	35	13	42	24	9	5	47	32	15	12	11	1	18	46	45	22	17	19	20	23	38	41	14	16	8	10	33	44	2	50	48	37	36	25	49	27	30	3	4	40	28	39	3172
48	6	47	26	41	29	46	31	13	32	33	38	34	35	7	37	45	15	50	9	22	5	12	1	14	11	16	24	21	18	8	42	23	44	10	17	27	30	36	2	19	49	20	3	4	43	25	48	28	40	39	3180
48	6	47	26	41	29	46	31	13	32	33	38	34	35	7	37	45	15	50	9	22	5	12	1	14	11	16	24	21	18	8	42	23	44	10	17	27	30	36	2	19	49	20	3	4	43	25	48	28	40	39	3180
48	6	47	26	41	29	46	31	13	32	33	38	34	35	7	37	45	15	50	9	22	5	12	1	14	11	16	24	21	18	8	42	23	44	10	17	27	30	36	2	19	49	20	3	4	43	25	48	28	40	39	3180
48	6	26	29	46	31	47	13	32	41	33	38	35	7	37	45	15	50	9	22	5	12	1	14	11	16	24	21	18	8	42	23	44	10	17	27	30	36	2	19	49	20	3	4	43	25	34	39	48	28	40	3168
48	6	26	29	46	31	47	13	32	41	33	38	35	7	37	45	15	50	9	22	5	12	1	14	11	16	24	21	18	8	42	23	44	10	17	27	30	36	2	19	49	20	3	4	43	25	34	39	48	28	40	3168
48	6	47	26	41	29	46	31	13	32	33	38	34	35	7	37	45	15	50	9	22	5	12	1	14	11	16	24	21	18	8	42	23	44	10	17	27	30	36	2	19	49	20	3	4	43	25	48	28	40	39	3180
48	6	47	26	41	29	46	31	13	32	33	38	34	35	7	37	45	15	50	9	22	5	12	1	14	11	16	24	21	18	8	42	23	44	10	17	27	30	36	2	19	49	20	3	4	43	25	48	28	40	39	3180
48	6	47	26	41	29	46	31	13	32	33	38	34	35	7	37	45	15	50	9	22	5	12	1	14	11	16	24	21	18	8	42	23	44	10	17	27	30	36	2	19	49	20	3	4	43	25	48	28	40	39	3180
48	21	26	6	29	7	43	34	31	35	13	42	24	9	5	47	32	15	12	11	1	18	46	45	22	17	19	20	23	38	41	14	16	8	10	33	44	2	50	48	37	49	25	36	27	30	3	4	40	28	39	3172
48	6	26	29	46	31	47	13	32	41	33	38	35	7	37	45	15	50	9	22	5	12	1	14	11	16	24	21	18	8	42	23	44	10	17	27	30	36	2	19	49	20	3	4	43	25	34	39	48	28	40	3168
48	6	47	26	41	29	46	31	13	32	33	38	34	35	7	37	45	15	50	9	22	5	12	1	14	11	16	24	21	18	8	42	23	44	10	17	27	30	36	2	19	49	20	3	4	43	25	48	28	40	39	3180
48	6	47	26	41	29	46	31	13	32	33	38	34	35	7	37	45	15	50	9	22	5	12	1	14	11	16	24	21	18	8	42	23	44	10	17	27	30	36	2	19	49	20	3	4	43	25	48	28	40	39	3180
48	6	47	26	41	29	46	31	13	32	33	38	34	35	7	37	45	15	50	9	22	5	12	1	14	11	16	24	21	18	8	42	23	44	10	17	27	30	36	2	19	49	20	3	4	43	25	48	28	40	39	3180
48	6	26	29	46	31	47	13	32	41	33	38	35	7	37	45	15	50	9	22	5	12	1	14	11	16	24	21	18	8	42	23	44	10	17	27	30	36	2	19	49	20	3	4	43	25	34	39	48	28	40	3168
48	6	26	29	46	31	47	13	32	41	33	38	35	7	37	45	15	50	9	22	5	12	1	14	11	16	24	21	18	8	42	23	44	10	17	27	30	36	2	19	49	20	3	4	43	25	34	39	48	28	40	3168
48	6	26	29	46	31	47	13	32	41	33	38	35	7	37	45	15	50	9	22	5	12	1	14	11	16	24	21	18	8	42	23	44	10	17	27	30	36	2	19	49	20	3	4	43	25	34	39	48	28	40	3168
48	6	47	26	41	29	46	31	13	32	33	38	34	35	7	37	45	15	50	9	22	5	12	1	14	11	16	24	21	18	8	42	23	44	10	17	27	30	36	2	19	49	20	3	4	43	25	48	28	40	39	3180
48	21	26	6	29	7	43	31	35	41	13	42	24	9	5	47	32	15	12	11	1	18	46	45	22	17	19	20	23	38	14	16	8	10	33	49	44	48	2	50	37	36	25	34	27	30	3	28	4	39	40	3142
48	6	26	29	46	31	47	13	32	41	33	38	35	7	37	45	15	50	9	22	5	12	1	14	11	16	24	21	18	8	42	23	44	10	17	27	30	36	2	19	49	20	3	4	43	25	34	39	48	28	40	3168
48	6	26	29	46	31	47	13	32	41	33	38	35	7	37	45	15	50	9	22	5	12	1	14	11	16	24	21	18	8	42	23	44	10	17	27	30	36	2	19	49	20	3	4	43	25	34	39	48	28	40	3168
48	6	26	29	46	31	47	13	32	41	33	38	35	7	37	45	15	50	9	22	5	12	1	14	11	16	24	21	18	8	42	23	44	10	17	27	30	36	2	19	49	20	3	4	43	25	34	39	48	28	40	3168
48	6	47	26	41	29	46	31	13	32	33	38	34	35	7	37	45	15	50	9	22	5	12	1	14	11	16	24	21	18	8	42	23	44	10	17	27	30	36	2	19	49	20	3	4	43	25	48	28	40	39	3180
48	6	47	26	41	29	46	31	13	32	33	38	34	35	7	37	45	15	50	9	22	5	12	1	14	11	16	24	21	18	8	42	23	44	10	17	27	30	36	2	19	49	20	3	4	43	25	48	28	40	39	3180
48	6	26	29	46	31	47	13	32	41	33	38	35	7	37	45	15	50	9	22	5	12	1	14	11	16	24	21	18	8	42	23	44	10	17	27	30	36	2	19	49	20	3	4	43	25	34	39	48	28	40	3168
48	6	26	29	46	31	47	13	32	41	33	38	35	7	37	45	15	50	9	22	5	12	1	14	11	16	24	21	18	8	42	23	44	10	17	27	30	36	2	19	49	20	3	4	43	25	34	39	48	28	40	3168
48	6	26	29	46	31	47	13	32	41	33	38	35	7	37	45	15	50	9	22	5	12	1	14	11	16	24	21	18	8	42	23	44	10	17	27	30	36	2	19	49	20	3	4	43	25	34	39	48	28	40	3168
48	21	26	6	29	7	43	31	35	41	13	42	24	9	5	47	32	15	12	11	1	18	46	45	22	17	19	20	23	38	14	16	8	10	33	49	44	48	2	50	37	36	25	34	27	30	3	28	4	39	40	3142
48	6	47	26	41	29	46	31	13	32	33	38	34	35	7	37	45	15	50	9	22	5	12	1	14	11	16	24	21	18	8	42	23	44	10	17	27	30	36	2	19	49	20	3	4	43	25	48	28	40	39	3180
48	6	26	29	46	31	47	13	32	41	33	38	35	7	37	45	15	50	9	22	5	12	1	14	11	16	24	21	18	8	42	23	44	10	17	27	30	36	2	19	49	20	3	4	43	25	34	39	48	28	40	3168
48	6	26	29	46	31	47	13	32	41	33	38	35	7	37	45	15	50	9	22	5	12	1	14	11	16	24	21	18	8	42	23	44	10	17	27	30	36	2	19	49	20	3	4	43	25	34	39	48	28	40	3168
48	6	26	29	46	31	47	13	32	41	33	38	35	7	37	45	15	50	9	22	5	12	1	14	11	16	24	21	18	8	42	23	44	10	17	27	30	36	2	19	49	20	3	4	43	25	34	39	48	28	40	3168
48	6	47	26	41	29	46	31	13	32	33	38	34	35	7	37	45	15	50	9	22	5	12	1	14	11	16	24	21	18	8	42	23	44	10	17	27	30	36	2	19	49	20	3	4	43	25	48	28	40	39	3180
48	6	47	26	41	29	46	31	13	32	33	38	34	35	7	37	45	15	50	9	22	5	12	1	14	11	16	24	21	18	8	42	23	44	10	17	27	30	36	2	19	49	20	3	4	43	25	48	28	40	39	3180
48	6	47	26	41	29	46	31	13	32	33	38	34	35	7	37	45	15	50	9	22	5	12	1	14	11	16	24	21	18	8	42	23	44	10	17	27	30	36	2	19	49	20	3	4	43	25	48	28	40	39	3180
48	6	26	29	46	31	47	13	32	41	33	38	35	7	37	45	15	50	9	22	5	12	1	14	11	16	24	21	18	8	42	23	44	10	17	27	30	36	2	19	49	20	3	4	43	25	34	39	48	28	40	3168
48	21	26	6	29	7	43	34	31	35	13	42	24	9	5	47	32	15	12	11	1	18	46	45	22	17	19	20	23	38	41	14	16	8	10	33	44	2	50	48	37	36	25	49	27	30	3	4	40	28	39	3172
48	6	47	26	41	29	46	31	13	32	33	38	34	35	7	37	45	15	50	9	22	5	12	1	14	11	16	24	21	18	8	42	23	44	10	17	27	30	36	2	19	49	20	3	4	43	25	48	28	40	39	3180
48	6	47	26	41	29	46	31	13	32	33	38	34	35	7	37	45	15	50	9	22	5	12	1	14	11	16	24	21	18	8	42	23	44	10	17	27	30	36	2	19	49	20	3	4	43	25	48	28	40	39	3180
48	6	47	26	41	29	46	31	13	32	33	38	34	35	7	37	45	15	50	9	22	5	12	1	14	11	16	24	21	18	8	42	23	44	10	17	27	30	36	2	19	49	20	3	4	43	25	48	28	40	39	3180
48	6	26	29	46	31	47	13	32	41	33	38	35	7	37	45	15	50	9	22	5	12	1	14	11	16	24	21	18	8	42	23	44	10	17	27	30	36	2	19	49	20	3	4	43	25	34	39	48	28	40	3168
48	6	26	29	46	31	47	13	32	41	33	38	35	7	37	45	15	50	9	22	5	12	1	14	11	16	24	21	18	8	42	23	44	10	17	27	30	36	2	19	49	20	3	4	43	25	34	39	48	28	40	3168
48	6	47	26	41	29	46	31	13	32	33	38	34	35	7	37	45	15	50	9	22	5	12	1	14	11	16	24	21	18	8	42	23	44	10	17	27	30	36	2	19	49	20	3	4	43	25	48	28	40	39	3180
48	6	47	26	41	29	46	31	13	32	33	38	34	35	7	37	45	15	50	9	22	5	12	1	14	11	16	24	21	18	8	42	23	44	10	17	27	30	36	2	19	49	20	3	4	43	25	48	28	40	39	3180
48	6	47	26	41	29	46	31	13	32	33	38	34	35	7	37	45	15	50	9	22	5	12	1	14	11	16	24	21	18	8	42	23	44	10	17	27	30	36	2	19	49	20	3	4	43	25	48	28	40	39	3180
48	21	26	6	29	7	43	34	31	35	13	42	24	9	5	47	32	15	12	11	1	18	46	45	22	17	19	20	23	38	41	14	16	8	10	33	44	2	50	48	37	36	25	49	27	30	3	4	40	28	39	3172
48	6	26	29	46	31	47	13	32	41	33	38	35	7	37	45	15	50	9	22	5	12	1	14	11	16	24	21	18	8	42	23	44	10	17	27	30	36	2	19	49	20	3	4	43	25	34	39	48	28	40	3168
48	6	26	29	46	31	47	13	32	41	33	38	35	7	37	45	15	50	9	22	5	12	1	14	11	16	24	21	18	8	42	23	44	10	17	27	30	36	2	19	49	20	3	4	43	25	34	39	48	28	40	3168
48	6	47	26	41	29	46	31	13	32	33	38	34	35	7	37	45	15	50	9	22	5	12	1	14	11	16	24	21	18	8	42	23	44	10	17	27	30	36	2	19	49	20	3	4	43	25	48	28	40	39	3180
48	6	47	26	41	29	46	31	13	32	33	38	34	35	7	37	45	15	50	9	22	5	12	1	14	11	16	24	21	18	8	42	23	44	10	17	27	30	36	2	19	49	20	3	4	43	25	48	28	40	39	3180
48	6	26	29	46	31	47	13	32	41	33	38	35	7	37	45	15	50	9	22	5	12	1	14	11	16	24	21	18	8	42	23	44	10	17	27	30	36	2	19	49	20	3	4	43	25	34	39	48	28	40	3168
48	6	26	29	46	31	47	13	32	41	33	38	35	7	37	45	15	50	9	22	5	12	1	14	11	16	24	21	18	8	42	23	44	10	17	27	30	36	2	19	49	20	3	4	43	25	34	39	48	28	40	3168
48	6	26	29	46	31	47	13	32	41	33	38	35	7	37	45	15	50	9	22	5	12	1	14	11	16	24	21	18	8	42	23	44	10	17	27	30	36	2	19	49	20	3	4	43	25	34	39	48	28	40	3168
48	6	47	26	41	29	46	31	13	32	33	38	34	35	7	37	45	15	50	9	22	5	12	1	14	11	16	24	21	18	8	42	23	44	10	17	27	30	36	2	19	49	20	3	4	43	25	48	28	40	39	3180
48	21	26	6	29	7	43	31	35	41	13	42	24	9	5	47	32	15	12	11	1	18	46	45	22	17	19	20	23	38	14	16	8	10	33	49	44	48	2	50	37	36	25	34	27	30	3	28	4	39	40	3142
48	6	26	29	46	31	47	13	32	41	33	38	35	7	37	45	15	50	9	22	5	12	1	14	11	16	24	21	18	8	42	23	44	10	17	27	30	36	2	19	49	20	3	4	43	25	34	39	48	28	40	3168
48	6	26	29	46	31	47	13	32	41	33	38	35	7	37	45	15	50	9	22	5	12	1	14	11	16	24	21	18	8	42	23	44	10	17	27	30	36	2	19	49	20	3	4	43	25	34	39	48	28	40	3168
48	6	26	29	46	31	47	13	32	41	33	38	35	7	37	45	15	50	9	22	5	12	1	14	11	16	24	21	18	8	42	23	44	10	17	27	30	36	2	19	49	20	3	4	43	25	34	39	48	28	40	3168
48	6	47	26	41	29	46	31	13	32	33	38	34	35	7	37	45	15	50	9	22	5	12	1	14	11	16	24	21	18	8	42	23	44	10	17	27	30	36	2	19	49	20	3	4	43	25	48	28	40	39	3180
48	6	47	26	41	29	46	31	13	32	33	38	34	35	7	37	45	15	50	9	22	5	12	1	14	11	16	24	21	18	8	42	23	44	10	17	27	30	36	2	19	49	20	3	4	43	25	48	28	40	39	3180
48	6	26	29	46	31	47	13	32	41	33	38	35	7	37	45	15	50	9	22	5	12	1	14	11	16	24	21	18	8	42	23	44	10	17	27	30	36	2	19	49	20	3	4	43	25	34	39	48	28	40	3168
48	6	26	29	46	31	47	13	32	41	33	38	35	7	37	45	15	50	9	22	5	12	1	14	11	16	24	21	18	8	42	23	44	10	17	27	30	36	2	19	49	20	3	4	43	25	34	39	48	28	40	3168
48	6	26	29	46	31	47	13	32	41	33	38	35	7	37	45	15	50	9	22	5	12	1	14	11	16	24	21	18	8	42	23	44	10	17	27	30	36	2	19	49	20	3	4	43	25	34	39	48	28	40	3168
48	21	26	6	29	7	43	31	35	41	13	42	24	9	5	47	32	15	12	11	1	18	46	45	22	17	19	20	23	38	14	16	8	10	33	49	44	48	2	50	37	36	25	34	27	30	3	28	4	39	40	3142
48	6	47	26	41	29	46	31	13	32	33	38	34	35	7	37	45	15	50	9	22	5	12	1	14	11	16	24	21	18	8	42	23	44	10	17	27	30	36	2	19	49	20	3	4	43	25	48	28	40	39	3180
48	6	47	26	41	29	46	31	13	32	33	38	34	35	7	37	45	15	50	9	22	5	12	1	14	11	16	24	21	18	8	42	23	44	10	17	27	30	36	2	19	49	20	3	4	43	25	48	28	40	39	3180
48	6	26	29	46	31	47	13	32	41	33	38	35	7	37	45	15	50	9	22	5	12	1	14	11	16	24	21	18	8	42	23	44	10	17	27	30	36	2	19	49	20	3	4	43	25	34	39	48	28	40	3168
48	6	26	29	46	31	47	13	32	41	33	38	35	7	37	45	15	50	9	22	5	12	1	14	11	16	24	21	18	8	42	23	44	10	17	27	30	36	2	19	49	20	3	4	43	25	34	39	48	28	40	3168
48	6	47	26	41	29	46	31	13	32	33	38	34	35	7	37	45	15	50	9	22	5	12	1	14	11	16	24	21	18	8	42	23	44	10	17	27	30	36	2	19	49	20	3	4	43	25	48	28	40	39	3180
48	6	47	26	41	29	46	31	13	32	33	38	34	35	7	37	45	15	50	9	22	5	12	1	14	11	16	24	21	18	8	42	23	44	10	17	27	30	36	2	19	49	20	3	4	43	25	48	28	40	39	3180
48	6	47	26	41	29	46	31	13	32	33	38	34	35	7	37	45	15	50	9	22	5	12	1	14	11	16	24	21	18	8	42	23	44	10	17	27	30	36	2	19	49	20	3	4	43	25	48	28	40	39	3180
48	6	26	29	46	31	47	13	32	41	33	38	35	7	37	45	15	50	9	22	5	12	1	14	11	16	24	21	18	8	42	23	44	10	17	27	30	36	2	19	49	20	3	4	43	25	34	39	48	28	40	3168
48	21	26	6	29	7	43	34	31	35	13	42	24	9	5	47	32	15	12	11	1	18	46	45	22	17	19	20	23	38	41	14	16	8	10	33	44	2	50	48	37	49	25	36	27	30	3	4	40	28	39	3172
48	6	47	26	41	29	46	31	13	32	33	38	34	35	7	37	45	15	50	9	22	5	12	1	14	11	16	24	21	18	8	42	23	44	10	17	27	30	36	2	19	49	20	3	4	43	25	48	28	40	39	3180
48	6	47	26	41	29	46	31	13	32	33	38	34	35	7	37	45	15	50	9	22	5	12	1	14	11	16	24	21	18	8	42	23	44	10	17	27	30	36	2	19	49	20	3	4	43	25	48	28	40	39	3180
48	6	47	26	41	29	46	31	13	32	33	38	34	35	7	37	45	15	50	9	22	5	12	1	14	11	16	24	21	18	8	42	23	44	10	17	27	30	36	2	19	49	20	3	4	43	25	48	28	40	39	3180
48	6	26	29	46	31	47	13	32	41	33	38	35	7	37	45	15	50	9	22	5	12	1	14	11	16	24	21	18	8	42	23	44	10	17	27	30	36	2	19	49	20	3	4	43	25	34	39	48	28	40	3168
48	6	26	29	46	31	47	13	32	41	33	38	35	7	37	45	15	50	9	22	5	12	1	14	11	16	24	21	18	8	42	23	44	10	17	27	30	36	2	19	49	20	3	4	43	25	34	39	48	28	40	3168
48	6	26	29	46	31	47	13	32	41	33	38	35	7	37	45	15	50	9	22	5	12	1	14	11	16	24	21	18	8	42	23	44	10	17	27	30	36	2	19	49	20	3	4	43	25	34	39	48	28	40	3168
48	6	47	26	41	29	46	31	13	32	33	38	34	35	7	37	45	15	50	9	22	5	12	1	14	11	16	24	21	18	8	42	23	44	10	17	27	30	36	2	19	49	20	3	4	43	25	48	28	40	39	3180
48	6	47	26	41	29	46	31	13	32	33	38	34	35	7	37	45	15	50	9	22	5	12	1	14	11	16	24	21	18	8	42	23	44	10	17	27	30	36	2	19	49	20	3	4	43	25	48	28	40	39	3180
48	21	26	6	29	7	43	34	31	35	13	42	24	9	5	47	32	15	12	11	1	18	46	45	22	17	19	20	23	38	41	14	16	8	10	33	44	2	50	48	37	36	25	49	27	30	3	4	40	28	39	3172
48	6	26	29	46	31	47	13	32	41	33	38	35	7	37	45	15	50	9	22	5	12	1	14	11	16	24	21	18	8	42	23	44	10	17	27	30	36	2	19	49	20	3	4	43	25	34	39	48	28	40	3168
48	6	26	29	46	31	47	13	32	41	33	38	35	7	37	45	15	50	9	22	5	12	1	14	11	16	24	21	18	8	42	23	44	10	17	27	30	36	2	19	49	20	3	4	43	25	34	39	48	28	40	3168
48	6	47	26	41	29	46	31	13	32	33	38	34	35	7	37	45	15	50	9	22	5	12	1	14	11	16	24	21	18	8	42	23	44	10	17	27	30	36	2	19	49	20	3	4	43	25	48	28	40	39	3180
48	6	47	26	41	29	46	31	13	32	33	38	34	35	7	37	45	15	50	9	22	5	12	1	14	11	16	24	21	18	8	42	23	44	10	17	27	30	36	2	19	49	20	3	4	43	25	48	28	40	39	3180
48	6	26	29	46	31	47	13	32	41	33	38	35	7	37	45	15	50	9	22	5	12	1	14	11	16	24	21	18	8	42	23	44	10	17	27	30	36	2	19	49	20	3	4	43	25	34	39	48	28	40	3168
48	6	26	29	46	31	47	13	32	41	33	38	35	7	37	45	15	50	9	22	5	12	1	14	11	16	24	21	18	8	42	23	44	10	17	27	30	36	2	19	49	20	3	4	43	25	34	39	48	28	40	3168
48	6	26	29	46	31	47	13	32	41	33	38	35	7	37	45	15	50	9	22	5	12	1	14	11	16	24	21	18	8	42	23	44	10	17	27	30	36	2	19	49	20	3	4	43	25	34	39	48	28	40	3168
48	6	47	26	41	29	46	31	13	32	33	38	34	35	7	37	45	15	50	9	22	5	12	1	14	11	16	24	21	18	8	42	23	44	10	17	27	30	36	2	19	49	20	3	4	43	25	48	28	40	39	3180
48	21	26	6	29	7	43	31	35	41	13	42	24	9	5	47	32	15	12	11	1	18	46	45	22	17	19	20	23	38	14	16	8	10	33	49	44	48	2	50	37	36	25	34	27	30	3	28	4	39	40	3142
48	6	26	29	46	31	47	13	32	41	33	38	35	7	37	45	15	50	9	22	5	12	1	14	11	16	24	21	18	8	42	23	44	10	17	27	30	36	2	19	49	20	3	4	43	25	34	39	48	28	40	3168
48	6	26	29	46	31	47	13	32	41	33	38	35	7	37	45	15	50	9	22	5	12	1	14	11	16	24	21	18	8	42	23	44	10	17	27	30	36	2	19	49	20	3	4	43	25	34	39	48	28	40	3168
48	6	26	29	46	31	47	13	32	41	33	38	35	7	37	45	15	50	9	22	5	12	1	14	11	16	24	21	18	8	42	23	44	10	17	27	30	36	2	19	49	20	3	4	43	25	34	39	48	28	40	3168
48	6	47	26	41	29	46	31	13	32	33	38	34	35	7	37	45	15	50	9	22	5	12	1	14	11	16	24	21	18	8	42	23	44	10	17	27	30	36	2	19	49	20	3	4	43	25	48	28	40	39	3180
48	6	47	26	41	29	46	31	13	32	33	38	34	35	7	37	45	15	50	9	22	5	12	1	14	11	16	24	21	18	8	42	23	44	10	17	27	30	36	2	19	49	20	3	4	43	25	48	28	40	39	3180
48	6	47	26	41	29	46	31	13	32	33	38	34	35	7	37	45	15	50	9	22	5	12	1	14	11	16	24	21	18	8	42	23	44	10	17	27	30	36	2	19	49	20	3	4	43	25	48	28	40	39	3180
48	6	26	29	46	31	47	13	32	41	33	38	35	7	37	45	15	50	9	22	5	12	1	14	11	16	24	21	18	8	42	23	44	10	17	27	30	36	2	19	49	20	3	4	43	25	34	39	48	28	40	3168
48	6	26	29	46	31	47	13	32	41	33	38	35	7	37	45	15	50	9	22	5	12	1	14	11	16	24	21	18	8	42	23	44	10	17	27	30	36	2	19	49	20	3	4	43	25	34	39	48	28	40	3168
48	21	26	6	29	7	43	31	35	41	13	42	24	9	5	47	32	15	12	11	1	18	46	45	22	17	19	20	23	38	14	16	8	10	33	49	44	48	2	50	37	36	25	34	27	30	3	28	4	39	40	3142
48	6	47	26	41	29	46	31	13	32	33	38	34	35	7	37	45	15	50	9	22	5	12	1	14	11	16	24	21	18	8	42	23	44	10	17	27	30	36	2	19	49	20	3	4	43	25	48	28	40	39	3180
48	6	47	26	41	29	46	31	13	32	33	38	34	35	7	37	45	15	50	9	22	5	12	1	14	11	16	24	21	18	8	42	23	44	10	17	27	30	36	2	19	49	20	3	4	43	25	48	28	40	39	3180
48	6	26	29	46	31	47	13	32	41	33	38	35	7	37	45	15	50	9	22	5	12	1	14	11	16	24	21	18	8	42	23	44	10	17	27	30	36	2	19	49	20	3	4	43	25	34	39	48	28	40	3168
48	6	26	29	46	31	47	13	32	41	33	38	35	7	37	45	15	50	9	22	5	12	1	14	11	16	24	21	18	8	42	23	44	10	17	27	30	36	2	19	49	20	3	4	43	25	34	39	48	28	40	3168
48	6	47	26	41	29	46	31	13	32	33	38	34	35	7	37	45	15	50	9	22	5	12	1	14	11	16	24	21	18	8	42	23	44	10	17	27	30	36	2	19	49	20	3	4	43	25	48	28	40	39	3180
48	6	47	26	41	29	46	31	13	32	33	38	34	35	7	37	45	15	50	9	22	5	12	1	14	11	16	24	21	18	8	42	23	44	10	17	27	30	36	2	19	49	20	3	4	43	25	48	28	40	39	3180
48	6	47	26	41	29	46	31	13	32	33	38	34	35	7	37	45	15	50	9	22	5	12	1	14	11	16	24	21	18	8	42	23	44	10	17	27	30	36	2	19	49	20	3	4	43	25	48	28	40	39	3180
48	6	26	29	46	31	47	13	32	41	33	38	35	7	37	45	15	50	9	22	5	12	1	14	11	16	24	21	18	8	42	23	44	10	17	27	30	36	2	19	49	20	3	4	43	25	34	39	48	28	40	3168
48	21	26	6	29	7	43	34	31	35	13	42	24	9	5	47	32	15	12	11	1	18	46	45	22	17	19	20	23	38	41	14	16	8	10	33	44	2	50	48	37	49	25	36	27	30	3	4	40	28	39	3172
48	6	26	29	46	31	47	13	32	41	33	38	35	7	37	45	15	50	9	22	5	12	1	14	11	16	24	21	18	8	42	23	44	10	17	27	30	36	2	19	49	20	3	4	43	25	34	39	48	28	40	3168
48	6	47	26	41	29	46	31	13	32	33	38	34	35	7	37	45	15	50	9	22	5	12	1	14	11	16	24	21	18	8	42	23	44	10	17	27	30	36	2	19	49	20	3	4	43	25	48	28	40	39	3180
48	6	47	26	41	29	46	31	13	32	33	38	34	35	7	37	45	15	50	9	22	5	12	1	14	11	16	24	21	18	8	42	23	44	10	17	27	30	36	2	19	49	20	3	4	43	25	48	28	40	39	3180
48	6	26	29	46	31	47	13	32	41	33	38	35	7	37	45	15	50	9	22	5	12	1	14	11	16	24	21	18	8	42	23	44	10	17	27	30	36	2	19	49	20	3	4	43	25	34	39	48	28	40	3168
48	6	26	29	46	31	47	13	32	41	33	38	35	7	37	45	15	50	9	22	5	12	1	14	11	16	24	21	18	8	42	23	44	10	17	27	30	36	2	19	49	20	3	4	43	25	34	39	48	28	40	3168
48	6	26	29	46	31	47	13	32	41	33	38	35	7	37	45	15	50	9	22	5	12	1	14	11	16	24	21	18	8	42	23	44	10	17	27	30	36	2	19	49	20	3	4	43	25	34	39	48	28	40	3168
48	6	47	26	41	29	46	31	13	32	33	38	34	35	7	37	45	15	50	9	22	5	12	1	14	11	16	24	21	18	8	42	23	44	10	17	27	30	36	2	19	49	20	3	4	43	25	48	28	40	39	3180
48	6	47	26	41	29	46	31	13	32	33	38	34	35	7	37	45	15	50	9	22	5	12	1	14	11	16	24	21	18	8	42	23	44	10	17	27	30	36	2	19	49	20	3	4	43	25	48	28	40	39	3180
48	21	26	6	29	7	43	34	31	35	13	42	24	9	5	47	32	15	12	11	1	18	46	45	22	17	19	20	23	38	41	14	16	8	10	33	44	2	50	48	37	36	25	49	27	30	3	4	40	28	39	3172
48	6	26	29	46	31	47	13	32	41	33	38	35	7	37	45	15	50	9	22	5	12	1	14	11	16	24	21	18	8	42	23	44	10	17	27	30	36	2	19	49	20	3	4	43	25	34	39	48	28	40	3168
48	6	26	29	46	31	47	13	32	41	33	38	35	7	37	45	15	50	9	22	5	12	1	14	11	16	24	21	18	8	42	23	44	10	17	27	30	36	2	19	49	20	3	4	43	25	34	39	48	28	40	3168
48	6	47	26	41	29	46	31	13	32	33	38	34	35	7	37	45	15	50	9	22	5	12	1	14	11	16	24	21	18	8	42	23	44	10	17	27	30	36	2	19	49	20	3	4	43	25	48	28	40	39	3180
48	6	47	26	41	29	46	31	13	32	33	38	34	35	7	37	45	15	50	9	22	5	12	1	14	11	16	24	21	18	8	42	23	44	10	17	27	30	36	2	19	49	20	3	4	43	25	48	28	40	39	3180
48	6	26	29	46	31	47	13	32	41	33	38	35	7	37	45	15	50	9	22	5	12	1	14	11	16	24	21	18	8	42	23	44	10	17	27	30	36	2	19	49	20	3	4	43	25	34	39	48	28	40	3168
48	6	26	29	46	31	47	13	32	41	33	38	35	7	37	45	15	50	9	22	5	12	1	14	11	16	24	21	18	8	42	23	44	10	17	27	30	36	2	19	49	20	3	4	43	25	34	39	48	28	40	3168
48	6	26	29	46	31	47	13	32	41	33	38	35	7	37	45	15	50	9	22	5	12	1	14	11	16	24	21	18	8	42	23	44	10	17	27	30	36	2	19	49	20	3	4	43	25	34	39	48	28	40	3168
48	6	47	26	41	29	46	31	13	32	33	38	34	35	7	37	45	15	50	9	22	5	12	1	14	11	16	24	21	18	8	42	23	44	10	17	27	30	36	2	19	49	20	3	4	43	25	48	28	40	39	3180
48	21	26	6	29	7	43	31	35	41	13	42	24	9	5	47	32	15	12	11	1	18	46	45	22	17	19	20	23	38	14	16	8	10	33	49	44	48	2	50	37	36	25	34	27	30	3	28	4	39	40	3142
48	6	47	26	41	29	46	31	13	32	33	38	34	35	7	37	45	15	50	9	22	5	12	1	14	11	16	24	21	18	8	42	23	44	10	17	27	30	36	2	19	49	20	3	4	43	25	48	28	40	39	3180
48	6	26	29	46	31	47	13	32	41	33	38	35	7	37	45	15	50	9	22	5	12	1	14	11	16	24	21	18	8	42	23	44	10	17	27	30	36	2	19	49	20	3	4	43	25	34	39	48	28	40	3168
48	6	26	29	46	31	47	13	32	41	33	38	35	7	37	45	15	50	9	22	5	12	1	14	11	16	24	21	18	8	42	23	44	10	17	27	30	36	2	19	49	20	3	4	43	25	34	39	48	28	40	3168
48	6	47	26	41	29	46	31	13	32	33	38	34	35	7	37	45	15	50	9	22	5	12	1	14	11	16	24	21	18	8	42	23	44	10	17	27	30	36	2	19	49	20	3	4	43	25	48	28	40	39	3180
48	6	47	26	41	29	46	31	13	32	33	38	34	35	7	37	45	15	50	9	22	5	12	1	14	11	16	24	21	18	8	42	23	44	10	17	27	30	36	2	19	49	20	3	4	43	25	48	28	40	39	3180
48	6	47	26	41	29	46	31	13	32	33	38	34	35	7	37	45	15	50	9	22	5	12	1	14	11	16	24	21	18	8	42	23	44	10	17	27	30	36	2	19	49	20	3	4	43	25	48	28	40	39	3180
48	6	26	29	46	31	47	13	32	41	33	38	35	7	37	45	15	50	9	22	5	12	1	14	11	16	24	21	18	8	42	23	44	10	17	27	30	36	2	19	49	20	3	4	43	25	34	39	48	28	40	3168
48	6	26	29	46	31	47	13	32	41	33	38	35	7	37	45	15	50	9	22	5	12	1	14	11	16	24	21	18	8	42	23	44	10	17	27	30	36	2	19	49	20	3	4	43	25	34	39	48	28	40	3168
48	21	26	6	29	7	43	31	35	41	13	42	24	9	5	47	32	15	12	11	1	18	46	45	22	17	19	20	23	38	14	16	8	10	33	49	44	48	2	50	37	36	25	34	27	30	3	28	4	39	40	3142
48	6	47	26	41	29	46	31	13	32	33	38	34	35	7	37	45	15	50	9	22	5	12	1	14	11	16	24	21	18	8	42	23	44	10	17	27	30	36	2	19	49	20	3	4	43	25	48	28	40	39	3180
48	6	47	26	41	29	46	31	13	32	33	38	34	35	7	37	45	15	50	9	22	5	12	1	14	11	16	24	21	18	8	42	23	44	10	17	27	30	36	2	19	49	20	3	4	43	25	48	28	40	39	3180
48	6	26	29	46	31	47	13	32	41	33	38	35	7	37	45	15	50	9	22	5	12	1	14	11	16	24	21	18	8	42	23	44	10	17	27	30	36	2	19	49	20	3	4	43	25	34	39	48	28	40	3168
48	6	26	29	46	31	47	13	32	41	33	38	35	7	37	45	15	50	9	22	5	12	1	14	11	16	24	21	18	8	42	23	44	10	17	27	30	36	2	19	49	20	3	4	43	25	34	39	48	28	40	3168
48	6	26	29	46	31	47	13	32	41	33	38	35	7	37	45	15	50	9	22	5	12	1	14	11	16	24	21	18	8	42	23	44	10	17	27	30	36	2	19	49	20	3	4	43	25	34	39	48	28	40	3168
48	6	47	26	41	29	46	31	13	32	33	38	34	35	7	37	45	15	50	9	22	5	12	1	14	11	16	24	21	18	8	42	23	44	10	17	27	30	36	2	19	49	20	3	4	43	25	48	28	40	39	3180
48	6	47	26	41	29	46	31	13	32	33	38	34	35	7	37	45	15	50	9	22	5	12	1	14	11	16	24	21	18	8	42	23	44	10	17	27	30	36	2	19	49	20	3	4	43	25	48	28	40	39	3180
48	6	26	29	46	31	47	13	32	41	33	38	35	7	37	45	15	50	9	22	5	12	1	14	11	16	24	21	18	8	42	23	44	10	17	27	30	36	2	19	49	20	3	4	43	25	34	39	48	28	40	3168
48	21	26	6	29	7	43	34	31	35	13	42	24	9	5	47	32	15	12	11	1	18	46	45	22	17	19	20	23	38	41	14	16	8	10	33	44	2	50	48	37	49	25	36	27	30	3	4	40	28	39	3172
48	6	26	29	46	31	47	13	32	41	33	38	35	7	37	45	15	50	9	22	5	12	1	14	11	16	24	21	18	8	42	23	44	10	17	27	30	36	2	19	49	20	3	4	43	25	34	39	48	28	40	3168
48	6	47	26	41	29	46	31	13	32	33	38	34	35	7	37	45	15	50	9	22	5	12	1	14	11	16	24	21	18	8	42	23	44	10	17	27	30	36	2	19	49	20	3	4	43	25	48	28	40	39	3180
48	6	47	26	41	29	46	31	13	32	33	38	34	35	7	37	45	15	50	9	22	5	12	1	14	11	16	24	21	18	8	42	23	44	10	17	27	30	36	2	19	49	20	3	4	43	25	48	28	40	39	3180
48	6	26	29	46	31	47	13	32	41	33	38	35	7	37	45	15	50	9	22	5	12	1	14	11	16	24	21	18	8	42	23	44	10	17	27	30	36	2	19	49	20	3	4	43	25	34	39	48	28	40	3168
48	6	26	29	46	31	47	13	32	41	33	38	35	7	37	45	15	50	9	22	5	12	1	14	11	16	24	21	18	8	42	23	44	10	17	27	30	36	2	19	49	20	3	4	43	25	34	39	48	28	40	3168
48	6	26	29	46	31	47	13	32	41	33	38	35	7	37	45	15	50	9	22	5	12	1	14	11	16	24	21	18	8	42	23	44	10	17	27	30	36	2	19	49	20	3	4	43	25	34	39	48	28	40	3168
48	6	47	26	41	29	46	31	13	32	33	38	34	35	7	37	45	15	50	9	22	5	12	1	14	11	16	24	21	18	8	42	23	44	10	17	27	30	36	2	19	49	20	3	4	43	25	48	28	40	39	3180
48	6	47	26	41	29	46	31	13	32	33	38	34	35	7	37	45	15	50	9	22	5	12	1	14	11	16	24	21	18	8	42	23	44	10	17	27	30	36	2	19	49	20	3	4	43	25	48	28	40	39	3180
48	21	26	6	29	7	43	34	31	35	13	42	24	9	5	47	32	15	12	11	1	18	46	45	22	17	19	20	23	38	41	14	16	8	10	33	44	2	50	48	37	36	25	49	27	30	3	4	40	28	39	3172
48	6	26	29	46	31	47	13	32	41	33	38	35	7	37	45	15	50	9	22	5	12	1	14	11	16	24	21	18	8	42	23	44	10	17	27	30	36	2	19	49	20	3	4	43	25	34	39	48	28	40	3168
48	6	26	29	46	31	47	13	32	41	33	38	35	7	37	45	15	50	9	22	5	12	1	14	11	16	24	21	18	8	42	23	44	10	17	27	30	36	2	19	49	20	3	4	43	25	34	39	48	28	40	3168
48	6	47	26	41	29	46	31	13	32	33	38	34	35	7	37	45	15	50	9	22	5	12	1	14	11	16	24	21	18	8	42	23	44	10	17	27	30	36	2	19	49	20	3	4	43	25	48	28	40	39	3180
48	6	47	26	41	29	46	31	13	32	33	38	34	35	7	37	45	15	50	9	22	5	12	1	14	11	16	24	21	18	8	42	23	44	10	17	27	30	36	2	19	49	20	3	4	43	25	48	28	40	39	3180
48	6	47	26	41	29	46	31	13	32	33	38	34	35	7	37	45	15	50	9	22	5	12	1	14	11	16	24	21	18	8	42	23	44	10	17	27	30	36	2	19	49	20	3	4	43	25	48	28	40	39	3180
48	6	26	29	46	31	47	13	32	41	33	38	35	7	37	45	15	50	9	22	5	12	1	14	11	16	24	21	18	8	42	23	44	10	17	27	30	36	2	19	49	20	3	4	43	25	34	39	48	28	40	3168
48	6	26	29	46	31	47	13	32	41	33	38	35	7	37	45	15	50	9	22	5	12	1	14	11	16	24	21	18	8	42	23	44	10	17	27	30	36	2	19	49	20	3	4	43	25	34	39	48	28	40	3168
48	6	47	26	41	29	46	31	13	32	33	38	34	35	7	37	45	15	50	9	22	5	12	1	14	11	16	24	21	18	8	42	23	44	10	17	27	30	36	2	19	49	20	3	4	43	25	48	28	40	39	3180
48	21	26	6	29	7	43	31	35	41	13	42	24	9	5	47	32	15	12	11	1	18	46	45	22	17	19	20	23	38	14	16	8	10	33	49	44	48	2	50	37	36	25	34	27	30	3	28	4	39	40	3142
48	6	47	26	41	29	46	31	13	32	33	38	34	35	7	37	45	15	50	9	22	5	12	1	14	11	16	24	21	18	8	42	23	44	10	17	27	30	36	2	19	49	20	3	4	43	25	48	28	40	39	3180
48	6	26	29	46	31	47	13	32	41	33	38	35	7	37	45	15	50	9	22	5	12	1	14	11	16	24	21	18	8	42	23	44	10	17	27	30	36	2	19	49	20	3	4	43	25	34	39	48	28	40	3168
48	6	26	29	46	31	47	13	32	41	33	38	35	7	37	45	15	50	9	22	5	12	1	14	11	16	24	21	18	8	42	23	44	10	17	27	30	36	2	19	49	20	3	4	43	25	34	39	48	28	40	3168
48	6	47	26	41	29	46	31	13	32	33	38	34	35	7	37	45	15	50	9	22	5	12	1	14	11	16	24	21	18	8	42	23	44	10	17	27	30	36	2	19	49	20	3	4	43	25	48	28	40	39	3180
48	6	47	26	41	29	46	31	13	32	33	38	34	35	7	37	45	15	50	9	22	5	12	1	14	11	16	24	21	18	8	42	23	44	10	17	27	30	36	2	19	49	20	3	4	43	25	48	28	40	39	3180
48	6	47	26	41	29	46	31	13	32	33	38	34	35	7	37	45	15	50	9	22	5	12	1	14	11	16	24	21	18	8	42	23	44	10	17	27	30	36	2	19	49	20	3	4	43	25	48	28	40	39	3180
48	6	26	29	46	31	47	13	32	41	33	38	35	7	37	45	15	50	9	22	5	12	1	14	11	16	24	21	18	8	42	23	44	10	17	27	30	36	2	19	49	20	3	4	43	25	34	39	48	28	40	3168
48	6	26	29	46	31	47	13	32	41	33	38	35	7	37	45	15	50	9	22	5	12	1	14	11	16	24	21	18	8	42	23	44	10	17	27	30	36	2	19	49	20	3	4	43	25	34	39	48	28	40	3168
48	21	26	6	29	7	43	34	31	35	13	42	24	9	5	47	32	15	12	11	1	18	46	45	22	17	19	20	23	38	41	14	16	8	10	33	44	2	50	48	37	36	25	49	27	30	3	4	40	28	39	3172
48	6	47	26	41	29	46	31	13	32	33	38	34	35	7	37	45	15	50	9	22	5	12	1	14	11	16	24	21	18	8	42	23	44	10	17	27	30	36	2	19	49	20	3	4	43	25	48	28	40	39	3180
48	6	47	26	41	29	46	31	13	32	33	38	34	35	7	37	45	15	50	9	22	5	12	1	14	11	16	24	21	18	8	42	23	44	10	17	27	30	36	2	19	49	20	3	4	43	25	48	28	40	39	3180
48	6	26	29	46	31	47	13	32	41	33	38	35	7	37	45	15	50	9	22	5	12	1	14	11	16	24	21	18	8	42	23	44	10	17	27	30	36	2	19	49	20	3	4	43	25	34	39	48	28	40	3168
48	6	26	29	46	31	47	13	32	41	33	38	35	7	37	45	15	50	9	22	5	12	1	14	11	16	24	21	18	8	42	23	44	10	17	27	30	36	2	19	49	20	3	4	43	25	34	39	48	28	40	3168
48	6	26	29	46	31	47	13	32	41	33	38	35	7	37	45	15	50	9	22	5	12	1	14	11	16	24	21	18	8	42	23	44	10	17	27	30	36	2	19	49	20	3	4	43	25	34	39	48	28	40	3168
48	6	47	26	41	29	46	31	13	32	33	38	34	35	7	37	45	15	50	9	22	5	12	1	14	11	16	24	21	18	8	42	23	44	10	17	27	30	36	2	19	49	20	3	4	43	25	48	28	40	39	3180
48	6	47	26	41	29	46	31	13	32	33	38	34	35	7	37	45	15	50	9	22	5	12	1	14	11	16	24	21	18	8	42	23	44	10	17	27	30	36	2	19	49	20	3	4	43	25	48	28	40	39	3180
48	6	26	29	46	31	47	13	32	41	33	38	35	7	37	45	15	50	9	22	5	12	1	14	11	16	24	21	18	8	42	23	44	10	17	27	30	36	2	19	49	20	3	4	43	25	34	39	48	28	40	3168
48	21	26	6	29	7	43	34	31	35	13	42	24	9	5	47	32	15	12	11	1	18	46	45	22	17	19	20	23	38	41	14	16	8	10	33	44	2	50	48	37	49	25	36	27	30	3	4	40	28	39	3172
48	6	26	29	46	31	47	13	32	41	33	38	35	7	37	45	15	50	9	22	5	12	1	14	11	16	24	21	18	8	42	23	44	10	17	27	30	36	2	19	49	20	3	4	43	25	34	39	48	28	40	3168
48	6	47	26	41	29	46	31	13	32	33	38	34	35	7	37	45	15	50	9	22	5	12	1	14	11	16	24	21	18	8	42	23	44	10	17	27	30	36	2	19	49	20	3	4	43	25	48	28	40	39	3180
48	6	47	26	41	29	46	31	13	32	33	38	34	35	7	37	45	15	50	9	22	5	12	1	14	11	16	24	21	18	8	42	23	44	10	17	27	30	36	2	19	49	20	3	4	43	25	48	28	40	39	3180
48	6	26	29	46	31	47	13	32	41	33	38	35	7	37	45	15	50	9	22	5	12	1	14	11	16	24	21	18	8	42	23	44	10	17	27	30	36	2	19	49	20	3	4	43	25	34	39	48	28	40	3168
48	6	26	29	46	31	47	13	32	41	33	38	35	7	37	45	15	50	9	22	5	12	1	14	11	16	24	21	18	8	42	23	44	10	17	27	30	36	2	19	49	20	3	4	43	25	34	39	48	28	40	3168
48	6	26	29	46	31	47	13	32	41	33	38	35	7	37	45	15	50	9	22	5	12	1	14	11	16	24	21	18	8	42	23	44	10	17	27	30	36	2	19	49	20	3	4	43	25	34	39	48	28	40	3168
48	6	47	26	41	29	46	31	13	32	33	38	34	35	7	37	45	15	50	9	22	5	12	1	14	11	16	24	21	18	8	42	23	44	10	17	27	30	36	2	19	49	20	3	4	43	25	48	28	40	39	3180
48	6	47	26	41	29	46	31	13	32	33	38	34	35	7	37	45	15	50	9	22	5	12	1	14	11	16	24	21	18	8	42	23	44	10	17	27	30	36	2	19	49	20	3	4	43	25	48	28	40	39	3180
48	21	26	6	29	7	43	31	35	41	13	42	24	9	5	47	32	15	12	11	1	18	46	45	22	17	19	20	23	38	14	16	8	10	33	49	44	48	2	50	37	36	25	34	27	30	3	28	4	39	40	3142
48	6	26	29	46	31	47	13	32	41	33	38	35	7	37	45	15	50	9	22	5	12	1	14	11	16	24	21	18	8	42	23	44	10	17	27	30	36	2	19	49	20	3	4	43	25	34	39	48	28	40	3168
48	6	26	29	46	31	47	13	32	41	33	38	35	7	37	45	15	50	9	22	5	12	1	14	11	16	24	21	18	8	42	23	44	10	17	27	30	36	2	19	49	20	3	4	43	25	34	39	48	28	40	3168
48	6	47	26	41	29	46	31	13	32	33	38	34	35	7	37	45	15	50	9	22	5	12	1	14	11	16	24	21	18	8	42	23	44	10	17	27	30	36	2	19	49	20	3	4	43	25	48	28	40	39	3180
48	6	47	26	41	29	46	31	13	32	33	38	34	35	7	37	45	15	50	9	22	5	12	1	14	11	16	24	21	18	8	42	23	44	10	17	27	30	36	2	19	49	20	3	4	43	25	48	28	40	39	3180
48	6	47	26	41	29	46	31	13	32	33	38	34	35	7	37	45	15	50	9	22	5	12	1	14	11	16	24	21	18	8	42	23	44	10	17	27	30	36	2	19	49	20	3	4	43	25	48	28	40	39	3180
48	6	26	29	46	31	47	13	32	41	33	38	35	7	37	45	15	50	9	22	5	12	1	14	11	16	24	21	18	8	42	23	44	10	17	27	30	36	2	19	49	20	3	4	43	25	34	39	48	28	40	3168
48	6	26	29	46	31	47	13	32	41	33	38	35	7	37	45	15	50	9	22	5	12	1	14	11	16	24	21	18	8	42	23	44	10	17	27	30	36	2	19	49	20	3	4	43	25	34	39	48	28	40	3168
48	6	47	26	41	29	46	31	13	32	33	38	34	35	7	37	45	15	50	9	22	5	12	1	14	11	16	24	21	18	8	42	23	44	10	17	27	30	36	2	19	49	20	3	4	43	25	48	28	40	39	3180
48	21	26	6	29	7	43	31	35	41	13	42	24	9	5	47	32	15	12	11	1	18	46	45	22	17	19	20	23	38	14	16	8	10	33	49	44	48	2	50	37	36	25	34	27	30	3	28	4	39	40	3142
48	6	47	26	41	29	46	31	13	32	33	38	34	35	7	37	45	15	50	9	22	5	12	1	14	11	16	24	21	18	8	42	23	44	10	17	27	30	36	2	19	49	20	3	4	43	25	48	28	40	39	3180
48	6	26	29	46	31	47	13	32	41	33	38	35	7	37	45	15	50	9	22	5	12	1	14	11	16	24	21	18	8	42	23	44	10	17	27	30	36	2	19	49	20	3	4	43	25	34	39	48	28	40	3168
48	6	26	29	46	31	47	13	32	41	33	38	35	7	37	45	15	50	9	22	5	12	1	14	11	16	24	21	18	8	42	23	44	10	17	27	30	36	2	19	49	20	3	4	43	25	34	39	48	28	40	3168
48	6	26	29	46	31	47	13	32	41	33	38	35	7	37	45	15	50	9	22	5	12	1	14	11	16	24	21	18	8	42	23	44	10	17	27	30	36	2	19	49	20	3	4	43	25	34	39	48	28	40	3168
48	6	47	26	41	29	46	31	13	32	33	38	34	35	7	37	45	15	50	9	22	5	12	1	14	11	16	24	21	18	8	42	23	44	10	17	27	30	36	2	19	49	20	3	4	43	25	48	28	40	39	3180
48	6	47	26	41	29	46	31	13	32	33	38	34	35	7	37	45	15	50	9	22	5	12	1	14	11	16	24	21	18	8	42	23	44	10	17	27	30	36	2	19	49	20	3	4	43	25	48	28	40	39	3180
48	6	26	29	46	31	47	13	32	41	33	38	35	7	37	45	15	50	9	22	5	12	1	14	11	16	24	21	18	8	42	23	44	10	17	27	30	36	2	19	49	20	3	4	43	25	34	39	48	28	40	3168
48	6	26	29	46	31	47	13	32	41	33	38	35	7	37	45	15	50	9	22	5	12	1	14	11	16	24	21	18	8	42	23	44	10	17	27	30	36	2	19	49	20	3	4	43	25	34	39	48	28	40	3168
48	21	26	6	29	7	43	34	31	35	13	42	24	9	5	47	32	15	12	11	1	18	46	45	22	17	19	20	23	38	41	14	16	8	10	33	44	2	50	48	37	36	25	49	27	30	3	4	40	28	39	3172
48	6	47	26	41	29	46	31	13	32	33	38	34	35	7	37	45	15	50	9	22	5	12	1	14	11	16	24	21	18	8	42	23	44	10	17	27	30	36	2	19	49	20	3	4	43	25	48	28	40	39	3180
48	6	47	26	41	29	46	31	13	32	33	38	34	35	7	37	45	15	50	9	22	5	12	1	14	11	16	24	21	18	8	42	23	44	10	17	27	30	36	2	19	49	20	3	4	43	25	48	28	40	39	3180
48	6	26	29	46	31	47	13	32	41	33	38	35	7	37	45	15	50	9	22	5	12	1	14	11	16	24	21	18	8	42	23	44	10	17	27	30	36	2	19	49	20	3	4	43	25	34	39	48	28	40	3168
48	6	26	29	46	31	47	13	32	41	33	38	35	7	37	45	15	50	9	22	5	12	1	14	11	16	24	21	18	8	42	23	44	10	17	27	30	36	2	19	49	20	3	4	43	25	34	39	48	28	40	3168
48	6	26	29	46	31	47	13	32	41	33	38	35	7	37	45	15	50	9	22	5	12	1	14	11	16	24	21	18	8	42	23	44	10	17	27	30	36	2	19	49	20	3	4	43	25	34	39	48	28	40	3168
48	6	47	26	41	29	46	31	13	32	33	38	34	35	7	37	45	15	50	9	22	5	12	1	14	11	16	24	21	18	8	42	23	44	10	17	27	30	36	2	19	49	20	3	4	43	25	48	28	40	39	3180
48	6	47	26	41	29	46	31	13	32	33	38	34	35	7	37	45	15	50	9	22	5	12	1	14	11	16	24	21	18	8	42	23	44	10	17	27	30	36	2	19	49	20	3	4	43	25	48	28	40	39	3180
48	6	26	29	46	31	47	13	32	41	33	38	35	7	37	45	15	50	9	22	5	12	1	14	11	16	24	21	18	8	42	23	44	10	17	27	30	36	2	19	49	20	3	4	43	25	34	39	48	28	40	3168
48	21	26	6	29	7	43	34	31	35	13	42	24	9	5	47	32	15	12	11	1	18	46	45	22	17	19	20	23	38	41	14	16	8	10	33	44	2	50	48	37	49	25	36	27	30	3	4	40	28	39	3172
48	6	26	29	46	31	47	13	32	41	33	38	35	7	37	45	15	50	9	22	5	12	1	14	11	16	24	21	18	8	42	23	44	10	17	27	30	36	2	19	49	20	3	4	43	25	34	39	48	28	40	3168
48	6	47	26	41	29	46	31	13	32	33	38	34	35	7	37	45	15	50	9	22	5	12	1	14	11	16	24	21	18	8	42	23	44	10	17	27	30	36	2	19	49	20	3	4	43	25	48	28	40	39	3180
48	6	47	26	41	29	46	31	13	32	33	38	34	35	7	37	45	15	50	9	22	5	12	1	14	11	16	24	21	18	8	42	23	44	10	17	27	30	36	2	19	49	20	3	4	43	25	48	28	40	39	3180
48	6	47	26	41	29	46	31	13	32	33	38	34	35	7	37	45	15	50	9	22	5	12	1	14	11	16	24	21	18	8	42	23	44	10	17	27	30	36	2	19	49	20	3	4	43	25	48	28	40	39	3180
48	6	26	29	46	31	47	13	32	41	33	38	35	7	37	45	15	50	9	22	5	12	1	14	11	16	24	21	18	8	42	23	44	10	17	27	30	36	2	19	49	20	3	4	43	25	34	39	48	28	40	3168
48	6	26	29	46	31	47	13	32	41	33	38	35	7	37	45	15	50	9	22	5	12	1	14	11	16	24	21	18	8	42	23	44	10	17	27	30	36	2	19	49	20	3	4	43	25	34	39	48	28	40	3168
48	6	47	26	41	29	46	31	13	32	33	38	34	35	7	37	45	15	50	9	22	5	12	1	14	11	16	24	21	18	8	42	23	44	10	17	27	30	36	2	19	49	20	3	4	43	25	48	28	40	39	3180
48	6	47	26	41	29	46	31	13	32	33	38	34	35	7	37	45	15	50	9	22	5	12	1	14	11	16	24	21	18	8	42	23	44	10	17	27	30	36	2	19	49	20	3	4	43	25	48	28	40	39	3180
48	21	26	6	29	7	43	31	35	41	13	42	24	9	5	47	32	15	12	11	1	18	46	45	22	17	19	20	23	38	14	16	8	10	33	49	44	48	2	50	37	36	25	34	27	30	3	28	4	39	40	3142
48	6	26	29	46	31	47	13	32	41	33	38	35	7	37	45	15	50	9	22	5	12	1	14	11	16	24	21	18	8	42	23	44	10	17	27	30	36	2	19	49	20	3	4	43	25	34	39	48	28	40	3168
48	6	26	29	46	31	47	13	32	41	33	38	35	7	37	45	15	50	9	22	5	12	1	14	11	16	24	21	18	8	42	23	44	10	17	27	30	36	2	19	49	20	3	4	43	25	34	39	48	28	40	3168
48	6	47	26	41	29	46	31	13	32	33	38	34	35	7	37	45	15	50	9	22	5	12	1	14	11	16	24	21	18	8	42	23	44	10	17	27	30	36	2	19	49	20	3	4	43	25	48	28	40	39	3180
48	6	47	26	41	29	46	31	13	32	33	38	34	35	7	37	45	15	50	9	22	5	12	1	14	11	16	24	21	18	8	42	23	44	10	17	27	30	36	2	19	49	20	3	4	43	25	48	28	40	39	3180
48	6	47	26	41	29	46	31	13	32	33	38	34	35	7	37	45	15	50	9	22	5	12	1	14	11	16	24	21	18	8	42	23	44	10	17	27	30	36	2	19	49	20	3	4	43	25	48	28	40	39	3180
48	6	26	29	46	31	47	13	32	41	33	38	35	7	37	45	15	50	9	22	5	12	1	14	11	16	24	21	18	8	42	23	44	10	17	27	30	36	2	19	49	20	3	4	43	25	34	39	48	28	40	3168
48	6	26	29	46	31	47	13	32	41	33	38	35	7	37	45	15	50	9	22	5	12	1	14	11	16	24	21	18	8	42	23	44	10	17	27	30	36	2	19	49	20	3	4	43	25	34	39	48	28	40	3168
48	6	26	29	46	31	47	13	32	41	33	38	35	7	37	45	15	50	9	22	5	12	1	14	11	16	24	21	18	8	42	23	44	10	17	27	30	36	2	19	49	20	3	4	43	25	34	39	48	28	40	3168
48	21	26	6	29	7	43	31	35	41	13	42	24	9	5	47	32	15	12	11	1	18	46	45	22	17	19	20	23	38	14	16	8	10	33	49	44	48	2	50	37	36	25	34	27	30	3	28	4	39	40	3142
48	6	47	26	41	29	46	31	13	32	33	38	34	35	7	37	45	15	50	9	22	5	12	1	14	11	16	24	21	18	8	42	23	44	10	17	27	30	36	2	19	49	20	3	4	43	25	48	28	40	39	3180
48	6	47	45	35	42	32	31	26	11	38	41	37	8	29	15	13	9	5	1	12	22	18	46	49	48	50	19	28	17	7	4	10	43	20	33	2	14	44	25	3	16	24	23	27	36	30	34	21	40	39	3140
48	21	6	44	47	35	25	26	17	43	48	34	31	7	50	15	9	5	37	1	19	23	42	41	4	16	29	8	10	38	33	32	13	2	11	12	30	14	18	46	20	45	24	40	36	27	22	3	49	39	28	3208
48	47	21	6	29	42	41	45	48	35	50	31	34	44	26	17	37	43	24	7	15	9	5	1	19	4	20	16	8	10	38	32	33	13	2	11	12	46	30	14	18	22	36	25	27	23	3	49	39	28	40	3186
48	21	26	45	6	29	43	17	35	24	47	41	44	37	22	7	31	15	9	5	42	1	19	4	33	28	46	16	8	38	10	13	2	11	12	32	14	18	48	23	20	50	36	25	49	27	3	39	30	34	40	3225
48	26	21	6	47	35	45	29	37	25	41	17	42	24	7	15	9	5	1	19	46	4	20	16	50	48	8	10	13	2	32	38	11	44	31	12	14	23	49	18	33	27	22	36	3	43	30	39	34	40	28	3189
48	21	26	6	47	41	29	17	35	38	24	37	22	7	31	15	50	48	9	5	1	19	4	33	36	28	46	16	8	10	13	2	42	11	12	32	14	45	18	43	23	20	25	34	27	3	44	49	39	30	40	3154
48	26	45	50	47	35	36	21	6	33	29	17	22	13	7	42	15	9	5	1	19	37	4	8	10	16	23	2	25	11	38	14	44	48	49	41	32	31	12	18	46	43	20	24	27	3	39	30	34	40	28	3173
48	6	17	29	37	24	50	46	13	47	35	32	45	7	15	9	5	1	19	4	42	8	34	10	49	16	2	20	25	11	12	26	23	41	18	44	31	33	27	22	3	30	14	48	43	38	36	28	21	40	39	3180
48	6	17	29	37	45	24	13	35	7	15	9	5	1	19	50	46	49	4	48	42	8	10	16	32	2	20	25	11	47	28	12	26	23	18	44	41	31	43	33	27	36	22	3	30	14	38	34	21	40	39	3185
48	6	17	44	43	29	37	24	13	7	15	9	5	35	1	19	50	4	42	8	10	16	32	47	2	20	25	11	34	12	26	23	18	41	38	36	46	45	31	33	27	22	3	30	14	49	48	21	40	28	39	3199
48	6	44	47	41	17	38	29	37	45	24	13	35	7	43	32	15	9	5	1	19	4	50	42	8	10	39	46	48	16	36	28	2	20	25	11	12	34	26	23	18	49	33	27	31	22	3	30	14	21	40	3201
48	6	17	29	47	41	35	37	45	24	13	7	44	50	32	48	15	9	5	1	19	4	42	8	10	46	16	36	43	2	38	34	20	25	11	28	12	26	23	49	18	31	33	27	22	3	30	14	21	40	39	3165
48	6	17	44	45	29	50	48	35	37	24	13	7	43	32	15	9	5	38	1	19	4	42	8	10	46	16	36	2	20	25	11	12	34	47	26	23	49	18	31	33	27	22	3	28	30	41	14	21	40	39	3199
48	6	17	47	44	41	29	37	45	50	48	24	13	35	7	43	32	15	9	5	1	19	4	42	8	10	46	16	36	2	38	34	20	25	11	12	26	23	18	49	28	33	27	31	22	3	30	14	21	40	39	3157
48	6	47	33	17	34	41	42	49	29	13	22	7	31	35	21	26	50	48	38	37	45	15	24	9	5	14	1	18	44	4	25	8	10	16	32	2	11	12	36	27	19	30	23	43	20	3	46	40	28	39	3147
48	6	17	29	47	41	35	37	45	24	13	7	44	50	32	48	15	9	5	1	19	4	42	8	10	46	16	36	43	2	38	34	20	25	11	12	26	23	28	49	18	31	33	27	22	3	30	14	21	40	39	3165
48	21	6	26	17	34	31	29	32	50	7	43	35	19	9	5	38	15	25	1	24	4	44	47	41	48	13	18	33	37	14	23	16	8	42	10	36	20	45	2	30	11	12	46	49	40	27	22	3	39	28	3181
48	6	38	33	17	32	42	36	29	41	13	22	7	31	35	21	26	50	48	37	43	47	15	24	9	5	14	1	18	44	4	25	8	10	16	2	11	34	45	28	12	27	19	30	23	49	20	3	46	40	39	3204
48	21	6	38	34	49	26	43	35	45	31	17	7	22	13	24	15	9	5	14	1	18	29	4	8	10	16	32	2	50	42	11	12	28	19	33	25	48	37	23	27	36	30	41	20	47	3	44	46	40	39	3234
48	28	21	45	6	47	41	26	35	50	31	17	7	22	13	24	43	15	9	5	14	1	18	29	4	8	10	16	32	2	42	11	12	48	19	33	25	37	23	27	36	44	30	34	38	49	20	3	46	40	39	3208
48	6	28	45	33	47	17	36	34	42	41	29	38	13	22	7	31	35	21	26	48	39	37	43	15	24	50	9	5	14	1	18	44	4	25	8	10	16	32	2	11	49	12	27	19	30	23	20	3	46	40	3199
48	6	47	13	33	7	35	21	37	31	26	23	15	45	42	9	5	14	1	18	29	24	4	32	8	10	16	30	2	38	11	12	19	46	43	25	34	27	41	44	36	20	17	50	48	22	49	40	3	39	28	3137
48	21	6	26	47	41	33	29	42	31	32	7	23	13	35	38	15	9	5	24	14	1	18	46	25	4	30	8	10	16	2	11	12	19	44	43	27	20	34	50	37	36	45	40	17	22	48	3	49	39	28	3180
48	21	6	38	26	33	43	47	29	31	44	41	42	7	23	13	15	9	5	24	14	1	18	35	25	4	34	30	8	10	16	2	11	12	19	48	28	27	49	20	36	32	50	37	45	17	22	40	3	46	39	3200
48	21	6	38	43	26	35	41	49	31	7	24	9	5	15	37	28	1	50	4	13	18	29	14	25	23	16	8	42	32	47	17	34	22	10	45	33	2	11	12	19	44	27	48	36	20	3	30	46	40	39	3207
48	21	6	26	35	7	23	13	15	9	5	24	14	1	18	47	44	31	29	37	50	25	4	8	10	42	34	16	32	41	2	45	38	11	12	19	33	43	46	27	20	36	49	30	17	22	48	3	40	28	39	3142
48	21	6	26	7	23	13	15	9	5	24	14	1	18	47	44	31	29	37	50	35	25	43	4	8	10	42	32	16	41	34	2	45	38	11	12	19	33	46	27	20	36	49	30	17	22	48	3	40	28	39	3126
48	21	6	26	7	23	13	15	9	5	24	14	1	18	45	35	49	41	28	29	37	50	25	48	4	8	10	42	32	16	43	2	36	38	11	12	19	33	47	44	34	27	20	30	31	17	22	3	46	40	39	3186
48	21	6	26	7	43	23	13	15	9	5	24	14	1	18	29	37	50	45	35	25	38	4	8	10	41	42	47	32	16	2	11	34	12	48	19	33	27	44	36	31	20	30	49	17	22	3	46	40	28	39	3165
48	21	6	26	7	49	31	23	13	15	9	5	43	24	14	1	44	47	18	36	38	41	35	29	37	50	25	4	8	10	42	16	39	32	2	11	12	19	33	46	27	20	34	45	30	17	22	40	48	3	28	3186
