39	13	3	12	29	10	24	46	14	50	1	9	28	45	44	15	7	39	49	47	33	16	40	37	5	2	20	30	34	48	25	19	21	32	11	26	38	23	43	18	22	36	31	6	41	35	27	42	4	17	8	2574
39	46	24	45	17	13	49	47	50	29	14	12	44	15	41	10	23	32	42	34	40	48	38	18	22	11	30	1	33	20	6	25	2	21	5	19	37	35	16	7	9	31	28	26	43	3	36	39	27	4	8	2616
39	46	45	17	13	10	49	39	44	47	50	24	41	40	14	36	28	37	1	32	15	33	20	30	7	2	5	19	6	25	11	3	21	9	23	35	43	16	26	48	42	38	22	29	4	18	34	8	12	27	31	2605
39	24	46	44	49	29	40	45	13	47	41	39	12	32	1	15	33	42	48	20	30	23	21	10	7	2	18	22	5	19	28	37	34	6	25	16	9	35	50	14	38	11	27	26	43	3	36	31	4	17	8	2583
39	46	13	10	24	16	45	44	39	26	37	14	40	1	41	42	48	29	15	36	23	21	9	33	27	35	12	25	7	2	5	19	30	11	20	47	38	28	22	6	31	34	32	18	49	50	43	3	4	17	8	2587
39	24	10	16	44	39	13	32	28	48	45	40	37	41	42	17	31	26	12	1	15	23	21	9	33	34	25	7	2	5	19	30	11	35	20	38	18	22	6	27	3	46	43	47	36	50	29	49	14	4	8	2607
39	46	12	29	13	17	44	45	24	49	37	40	34	14	10	42	1	15	36	27	33	41	35	18	30	20	38	7	2	5	19	39	50	32	21	9	23	11	22	25	16	26	48	43	47	6	28	3	31	4	8	2600
39	24	10	12	44	40	39	48	45	37	34	31	13	1	15	42	23	26	33	27	36	21	25	7	2	35	16	9	5	19	30	14	11	22	20	6	28	32	17	38	46	41	43	47	18	49	29	3	4	50	8	2611
39	47	46	45	44	40	12	34	32	28	14	24	37	13	41	39	48	50	31	10	38	43	36	26	1	15	33	16	30	20	7	25	2	5	19	42	21	27	6	9	23	11	22	35	18	49	29	3	4	17	8	2625
39	12	44	49	46	24	39	34	32	40	48	45	28	14	41	38	13	42	36	26	10	1	15	33	27	16	30	18	20	25	7	2	9	5	19	21	6	22	23	37	43	47	11	3	17	31	35	29	4	50	8	2594
39	24	46	49	45	10	12	44	40	48	39	37	34	41	32	13	28	38	42	50	43	3	1	15	47	11	30	2	20	25	33	19	18	21	9	7	23	26	16	22	6	27	5	36	17	31	35	29	4	14	8	2583
39	24	10	12	44	48	40	39	46	37	34	32	41	42	43	28	13	38	3	1	15	11	49	30	2	20	25	33	19	18	21	9	7	23	26	16	22	6	27	5	31	50	45	47	36	35	29	4	17	14	8	2593
39	24	46	49	41	47	39	44	42	48	45	36	37	14	32	40	28	29	34	13	38	12	10	26	3	1	15	11	27	30	2	20	25	33	19	18	21	9	7	23	31	16	22	6	5	17	35	43	4	50	8	2595
39	24	46	49	41	47	39	44	42	48	45	36	37	14	32	40	28	29	34	13	12	10	26	3	1	15	11	27	38	30	2	20	25	33	19	18	21	9	7	23	31	16	22	6	5	17	35	43	4	50	8	2595
39	24	46	13	49	41	40	50	48	39	29	44	42	37	43	3	36	34	16	1	15	9	11	10	30	2	20	25	33	27	38	26	47	18	19	21	22	7	23	6	35	14	5	28	32	12	31	45	4	17	8	2593
39	24	46	49	40	13	47	48	41	29	39	42	44	43	3	36	37	34	38	11	9	10	1	15	16	26	30	18	25	2	20	33	17	27	19	21	22	7	23	6	35	14	5	28	32	12	31	4	45	50	8	2618
39	24	46	49	13	40	45	41	48	39	44	42	29	3	36	37	34	38	11	9	10	1	15	16	26	30	18	25	2	20	33	17	27	19	21	22	7	23	6	35	14	5	28	32	12	31	50	43	47	4	8	2600
39	24	46	49	13	40	45	41	48	39	44	42	29	3	36	37	34	38	11	9	10	1	15	16	26	30	18	25	2	20	33	17	27	19	21	22	7	23	6	35	14	5	28	32	12	31	50	43	47	4	8	2600
39	47	46	49	50	45	24	13	41	40	48	39	44	17	37	28	32	3	29	36	43	34	14	38	42	11	9	10	1	15	16	26	30	2	20	25	33	19	35	12	21	7	22	23	6	31	5	18	27	8	4	2616
39	24	41	39	44	42	48	29	36	31	34	40	13	3	16	30	11	9	10	1	15	18	25	23	2	21	20	38	17	22	33	27	26	19	28	32	7	6	35	37	5	46	45	49	14	12	43	47	4	50	8	2607
39	24	41	40	48	39	29	44	36	17	31	34	27	38	3	11	9	1	10	15	16	26	30	18	25	2	28	20	32	33	42	13	19	21	22	7	23	6	35	37	5	46	45	49	14	12	43	47	4	50	8	2608
39	47	46	49	50	45	24	44	40	48	41	29	39	37	28	17	13	32	3	36	43	34	14	38	42	11	9	10	1	15	16	26	30	2	20	25	33	19	35	12	21	7	22	23	6	31	5	18	27	8	4	2616
39	47	46	49	50	45	24	17	13	44	41	39	48	43	42	37	3	36	11	9	10	1	15	16	26	30	2	20	25	33	19	40	35	12	21	27	29	7	22	23	38	6	14	5	28	32	18	31	34	8	4	2617
39	47	46	49	50	45	24	41	40	48	39	29	44	10	36	42	37	17	34	32	28	12	3	26	1	38	15	23	21	27	33	22	2	19	30	11	9	25	16	7	20	6	5	35	43	4	8	18	13	14	31	2613
39	24	46	49	45	17	13	3	41	39	42	48	47	44	29	40	36	34	11	9	10	1	15	16	26	30	28	2	20	25	33	19	35	12	21	27	38	7	22	23	6	5	32	18	14	8	4	43	50	37	31	2586
39	47	46	49	50	45	24	41	40	48	39	29	44	10	36	42	37	17	34	32	28	12	3	26	1	38	15	23	21	27	33	22	2	19	30	11	9	25	16	7	20	6	5	35	43	4	8	18	13	14	31	2613
39	47	46	49	50	45	24	41	40	48	39	29	44	10	36	42	37	17	34	32	28	12	3	26	1	15	23	21	27	33	22	2	19	30	11	9	25	16	7	20	38	6	5	35	43	4	8	18	13	14	31	2613
39	24	46	49	45	17	13	3	41	39	42	48	47	44	29	40	36	34	11	9	10	1	15	16	26	30	28	2	20	25	33	19	35	12	21	27	38	7	22	23	6	5	32	18	14	8	4	43	50	37	31	2586
39	47	46	49	50	45	24	44	40	48	41	29	39	37	28	17	13	32	3	36	43	34	14	38	42	11	9	10	1	15	16	26	30	2	20	25	33	19	35	12	21	7	22	23	6	31	5	18	27	8	4	2616
39	47	46	49	50	45	24	44	40	48	41	29	39	37	28	17	13	32	3	36	43	34	14	38	42	11	9	10	1	15	16	26	30	2	20	25	33	19	35	12	21	7	22	23	6	31	5	18	27	8	4	2616
39	47	46	49	50	45	24	17	13	44	41	39	48	43	42	37	3	36	11	9	10	1	15	16	26	30	2	20	25	33	19	40	35	12	21	27	29	7	22	23	38	6	14	5	28	32	18	31	34	8	4	2617
39	47	46	49	50	45	24	44	40	48	41	29	39	37	28	17	13	32	3	36	43	34	14	38	42	11	9	10	1	15	16	26	30	2	20	25	33	19	35	12	21	7	22	23	6	31	5	18	27	8	4	2616
39	24	13	47	46	49	41	40	48	45	44	3	36	32	34	11	9	1	10	15	16	26	30	18	25	2	20	33	14	19	21	22	7	23	6	35	28	27	5	29	42	37	12	38	39	31	43	50	4	17	8	2594
39	24	46	49	40	13	48	41	29	39	42	50	44	3	36	43	37	34	38	11	9	1	10	15	16	26	30	18	25	2	20	33	27	19	47	21	22	7	23	6	35	45	17	5	28	31	14	12	32	4	8	2582
39	24	13	47	46	49	41	40	48	45	44	3	36	32	34	11	9	1	10	15	16	26	30	18	25	2	20	33	14	19	21	22	7	23	6	35	28	27	5	29	42	37	12	38	39	31	43	50	4	17	8	2594
39	24	46	49	13	40	45	41	39	48	3	36	37	38	11	9	1	10	15	16	26	30	18	25	2	29	20	33	14	19	21	22	7	23	6	35	17	34	32	28	44	5	42	27	12	31	50	43	47	4	8	2599
39	24	13	47	46	49	41	40	48	45	44	3	36	32	34	11	9	1	10	15	16	26	30	18	25	2	20	33	14	19	21	22	7	23	6	35	28	27	5	29	42	37	12	38	39	31	43	50	4	17	8	2594
39	24	40	46	13	48	41	29	39	42	44	3	36	32	34	43	11	9	1	10	15	16	26	49	47	30	18	25	2	20	33	28	14	19	21	22	7	23	6	35	17	27	5	37	12	38	31	45	4	50	8	2616
39	24	13	47	3	46	36	48	29	40	44	41	38	11	9	1	10	15	16	26	30	18	25	2	20	33	14	19	21	22	7	23	6	35	37	34	5	27	12	31	43	4	17	32	39	45	49	42	28	50	8	2596
39	24	40	46	13	48	41	29	39	42	44	3	36	32	34	43	11	9	1	10	15	16	26	49	47	30	18	25	2	20	33	28	14	19	21	22	7	23	6	35	17	27	5	37	12	38	31	45	4	50	8	2616
39	24	13	47	46	49	41	40	48	45	44	3	36	32	34	11	9	1	10	15	16	26	30	18	25	2	20	33	14	19	21	22	7	23	6	35	28	27	5	29	42	37	12	38	39	31	43	50	4	17	8	2594
39	24	46	49	45	13	41	40	50	48	44	3	36	32	34	11	9	1	10	15	16	26	47	30	18	25	2	20	33	14	19	21	22	7	23	6	35	28	27	5	42	43	37	12	38	39	31	29	4	17	8	2595
39	24	46	49	45	13	41	40	50	48	44	3	36	32	34	11	9	1	10	15	16	26	47	30	18	25	2	20	33	14	19	21	22	7	23	6	35	28	27	5	42	43	37	12	38	39	31	29	4	17	8	2595
39	24	46	49	13	40	45	41	39	48	3	36	37	38	11	9	1	10	15	16	26	30	18	25	2	29	20	33	14	19	21	22	7	23	6	35	17	34	32	28	44	5	42	27	12	31	50	43	47	4	8	2599
39	24	46	49	45	13	41	40	50	48	44	3	36	32	34	11	9	1	10	15	16	26	47	30	18	25	2	20	33	14	19	21	22	7	23	6	35	28	27	5	42	43	37	12	38	39	31	29	4	17	8	2595
39	24	46	49	13	40	45	41	39	48	3	36	37	38	11	9	1	10	15	16	26	30	18	25	2	29	20	33	14	19	21	22	7	23	6	35	17	34	32	28	44	5	42	27	12	31	50	43	47	4	8	2599
39	24	46	49	13	40	3	36	48	39	29	44	41	37	38	11	9	1	10	15	16	26	30	18	25	2	20	33	14	19	21	22	7	23	6	35	45	28	17	34	32	5	42	27	12	31	50	43	47	4	8	2597
39	24	46	49	13	40	45	41	39	48	3	36	37	38	11	9	1	10	15	16	26	30	18	25	2	29	20	33	14	19	21	22	7	23	6	35	17	34	32	28	44	5	42	27	12	31	50	43	47	4	8	2599
39	24	46	49	45	13	41	40	50	48	44	3	36	32	34	11	9	1	10	15	16	26	47	30	18	25	2	20	33	14	19	21	22	7	23	6	35	28	27	5	42	43	37	12	38	39	31	29	4	17	8	2595
39	24	46	49	47	45	17	13	40	44	41	48	39	29	3	28	32	36	11	9	10	1	15	16	25	2	20	30	33	19	42	21	27	34	38	22	7	23	6	50	26	5	18	35	31	43	4	37	12	14	8	2589
39	24	46	49	13	40	3	36	48	39	29	44	41	37	38	11	9	1	10	15	16	26	30	18	25	2	20	33	14	19	21	22	7	23	6	35	45	28	17	34	32	5	42	27	12	31	50	43	47	4	8	2597
39	24	46	49	13	40	45	41	39	48	3	36	37	38	11	9	1	10	15	16	26	30	18	25	2	29	20	33	14	19	21	22	7	23	6	35	17	34	32	28	44	5	42	27	12	31	50	43	47	4	8	2599
39	24	46	49	40	13	47	48	41	39	42	29	44	43	3	36	37	34	38	11	9	1	10	15	16	26	30	18	25	2	20	33	14	19	21	22	7	23	6	35	17	27	5	28	32	12	31	4	45	50	8	2618
39	24	46	49	13	40	45	3	36	48	39	44	42	41	29	37	34	38	11	9	1	10	15	16	26	30	18	25	2	20	33	14	19	21	22	7	23	6	35	17	27	5	28	32	12	31	50	43	47	4	8	2597
39	24	41	39	44	47	42	43	36	17	31	46	34	13	3	11	9	1	10	15	48	16	28	26	38	27	30	18	25	2	20	32	33	19	21	22	7	23	6	35	37	5	50	29	40	14	12	45	49	4	8	2618
39	24	46	49	40	44	36	45	39	41	17	31	28	13	3	11	9	1	10	15	42	16	26	27	38	30	34	18	25	2	20	32	33	19	21	22	7	23	6	35	37	5	29	48	14	12	43	47	4	50	8	2604
39	24	46	49	40	44	36	45	39	41	28	17	13	32	3	11	9	42	1	10	15	16	26	27	38	30	34	18	25	2	20	31	33	19	21	22	7	23	6	35	37	5	29	48	14	12	43	47	4	50	8	2603
39	24	46	49	13	40	45	3	36	48	39	44	42	41	29	37	34	38	11	9	1	10	15	16	26	30	18	25	2	20	33	14	19	21	22	7	23	6	35	17	27	5	28	32	12	31	50	43	47	4	8	2597
39	24	46	49	13	40	3	36	48	39	29	44	41	37	38	11	9	1	10	15	16	26	30	18	25	2	20	33	14	19	21	22	7	23	6	35	45	28	17	34	32	5	42	27	12	31	50	43	47	4	8	2597
39	24	46	49	13	40	45	3	36	48	39	44	42	41	29	37	34	38	11	9	1	10	15	16	26	30	18	25	2	20	33	14	19	21	22	7	23	6	35	17	27	5	28	32	12	31	50	43	47	4	8	2597
39	24	46	44	13	39	41	48	29	3	36	27	42	11	9	10	1	15	16	26	30	2	20	25	33	19	35	12	21	7	22	23	17	38	6	5	14	18	32	34	47	43	49	40	8	4	45	50	37	31	28	2623
39	24	46	49	13	40	45	3	36	48	39	44	42	41	29	37	34	38	11	9	1	10	15	16	26	30	18	25	2	20	33	14	19	21	22	7	23	6	35	17	27	5	28	32	12	31	50	43	47	4	8	2597
39	24	46	44	13	39	41	48	29	3	36	11	9	10	1	15	16	26	30	2	20	25	33	19	35	12	21	27	7	22	23	17	38	6	5	42	14	18	32	34	47	43	49	40	8	4	45	50	37	31	28	2623
39	24	46	44	49	40	50	29	17	13	41	37	3	39	43	36	48	42	14	38	11	9	10	1	15	16	26	30	2	20	25	33	19	35	12	21	27	34	7	22	23	6	5	31	18	32	28	47	45	8	4	2603
39	24	46	44	49	40	50	29	17	13	41	37	3	39	43	36	48	42	14	38	11	9	10	1	15	16	26	30	2	20	25	33	19	35	12	21	27	34	7	22	23	6	5	31	18	32	28	47	45	8	4	2603
39	47	46	49	50	45	24	44	40	48	41	39	29	37	28	17	13	32	3	36	43	34	14	38	42	11	9	10	1	15	16	26	30	2	20	25	33	19	35	12	21	7	22	23	6	31	5	18	27	8	4	2616
39	24	46	44	49	40	50	29	17	13	41	37	3	39	43	36	48	42	14	38	11	9	10	1	15	16	26	30	2	20	25	33	19	35	12	21	27	34	7	22	23	6	5	31	18	32	28	47	45	8	4	2603
39	47	46	49	50	45	24	44	40	48	41	39	29	37	28	17	13	32	3	36	43	34	14	38	42	11	9	10	1	15	16	26	30	2	20	25	33	19	35	12	21	7	22	23	6	31	5	18	27	8	4	2616
39	47	46	49	50	45	24	44	40	48	41	39	29	37	28	17	13	32	3	36	43	34	14	38	42	11	9	10	1	15	16	26	30	2	20	25	33	19	35	12	21	7	22	23	6	31	5	18	27	8	4	2616
39	47	46	49	50	45	24	44	40	48	41	39	29	37	28	17	13	32	3	36	43	34	14	38	42	11	9	10	1	15	16	26	30	2	20	25	33	19	35	12	21	7	22	23	6	31	5	18	27	8	4	2616
39	47	46	49	50	45	24	44	40	48	41	39	29	37	28	17	13	32	3	36	43	34	14	38	42	11	9	10	1	15	16	26	30	2	20	25	33	19	35	12	21	7	22	23	6	31	5	18	27	8	4	2616
39	46	49	45	24	44	40	48	41	39	29	37	28	17	13	32	3	36	27	11	9	10	1	15	16	26	30	2	20	25	33	19	50	35	12	47	21	7	22	23	38	6	43	5	42	14	18	31	34	8	4	2599
39	46	49	45	24	44	40	48	41	39	29	37	28	17	13	32	3	36	27	11	9	10	1	15	16	26	30	2	20	25	33	19	50	35	12	47	21	7	22	23	38	6	43	5	42	14	18	31	34	8	4	2599
39	47	46	49	50	45	24	44	40	48	41	39	29	37	28	17	13	32	3	36	11	9	10	1	15	16	26	30	2	20	25	33	19	35	12	21	27	7	22	23	38	6	43	5	42	14	18	31	34	8	4	2616
39	47	46	49	50	45	24	44	40	48	41	39	29	37	28	17	13	32	3	36	43	34	14	38	42	11	9	10	1	15	16	26	30	2	20	25	33	19	35	12	21	7	22	23	6	31	5	18	27	8	4	2616
39	24	17	13	41	40	48	39	44	42	46	3	36	29	34	14	38	11	9	10	1	15	16	26	30	2	20	25	33	49	28	19	35	12	21	32	7	22	23	37	6	47	43	5	18	27	8	4	45	50	31	2596
39	47	46	49	50	45	24	44	40	48	41	39	29	37	28	17	13	32	3	36	43	34	14	38	42	11	9	10	1	15	16	26	30	2	20	25	33	19	35	12	21	7	22	23	6	31	5	18	27	8	4	2616
39	47	46	49	50	45	24	44	40	48	41	39	29	37	28	17	13	32	3	36	43	34	14	38	42	11	9	10	1	15	16	26	30	2	20	25	33	19	35	12	21	7	22	23	6	31	5	18	27	8	4	2616
39	24	46	44	49	40	50	29	17	13	41	37	3	39	43	36	48	42	14	38	11	9	10	1	15	16	26	30	2	20	25	33	19	35	12	21	27	34	7	22	23	6	5	31	18	32	28	47	45	8	4	2603
39	47	46	49	50	45	24	44	40	48	41	39	29	37	28	17	13	32	3	36	43	34	14	38	42	11	9	10	1	15	16	26	30	2	20	25	33	19	35	12	21	7	22	23	6	31	5	18	27	8	4	2616
39	24	46	49	13	47	45	40	3	36	48	39	44	42	41	29	28	14	38	11	9	10	1	15	16	26	30	2	20	25	33	19	35	12	21	27	34	7	22	23	6	5	18	32	17	8	4	43	50	37	31	2585
39	24	46	44	49	40	50	29	17	13	41	37	3	39	43	36	48	42	14	38	11	9	10	1	15	16	26	30	2	20	25	33	19	35	12	21	27	34	7	22	23	6	5	31	18	32	28	47	45	8	4	2603
39	24	46	44	49	40	50	29	17	13	41	37	3	39	43	36	48	42	14	38	11	9	10	1	15	16	26	30	2	20	25	33	19	35	12	21	27	34	7	22	23	6	5	31	18	32	28	47	45	8	4	2603
39	47	46	49	50	45	24	44	40	48	41	39	29	37	28	17	13	32	3	36	43	34	14	38	42	11	9	10	1	15	16	26	30	2	20	25	33	19	35	12	21	7	22	23	6	31	5	18	27	8	4	2616
39	24	46	44	49	40	50	29	17	13	41	37	3	39	43	36	48	42	14	38	11	9	10	1	15	16	26	30	2	20	25	33	19	35	12	21	27	34	7	22	23	6	5	31	18	32	28	47	45	8	4	2603
39	24	46	44	49	40	50	29	17	13	41	37	3	39	43	36	48	42	14	38	11	9	10	1	15	16	26	30	2	20	25	33	19	35	12	21	27	34	7	22	23	6	5	31	18	32	28	47	45	8	4	2603
39	47	46	49	50	45	24	44	40	48	41	39	29	37	28	17	13	32	3	36	43	34	14	38	42	11	9	10	1	15	16	26	30	2	20	25	33	19	35	12	21	7	22	23	6	31	5	18	27	8	4	2616
39	24	46	49	13	40	45	41	39	48	3	36	37	38	11	9	1	10	15	16	26	30	18	25	2	29	20	33	14	19	21	22	7	23	6	35	17	34	32	28	44	5	42	27	12	31	50	43	47	4	8	2599
39	47	46	49	50	45	24	44	40	48	41	39	29	37	28	17	13	32	3	36	43	34	14	38	42	11	9	10	1	15	16	26	30	2	20	25	33	19	35	12	21	7	22	23	6	31	5	18	27	8	4	2616
39	47	46	49	50	45	24	44	40	48	41	39	29	37	28	17	13	32	3	36	43	34	14	38	42	11	9	10	1	15	16	26	30	2	20	25	33	19	35	12	21	7	22	23	6	31	5	18	27	8	4	2616
39	47	46	49	50	45	24	44	40	48	41	39	29	37	28	17	13	32	3	36	43	34	14	38	42	11	9	10	1	15	16	26	30	2	20	25	33	19	35	12	21	7	22	23	6	31	5	18	27	8	4	2616
39	47	46	49	50	45	24	44	40	48	41	39	29	37	28	17	13	32	3	36	43	34	14	38	42	11	9	10	1	15	16	26	30	2	20	25	33	19	35	12	21	7	22	23	6	31	5	18	27	8	4	2616
39	47	46	49	50	45	24	44	40	48	41	39	29	37	28	17	13	32	3	36	43	34	14	38	42	11	9	10	1	15	16	26	30	2	20	25	33	19	35	12	21	7	22	23	6	31	5	18	27	8	4	2616
39	24	46	44	13	39	41	48	29	3	36	11	9	10	1	15	16	26	30	2	20	25	33	19	35	12	21	27	7	22	23	17	38	6	5	42	14	18	32	34	47	43	49	40	8	4	45	50	37	31	28	2623
39	24	46	44	49	40	50	29	17	13	41	37	3	39	43	36	48	42	14	38	11	9	10	1	15	16	26	30	2	20	25	33	19	35	12	21	27	34	7	22	23	6	5	31	18	32	28	47	45	8	4	2603
39	47	46	49	50	45	24	44	40	48	41	39	29	37	28	17	13	32	3	36	43	34	14	38	42	11	9	10	1	15	16	26	30	2	20	25	33	19	35	12	21	7	22	23	6	31	5	18	27	8	4	2616
39	24	46	44	49	40	50	29	17	13	41	37	3	39	43	36	48	42	14	38	11	9	10	1	15	16	26	30	2	20	25	33	19	35	12	21	27	34	7	22	23	6	5	31	18	32	28	47	45	8	4	2603
39	47	46	49	50	45	24	44	40	48	41	39	29	37	28	17	13	32	3	36	43	34	14	38	42	11	9	10	1	15	16	26	30	2	20	25	33	19	35	12	21	7	22	23	6	31	5	18	27	8	4	2616
39	24	46	44	49	40	50	29	17	13	41	37	3	39	43	36	48	42	14	38	11	9	10	1	15	16	26	30	2	20	25	33	19	35	12	21	27	34	7	22	23	6	5	31	18	32	28	47	45	8	4	2603
39	24	46	44	49	40	50	29	17	13	41	37	3	39	43	36	48	42	14	38	11	9	10	1	15	16	26	30	2	20	25	33	19	35	12	21	27	34	7	22	23	6	5	31	18	32	28	47	45	8	4	2603
39	46	49	45	24	44	40	48	41	39	29	37	28	17	13	32	3	36	27	11	9	10	1	15	16	26	30	2	20	25	33	19	50	35	12	47	21	7	22	23	38	6	43	5	42	14	18	31	34	8	4	2599
39	24	46	44	49	40	50	29	17	13	41	37	3	39	43	36	48	42	14	38	11	9	10	1	15	16	26	30	2	20	25	33	19	35	12	21	27	34	7	22	23	6	5	31	18	32	28	47	45	8	4	2603
39	24	46	44	49	40	50	29	17	13	41	37	3	39	43	36	48	42	14	38	11	9	10	1	15	16	26	30	2	20	25	33	19	35	12	21	27	34	7	22	23	6	5	31	18	32	28	47	45	8	4	2603
39	24	46	44	49	40	50	29	17	13	41	37	3	39	43	36	48	42	14	38	11	9	10	1	15	16	26	30	2	20	25	33	19	35	12	21	27	34	7	22	23	6	5	31	18	32	28	47	45	8	4	2603
39	47	46	49	50	45	24	44	40	48	41	39	29	37	28	17	13	32	3	36	43	34	14	38	42	11	9	10	1	15	16	26	30	2	20	25	33	19	35	12	21	7	22	23	6	31	5	18	27	8	4	2616
39	47	46	49	50	45	24	44	40	48	41	39	29	37	28	17	13	32	3	36	43	34	14	38	42	11	9	10	1	15	16	26	30	2	20	25	33	19	35	12	21	7	22	23	6	31	5	18	27	8	4	2616
39	47	46	49	50	45	24	44	40	48	41	39	29	37	28	17	13	32	3	36	43	34	14	38	42	11	9	10	1	15	16	26	30	2	20	25	33	19	35	12	21	7	22	23	6	31	5	18	27	8	4	2616
39	24	46	44	49	40	50	29	17	13	41	37	3	39	43	36	48	42	14	38	11	9	10	1	15	16	26	30	2	20	25	33	19	35	12	21	27	34	7	22	23	6	5	31	18	32	28	47	45	8	4	2603
39	47	46	49	50	45	24	44	40	48	41	39	29	37	28	17	13	32	3	36	43	34	14	38	42	11	9	10	1	15	16	26	30	2	20	25	33	19	35	12	21	7	22	23	6	31	5	18	27	8	4	2616
39	47	46	49	50	45	24	44	40	48	41	39	29	37	28	17	13	32	3	36	43	34	14	38	42	11	9	10	1	15	16	26	30	2	20	25	33	19	35	12	21	7	22	23	6	31	5	18	27	8	4	2616
39	47	46	49	50	45	24	44	40	48	41	39	29	37	28	17	13	32	3	36	43	34	14	38	42	11	9	10	1	15	16	26	30	2	20	25	33	19	35	12	21	7	22	23	6	31	5	18	27	8	4	2616
39	24	17	13	41	40	48	39	44	42	46	3	36	29	34	14	38	11	9	10	1	15	16	26	30	2	20	25	33	49	28	19	35	12	21	32	7	22	23	37	6	47	43	5	18	27	8	4	45	50	31	2596
39	24	46	44	49	40	50	29	17	13	41	37	3	39	43	36	48	42	14	38	11	9	10	1	15	16	26	30	2	20	25	33	19	35	12	21	27	34	7	22	23	6	5	31	18	32	28	47	45	8	4	2603
39	47	46	49	50	45	24	44	40	48	41	39	29	37	28	17	13	32	3	36	43	34	14	38	42	11	9	10	1	15	16	26	30	2	20	25	33	19	35	12	21	7	22	23	6	31	5	18	27	8	4	2616
39	24	46	44	49	40	50	29	17	13	41	37	3	39	43	36	48	42	14	38	11	9	10	1	15	16	26	30	2	20	25	33	19	35	12	21	27	34	7	22	23	6	5	31	18	32	28	47	45	8	4	2603
39	24	46	44	49	40	50	29	17	13	41	37	3	39	43	36	48	42	14	38	11	9	10	1	15	16	26	30	2	20	25	33	19	35	12	21	27	34	7	22	23	6	5	31	18	32	28	47	45	8	4	2603
39	24	46	44	49	40	50	29	17	13	41	37	3	39	43	36	48	42	14	38	11	9	10	1	15	16	26	30	2	20	25	33	19	35	12	21	27	34	7	22	23	6	5	31	18	32	28	47	45	8	4	2603
39	47	46	49	50	45	24	44	40	48	41	39	29	37	28	17	13	32	3	36	43	34	14	38	42	11	9	10	1	15	16	26	30	2	20	25	33	19	35	12	21	7	22	23	6	31	5	18	27	8	4	2616
39	24	46	44	49	40	50	29	17	13	41	37	3	39	43	36	48	42	14	38	11	9	10	1	15	16	26	30	2	20	25	33	19	35	12	21	27	34	7	22	23	6	5	31	18	32	28	47	45	8	4	2603
39	47	46	49	50	45	24	44	40	48	41	39	29	37	28	17	13	32	3	36	43	34	14	38	42	11	9	10	1	15	16	26	30	2	20	25	33	19	35	12	21	7	22	23	6	31	5	18	27	8	4	2616
39	24	46	44	49	40	50	29	17	13	41	37	3	39	43	36	48	42	14	38	11	9	10	1	15	16	26	30	2	20	25	33	19	35	12	21	27	34	7	22	23	6	5	31	18	32	28	47	45	8	4	2603
39	47	46	49	50	45	24	44	40	48	41	39	29	37	28	17	13	32	3	36	43	34	14	38	42	11	9	10	1	15	16	26	30	2	20	25	33	19	35	12	21	7	22	23	6	31	5	18	27	8	4	2616
39	47	46	49	50	45	24	44	40	48	41	39	29	37	28	17	13	32	3	36	43	34	14	38	42	11	9	10	1	15	16	26	30	2	20	25	33	19	35	12	21	7	22	23	6	31	5	18	27	8	4	2616
39	47	46	49	50	45	24	44	40	48	41	39	29	37	28	17	13	32	3	36	43	34	14	38	42	11	9	10	1	15	16	26	30	2	20	25	33	19	35	12	21	7	22	23	6	31	5	18	27	8	4	2616
39	47	46	49	50	45	24	44	40	48	41	39	29	37	28	17	13	32	3	36	43	34	14	38	42	11	9	10	1	15	16	26	30	2	20	25	33	19	35	12	21	7	22	23	6	31	5	18	27	8	4	2616
39	47	46	49	50	45	24	44	40	48	41	39	29	37	28	17	13	32	3	36	43	34	14	38	42	11	9	10	1	15	16	26	30	2	20	25	33	19	35	12	21	7	22	23	6	31	5	18	27	8	4	2616
39	47	46	49	50	45	24	44	40	48	41	39	29	37	28	17	13	32	3	36	43	34	14	38	42	11	9	10	1	15	16	26	30	2	20	25	33	19	35	12	21	7	22	23	6	31	5	18	27	8	4	2616
39	47	46	49	50	45	24	44	40	48	41	39	29	37	28	17	13	32	3	36	43	34	14	38	42	11	9	10	1	15	16	26	30	2	20	25	33	19	35	12	21	7	22	23	6	31	5	18	27	8	4	2616
39	47	46	49	50	45	24	44	40	48	41	39	29	37	28	17	13	32	3	36	43	34	14	38	42	11	9	10	1	15	16	26	30	2	20	25	33	19	35	12	21	7	22	23	6	31	5	18	27	8	4	2616
39	24	17	13	41	40	48	39	44	42	46	3	36	29	34	14	38	11	9	10	1	15	16	26	30	2	20	25	33	49	28	19	35	12	21	32	7	22	23	37	6	47	43	5	18	27	8	4	45	50	31	2596
39	24	46	44	49	40	50	29	17	13	41	37	3	39	43	36	48	42	14	38	11	9	10	1	15	16	26	30	2	20	25	33	19	35	12	21	27	34	7	22	23	6	5	31	18	32	28	47	45	8	4	2603
39	24	46	44	49	40	50	29	17	13	41	37	3	39	43	36	48	42	14	38	11	9	10	1	15	16	26	30	2	20	25	33	19	35	12	21	27	34	7	22	23	6	5	31	18	32	28	47	45	8	4	2603
39	24	46	44	49	40	50	29	17	13	41	37	3	39	43	36	48	42	14	38	11	9	10	1	15	16	26	30	2	20	25	33	19	35	12	21	27	34	7	22	23	6	5	31	18	32	28	47	45	8	4	2603
39	24	46	44	49	40	50	29	17	13	41	37	3	39	43	36	48	42	14	38	11	9	10	1	15	16	26	30	2	20	25	33	19	35	12	21	27	34	7	22	23	6	5	31	18	32	28	47	45	8	4	2603
39	47	46	49	50	45	24	44	40	48	41	39	29	37	28	17	13	32	3	36	43	34	14	38	42	11	9	10	1	15	16	26	30	2	20	25	33	19	35	12	21	7	22	23	6	31	5	18	27	8	4	2616
39	47	46	49	50	45	24	44	40	48	41	39	29	37	28	17	13	32	3	36	43	34	14	38	42	11	9	10	1	15	16	26	30	2	20	25	33	19	35	12	21	7	22	23	6	31	5	18	27	8	4	2616
39	24	46	44	49	40	50	29	17	13	41	37	3	39	43	36	48	42	14	38	11	9	10	1	15	16	26	30	2	20	25	33	19	35	12	21	27	34	7	22	23	6	5	31	18	32	28	47	45	8	4	2603
39	47	46	49	50	45	24	44	40	48	41	39	29	37	28	17	13	32	3	36	43	34	14	38	42	11	9	10	1	15	16	26	30	2	20	25	33	19	35	12	21	7	22	23	6	31	5	18	27	8	4	2616
39	24	46	44	49	40	50	29	17	13	41	37	3	39	43	36	48	42	14	38	11	9	10	1	15	16	26	30	2	20	25	33	19	35	12	21	27	34	7	22	23	6	5	31	18	32	28	47	45	8	4	2603
39	47	46	49	50	45	24	44	40	48	41	39	29	37	28	17	13	32	3	36	43	34	14	38	42	11	9	10	1	15	16	26	30	2	20	25	33	19	35	12	21	7	22	23	6	31	5	18	27	8	4	2616
39	47	46	49	50	45	24	44	40	48	41	39	29	37	28	17	13	32	3	36	43	34	14	38	42	11	9	10	1	15	16	26	30	2	20	25	33	19	35	12	21	7	22	23	6	31	5	18	27	8	4	2616
39	47	46	49	50	45	24	44	40	48	41	39	29	37	28	17	13	32	3	36	43	34	14	38	42	11	9	10	1	15	16	26	30	2	20	25	33	19	35	12	21	7	22	23	6	31	5	18	27	8	4	2616
39	47	46	49	50	45	24	44	40	48	41	39	29	37	28	17	13	32	3	36	43	34	14	38	42	11	9	10	1	15	16	26	30	2	20	25	33	19	35	12	21	7	22	23	6	31	5	18	27	8	4	2616
39	24	46	44	49	40	50	29	17	13	41	37	3	39	43	36	48	42	14	38	11	9	10	1	15	16	26	30	2	20	25	33	19	35	12	21	27	34	7	22	23	6	5	31	18	32	28	47	45	8	4	2603
39	47	46	49	50	45	24	44	40	48	41	39	29	37	28	17	13	32	3	36	43	34	14	38	42	11	9	10	1	15	16	26	30	2	20	25	33	19	35	12	21	7	22	23	6	31	5	18	27	8	4	2616
39	47	46	49	50	45	24	44	40	48	41	39	29	37	28	17	13	32	3	36	43	34	14	38	42	11	9	10	1	15	16	26	30	2	20	25	33	19	35	12	21	7	22	23	6	31	5	18	27	8	4	2616
39	47	46	49	50	45	24	44	40	48	41	39	29	37	28	17	13	32	3	36	43	34	14	38	42	11	9	10	1	15	16	26	30	2	20	25	33	19	35	12	21	7	22	23	6	31	5	18	27	8	4	2616
39	24	17	13	41	40	48	39	44	42	46	3	36	29	34	14	38	11	9	10	1	15	16	26	30	2	20	25	33	49	28	19	35	12	21	32	7	22	23	37	6	47	43	5	18	27	8	4	45	50	31	2596
39	24	46	44	49	40	50	29	17	13	41	37	3	39	43	36	48	42	14	38	11	9	10	1	15	16	26	30	2	20	25	33	19	35	12	21	27	34	7	22	23	6	5	31	18	32	28	47	45	8	4	2603
39	24	46	44	49	40	50	29	17	13	41	37	3	39	43	36	48	42	14	38	11	9	10	1	15	16	26	30	2	20	25	33	19	35	12	21	27	34	7	22	23	6	5	31	18	32	28	47	45	8	4	2603
39	24	46	44	49	40	50	29	17	13	41	37	3	39	43	36	48	42	14	38	11	9	10	1	15	16	26	30	2	20	25	33	19	35	12	21	27	34	7	22	23	6	5	31	18	32	28	47	45	8	4	2603
39	24	46	44	49	40	50	29	17	13	41	37	3	39	43	36	48	42	14	38	11	9	10	1	15	16	26	30	2	20	25	33	19	35	12	21	27	34	7	22	23	6	5	31	18	32	28	47	45	8	4	2603
39	24	46	44	49	40	50	29	17	13	41	37	3	39	43	36	48	42	14	38	11	9	10	1	15	16	26	30	2	20	25	33	19	35	12	21	27	34	7	22	23	6	5	31	18	32	28	47	45	8	4	2603
39	47	46	49	50	45	24	44	40	48	41	39	29	37	28	17	13	32	3	36	43	34	14	38	42	11	9	10	1	15	16	26	30	2	20	25	33	19	35	12	21	7	22	23	6	31	5	18	27	8	4	2616
39	47	46	49	50	45	24	44	40	48	41	39	29	37	28	17	13	32	3	36	43	34	14	38	42	11	9	10	1	15	16	26	30	2	20	25	33	19	35	12	21	7	22	23	6	31	5	18	27	8	4	2616
39	47	46	49	50	45	24	44	40	48	41	39	29	37	28	17	13	32	3	36	43	34	14	38	42	11	9	10	1	15	16	26	30	2	20	25	33	19	35	12	21	7	22	23	6	31	5	18	27	8	4	2616
39	24	46	44	49	40	50	29	17	13	41	37	3	39	43	36	48	42	14	38	11	9	10	1	15	16	26	30	2	20	25	33	19	35	12	21	27	34	7	22	23	6	5	31	18	32	28	47	45	8	4	2603
39	24	46	44	49	40	50	29	17	13	41	37	3	39	43	36	48	42	14	38	11	9	10	1	15	16	26	30	2	20	25	33	19	35	12	21	27	34	7	22	23	6	5	31	18	32	28	47	45	8	4	2603
39	47	46	49	50	45	24	44	40	48	41	39	29	37	28	17	13	32	3	36	43	34	14	38	42	11	9	10	1	15	16	26	30	2	20	25	33	19	35	12	21	7	22	23	6	31	5	18	27	8	4	2616
39	47	46	49	50	45	24	44	40	48	41	39	29	37	28	17	13	32	3	36	43	34	14	38	42	11	9	10	1	15	16	26	30	2	20	25	33	19	35	12	21	7	22	23	6	31	5	18	27	8	4	2616
39	47	46	49	50	45	24	44	40	48	41	39	29	37	28	17	13	32	3	36	43	34	14	38	42	11	9	10	1	15	16	26	30	2	20	25	33	19	35	12	21	7	22	23	6	31	5	18	27	8	4	2616
39	47	46	49	50	45	24	44	40	48	41	39	29	37	28	17	13	32	3	36	43	34	14	38	42	11	9	10	1	15	16	26	30	2	20	25	33	19	35	12	21	7	22	23	6	31	5	18	27	8	4	2616
39	47	46	49	50	45	24	44	40	48	41	39	29	37	28	17	13	32	3	36	43	34	14	38	42	11	9	10	1	15	16	26	30	2	20	25	33	19	35	12	21	7	22	23	6	31	5	18	27	8	4	2616
39	47	46	49	50	45	24	44	40	48	41	39	29	37	28	17	13	32	3	36	43	34	14	38	42	11	9	10	1	15	16	26	30	2	20	25	33	19	35	12	21	7	22	23	6	31	5	18	27	8	4	2616
39	47	46	49	50	45	24	44	40	48	41	39	29	37	28	17	13	32	3	36	43	34	14	38	42	11	9	10	1	15	16	26	30	2	20	25	33	19	35	12	21	7	22	23	6	31	5	18	27	8	4	2616
39	24	17	13	3	41	39	42	29	44	40	36	46	48	47	34	14	38	11	9	10	1	15	16	26	30	2	20	25	33	28	19	35	12	21	32	7	22	23	37	6	49	43	5	18	27	8	4	45	50	31	2599
39	24	46	44	49	40	50	29	17	13	41	37	3	39	43	36	48	42	14	38	11	9	10	1	15	16	26	30	2	20	25	33	19	35	12	21	27	34	7	22	23	6	5	31	18	32	28	47	45	8	4	2603
39	24	46	44	49	40	50	29	17	13	41	37	3	39	43	36	48	42	14	38	11	9	10	1	15	16	26	30	2	20	25	33	19	35	12	21	27	34	7	22	23	6	5	31	18	32	28	47	45	8	4	2603
39	24	46	44	49	40	50	29	17	13	41	37	3	39	43	36	48	42	14	38	11	9	10	1	15	16	26	30	2	20	25	33	19	35	12	21	27	34	7	22	23	6	5	31	18	32	28	47	45	8	4	2603
39	24	46	44	49	40	50	29	17	13	41	37	3	39	43	36	48	42	14	38	11	9	10	1	15	16	26	30	2	20	25	33	19	35	12	21	27	34	7	22	23	6	5	31	18	32	28	47	45	8	4	2603
39	24	46	44	49	40	50	29	17	13	41	37	3	39	43	36	48	42	14	38	11	9	10	1	15	16	26	30	2	20	25	33	19	35	12	21	27	34	7	22	23	6	5	31	18	32	28	47	45	8	4	2603
39	47	46	49	50	45	24	44	40	48	41	39	29	37	28	17	13	32	3	36	43	34	14	38	42	11	9	10	1	15	16	26	30	2	20	25	33	19	35	12	21	7	22	23	6	31	5	18	27	8	4	2616
39	24	46	44	49	40	50	29	17	13	41	37	3	39	43	36	48	42	14	38	11	9	10	1	15	16	26	30	2	20	25	33	19	35	12	21	27	34	7	22	23	6	5	31	18	32	28	47	45	8	4	2603
39	47	46	49	50	45	24	44	40	48	41	39	29	37	28	17	13	32	3	36	43	34	14	38	42	11	9	10	1	15	16	26	30	2	20	25	33	19	35	12	21	7	22	23	6	31	5	18	27	8	4	2616
39	24	46	44	49	40	50	29	17	13	41	37	3	39	43	36	48	42	14	38	11	9	10	1	15	16	26	30	2	20	25	33	19	35	12	21	27	34	7	22	23	6	5	31	18	32	28	47	45	8	4	2603
39	47	46	49	50	45	24	44	40	48	41	39	29	37	28	17	13	32	3	36	43	34	14	38	42	11	9	10	1	15	16	26	30	2	20	25	33	19	35	12	21	7	22	23	6	31	5	18	27	8	4	2616
39	47	46	49	50	45	24	44	40	48	41	39	29	37	28	17	13	32	3	36	43	34	14	38	42	11	9	10	1	15	16	26	30	2	20	25	33	19	35	12	21	7	22	23	6	31	5	18	27	8	4	2616
39	47	46	49	50	45	24	44	40	48	41	39	29	37	28	17	13	32	3	36	43	34	14	38	42	11	9	10	1	15	16	26	30	2	20	25	33	19	35	12	21	7	22	23	6	31	5	18	27	8	4	2616
39	47	46	49	50	45	24	44	40	48	41	39	29	37	28	17	13	32	3	36	43	34	14	38	42	11	9	10	1	15	16	26	30	2	20	25	33	19	35	12	21	7	22	23	6	31	5	18	27	8	4	2616
39	47	46	49	50	45	24	44	40	48	41	39	29	37	28	17	13	32	3	36	43	34	14	38	42	11	9	10	1	15	16	26	30	2	20	25	33	19	35	12	21	7	22	23	6	31	5	18	27	8	4	2616
39	47	46	49	50	45	24	44	40	48	41	39	29	37	28	17	13	32	3	36	43	34	14	38	42	11	9	10	1	15	16	26	30	2	20	25	33	19	35	12	21	7	22	23	6	31	5	18	27	8	4	2616
39	47	46	49	50	45	24	44	40	48	41	39	29	37	28	17	13	32	3	36	43	34	14	38	42	11	9	10	1	15	16	26	30	2	20	25	33	19	35	12	21	7	22	23	6	31	5	18	27	8	4	2616
39	47	46	49	50	45	24	44	40	48	41	39	29	37	28	17	13	32	3	36	43	34	14	38	42	11	9	10	1	15	16	26	30	2	20	25	33	19	35	12	21	7	22	23	6	31	5	18	27	8	4	2616
39	24	17	13	41	40	48	39	44	42	46	3	36	29	34	14	38	11	9	10	1	15	16	26	30	2	20	25	33	49	28	19	35	12	21	32	7	22	23	37	6	47	43	5	18	27	8	4	45	50	31	2596
39	24	46	44	49	40	50	29	17	13	41	37	3	39	43	36	48	42	14	38	11	9	10	1	15	16	26	30	2	20	25	33	19	35	12	21	27	34	7	22	23	6	5	31	18	32	28	47	45	8	4	2603
39	24	46	44	49	40	50	29	17	13	41	37	3	39	43	36	48	42	14	38	11	9	10	1	15	16	26	30	2	20	25	33	19	35	12	21	27	34	7	22	23	6	5	31	18	32	28	47	45	8	4	2603
39	24	46	44	49	40	50	29	17	13	41	37	3	39	43	36	48	42	14	38	11	9	10	1	15	16	26	30	2	20	25	33	19	35	12	21	27	34	7	22	23	6	5	31	18	32	28	47	45	8	4	2603
39	24	46	44	49	40	50	29	17	13	41	37	3	39	43	36	48	42	14	38	11	9	10	1	15	16	26	30	2	20	25	33	19	35	12	21	27	34	7	22	23	6	5	31	18	32	28	47	45	8	4	2603
39	24	46	44	49	40	50	29	17	13	41	37	3	39	43	36	48	42	14	38	11	9	10	1	15	16	26	30	2	20	25	33	19	35	12	21	27	34	7	22	23	6	5	31	18	32	28	47	45	8	4	2603
39	24	46	44	49	40	50	29	17	13	41	37	3	39	43	36	48	42	14	38	11	9	10	1	15	16	26	30	2	20	25	33	19	35	12	21	27	34	7	22	23	6	5	31	18	32	28	47	45	8	4	2603
39	47	46	49	50	45	24	44	40	48	41	39	29	37	28	17	13	32	3	36	43	34	14	38	42	11	9	10	1	15	16	26	30	2	20	25	33	19	35	12	21	7	22	23	6	31	5	18	27	8	4	2616
39	47	46	49	50	45	24	44	40	48	41	39	29	37	28	17	13	32	3	36	43	34	14	38	42	11	9	10	1	15	16	26	30	2	20	25	33	19	35	12	21	7	22	23	6	31	5	18	27	8	4	2616
39	47	46	49	50	45	24	44	40	48	41	39	29	37	28	17	13	32	3	36	43	34	14	38	42	11	9	10	1	15	16	26	30	2	20	25	33	19	35	12	21	7	22	23	6	31	5	18	27	8	4	2616
39	47	46	49	50	45	24	44	40	48	41	39	29	37	28	17	13	32	3	36	43	34	14	38	42	11	9	10	1	15	16	26	30	2	20	25	33	19	35	12	21	7	22	23	6	31	5	18	27	8	4	2616
39	47	46	49	50	45	24	44	40	48	41	39	29	37	28	17	13	32	3	36	43	34	14	38	42	11	9	10	1	15	16	26	30	2	20	25	33	19	35	12	21	7	22	23	6	31	5	18	27	8	4	2616
39	47	46	49	50	45	24	44	40	48	41	39	29	37	28	17	13	32	3	36	43	34	14	38	42	11	9	10	1	15	16	26	30	2	20	25	33	19	35	12	21	7	22	23	6	31	5	18	27	8	4	2616
39	47	46	49	50	45	24	44	40	48	41	39	29	37	28	17	13	32	3	36	43	34	14	38	42	11	9	10	1	15	16	26	30	2	20	25	33	19	35	12	21	7	22	23	6	31	5	18	27	8	4	2616
39	47	46	49	50	45	24	44	40	48	41	39	29	37	28	17	13	32	3	36	43	34	14	38	42	11	9	10	1	15	16	26	30	2	20	25	33	19	35	12	21	7	22	23	6	31	5	18	27	8	4	2616
39	47	46	49	50	45	24	44	40	48	41	39	29	37	28	17	13	32	3	36	43	34	14	38	42	11	9	10	1	15	16	26	30	2	20	25	33	19	35	12	21	7	22	23	6	31	5	18	27	8	4	2616
39	47	46	49	50	45	24	44	40	48	41	39	29	37	28	17	13	32	3	36	43	34	14	38	42	11	9	10	1	15	16	26	30	2	20	25	33	19	35	12	21	7	22	23	6	31	5	18	27	8	4	2616
39	47	46	49	50	45	24	44	40	48	41	39	29	37	28	17	13	32	3	36	43	34	14	38	42	11	9	10	1	15	16	26	30	2	20	25	33	19	35	12	21	7	22	23	6	31	5	18	27	8	4	2616
39	47	46	49	24	40	13	48	41	39	42	29	44	28	43	3	36	14	38	11	9	10	1	15	16	26	30	2	20	25	33	19	35	12	21	27	34	7	22	23	6	5	18	32	17	8	4	45	50	37	31	2613
39	24	46	44	49	40	50	29	17	13	41	37	3	39	43	36	48	42	14	38	11	9	10	1	15	16	26	30	2	20	25	33	19	35	12	21	27	34	7	22	23	6	5	31	18	32	28	47	45	8	4	2603
39	24	46	44	49	40	50	29	17	13	41	37	3	39	43	36	48	42	14	38	11	9	10	1	15	16	26	30	2	20	25	33	19	35	12	21	27	34	7	22	23	6	5	31	18	32	28	47	45	8	4	2603
39	47	46	49	50	45	24	44	40	48	41	39	29	37	28	17	13	32	3	36	43	34	14	38	42	11	9	10	1	15	16	26	30	2	20	25	33	19	35	12	21	7	22	23	6	31	5	18	27	8	4	2616
39	24	46	44	49	40	50	29	17	13	41	37	3	39	43	36	48	42	14	38	11	9	10	1	15	16	26	30	2	20	25	33	19	35	12	21	27	34	7	22	23	6	5	31	18	32	28	47	45	8	4	2603
39	24	46	44	49	40	50	29	17	13	41	37	3	39	43	36	48	42	14	38	11	9	10	1	15	16	26	30	2	20	25	33	19	35	12	21	27	34	7	22	23	6	5	31	18	32	28	47	45	8	4	2603
39	24	46	44	49	40	50	29	17	13	41	37	3	39	43	36	48	42	14	38	11	9	10	1	15	16	26	30	2	20	25	33	19	35	12	21	27	34	7	22	23	6	5	31	18	32	28	47	45	8	4	2603
39	47	46	49	50	45	24	44	40	48	41	39	29	37	28	17	13	32	3	36	43	34	14	38	42	11	9	10	1	15	16	26	30	2	20	25	33	19	35	12	21	7	22	23	6	31	5	18	27	8	4	2616
39	47	46	49	50	45	24	44	40	48	41	39	29	37	28	17	13	32	3	36	43	34	14	38	42	11	9	10	1	15	16	26	30	2	20	25	33	19	35	12	21	7	22	23	6	31	5	18	27	8	4	2616
39	24	46	44	49	40	50	29	17	13	41	37	3	39	43	36	48	42	14	38	11	9	10	1	15	16	26	30	2	20	25	33	19	35	12	21	27	34	7	22	23	6	5	31	18	32	28	47	45	8	4	2603
39	47	46	49	50	45	24	44	40	48	41	39	29	37	28	17	13	32	3	36	43	34	14	38	42	11	9	10	1	15	16	26	30	2	20	25	33	19	35	12	21	7	22	23	6	31	5	18	27	8	4	2616
39	47	46	49	50	45	24	44	40	48	41	39	29	37	28	17	13	32	3	36	43	34	14	38	42	11	9	10	1	15	16	26	30	2	20	25	33	19	35	12	21	7	22	23	6	31	5	18	27	8	4	2616
39	47	46	49	50	45	24	44	40	48	41	39	29	37	28	17	13	32	3	36	43	34	14	38	42	11	9	10	1	15	16	26	30	2	20	25	33	19	35	12	21	7	22	23	6	31	5	18	27	8	4	2616
39	47	46	49	50	45	24	44	40	48	41	39	29	37	28	17	13	32	3	36	43	34	14	38	42	11	9	10	1	15	16	26	30	2	20	25	33	19	35	12	21	7	22	23	6	31	5	18	27	8	4	2616
39	47	46	49	50	45	24	44	40	48	41	39	29	37	28	17	13	32	3	36	43	34	14	38	42	11	9	10	1	15	16	26	30	2	20	25	33	19	35	12	21	7	22	23	6	31	5	18	27	8	4	2616
39	47	46	49	50	45	24	44	40	48	41	39	29	37	28	17	13	32	3	36	43	34	14	38	42	11	9	10	1	15	16	26	30	2	20	25	33	19	35	12	21	7	22	23	6	31	5	18	27	8	4	2616
39	47	46	49	50	45	24	44	40	48	41	39	29	37	28	17	13	32	3	36	43	34	14	38	42	11	9	10	1	15	16	26	30	2	20	25	33	19	35	12	21	7	22	23	6	31	5	18	27	8	4	2616
39	47	46	49	50	45	24	44	40	48	41	39	29	37	28	17	13	32	3	36	43	34	14	38	42	11	9	10	1	15	16	26	30	2	20	25	33	19	35	12	21	7	22	23	6	31	5	18	27	8	4	2616
39	24	17	13	3	41	39	42	29	44	40	36	46	48	47	34	14	38	11	9	10	1	15	16	26	30	2	20	25	33	28	19	35	12	21	32	7	22	23	37	6	49	43	5	18	27	8	4	45	50	31	2599
39	24	46	44	49	40	50	29	17	13	41	37	3	39	43	36	48	42	14	38	11	9	10	1	15	16	26	30	2	20	25	33	19	35	12	21	27	34	7	22	23	6	5	31	18	32	28	47	45	8	4	2603
39	47	46	49	50	45	24	44	40	48	41	39	29	37	28	17	13	32	3	36	43	34	14	38	42	11	9	10	1	15	16	26	30	2	20	25	33	19	35	12	21	7	22	23	6	31	5	18	27	8	4	2616
39	47	46	49	50	45	24	44	40	48	41	39	29	37	28	17	13	32	3	36	43	34	14	38	42	11	9	10	1	15	16	26	30	2	20	25	33	19	35	12	21	7	22	23	6	31	5	18	27	8	4	2616
39	24	46	44	49	40	50	29	17	13	41	37	3	39	43	36	48	42	14	38	11	9	10	1	15	16	26	30	2	20	25	33	19	35	12	21	27	34	7	22	23	6	5	31	18	32	28	47	45	8	4	2603
39	24	46	44	49	40	50	29	17	13	41	37	3	39	43	36	48	42	14	38	11	9	10	1	15	16	26	30	2	20	25	33	19	35	12	21	27	34	7	22	23	6	5	31	18	32	28	47	45	8	4	2603
39	24	46	44	49	40	50	29	17	13	41	37	3	39	43	36	48	42	14	38	11	9	10	1	15	16	26	30	2	20	25	33	19	35	12	21	27	34	7	22	23	6	5	31	18	32	28	47	45	8	4	2603
39	47	46	49	50	45	24	44	40	48	41	39	29	37	28	17	13	32	3	36	43	34	14	38	42	11	9	10	1	15	16	26	30	2	20	25	33	19	35	12	21	7	22	23	6	31	5	18	27	8	4	2616
39	47	46	49	50	45	24	44	40	48	41	39	29	37	28	17	13	32	3	36	43	34	14	38	42	11	9	10	1	15	16	26	30	2	20	25	33	19	35	12	21	7	22	23	6	31	5	18	27	8	4	2616
39	24	46	44	49	40	50	29	17	13	41	37	3	39	43	36	48	42	14	38	11	9	10	1	15	16	26	30	2	20	25	33	19	35	12	21	27	34	7	22	23	6	5	31	18	32	28	47	45	8	4	2603
39	47	46	49	50	45	24	44	40	48	41	39	29	37	28	17	13	32	3	36	43	34	14	38	42	11	9	10	1	15	16	26	30	2	20	25	33	19	35	12	21	7	22	23	6	31	5	18	27	8	4	2616
39	24	46	44	49	40	50	29	17	13	41	37	3	39	43	36	48	42	14	38	11	9	10	1	15	16	26	30	2	20	25	33	19	35	12	21	27	34	7	22	23	6	5	31	18	32	28	47	45	8	4	2603
39	47	46	49	50	45	24	44	40	48	41	39	29	37	28	17	13	32	3	36	43	34	14	38	42	11	9	10	1	15	16	26	30	2	20	25	33	19	35	12	21	7	22	23	6	31	5	18	27	8	4	2616
39	47	46	49	50	45	24	44	40	48	41	39	29	37	28	17	13	32	3	36	43	34	14	38	42	11	9	10	1	15	16	26	30	2	20	25	33	19	35	12	21	7	22	23	6	31	5	18	27	8	4	2616
39	47	46	49	50	45	24	44	40	48	41	39	29	37	28	17	13	32	3	36	43	34	14	38	42	11	9	10	1	15	16	26	30	2	20	25	33	19	35	12	21	7	22	23	6	31	5	18	27	8	4	2616
39	47	46	49	50	45	24	44	40	48	41	39	29	37	28	17	13	32	3	36	43	34	14	38	42	11	9	10	1	15	16	26	30	2	20	25	33	19	35	12	21	7	22	23	6	31	5	18	27	8	4	2616
39	47	46	49	50	45	24	44	40	48	41	39	29	37	28	17	13	32	3	36	43	34	14	38	42	11	9	10	1	15	16	26	30	2	20	25	33	19	35	12	21	7	22	23	6	31	5	18	27	8	4	2616
39	47	46	49	50	45	24	44	40	48	41	39	29	37	28	17	13	32	3	36	43	34	14	38	42	11	9	10	1	15	16	26	30	2	20	25	33	19	35	12	21	7	22	23	6	31	5	18	27	8	4	2616
39	24	17	13	3	41	39	42	29	44	40	36	46	48	47	34	14	38	11	9	10	1	15	16	26	30	2	20	25	33	28	19	35	12	21	32	7	22	23	37	6	49	43	5	18	27	8	4	45	50	31	2599
39	24	46	44	49	40	50	29	17	13	41	37	3	39	43	36	48	42	14	38	11	9	10	1	15	16	26	30	2	20	25	33	19	35	12	21	27	34	7	22	23	6	5	31	18	32	28	47	45	8	4	2603
39	24	46	44	49	40	50	29	17	13	41	37	3	39	43	36	48	42	14	38	11	9	10	1	15	16	26	30	2	20	25	33	19	35	12	21	27	34	7	22	23	6	5	31	18	32	28	47	45	8	4	2603
39	47	46	49	50	45	24	44	40	48	41	39	29	37	28	17	13	32	3	36	43	34	14	38	42	11	9	10	1	15	16	26	30	2	20	25	33	19	35	12	21	7	22	23	6	31	5	18	27	8	4	2616
39	24	46	44	49	40	50	29	17	13	41	37	3	39	43	36	48	42	14	38	11	9	10	1	15	16	26	30	2	20	25	33	19	35	12	21	27	34	7	22	23	6	5	31	18	32	28	47	45	8	4	2603
39	24	46	44	49	40	50	29	17	13	41	37	3	39	43	36	48	42	14	38	11	9	10	1	15	16	26	30	2	20	25	33	19	35	12	21	27	34	7	22	23	6	5	31	18	32	28	47	45	8	4	2603
39	24	46	44	49	40	50	29	17	13	41	37	3	39	43	36	48	42	14	38	11	9	10	1	15	16	26	30	2	20	25	33	19	35	12	21	27	34	7	22	23	6	5	31	18	32	28	47	45	8	4	2603
39	47	46	49	50	45	24	44	40	48	41	39	29	37	28	17	13	32	3	36	43	34	14	38	42	11	9	10	1	15	16	26	30	2	20	25	33	19	35	12	21	7	22	23	6	31	5	18	27	8	4	2616
39	47	46	49	50	45	24	44	40	48	41	39	29	37	28	17	13	32	3	36	43	34	14	38	42	11	9	10	1	15	16	26	30	2	20	25	33	19	35	12	21	7	22	23	6	31	5	18	27	8	4	2616
39	24	46	44	49	40	50	29	17	13	41	37	3	39	43	36	48	42	14	38	11	9	10	1	15	16	26	30	2	20	25	33	19	35	12	21	27	34	7	22	23	6	5	31	18	32	28	47	45	8	4	2603
39	24	46	44	49	40	50	29	17	13	41	37	3	39	43	36	48	42	14	38	11	9	10	1	15	16	26	30	2	20	25	33	19	35	12	21	27	34	7	22	23	6	5	31	18	32	28	47	45	8	4	2603
39	47	46	49	50	45	24	44	40	48	41	39	29	37	28	17	13	32	3	36	43	34	14	38	42	11	9	10	1	15	16	26	30	2	20	25	33	19	35	12	21	7	22	23	6	31	5	18	27	8	4	2616
39	47	46	49	50	45	24	44	40	48	41	39	29	37	28	17	13	32	3	36	43	34	14	38	42	11	9	10	1	15	16	26	30	2	20	25	33	19	35	12	21	7	22	23	6	31	5	18	27	8	4	2616
39	47	46	49	50	45	24	44	40	48	41	39	29	37	28	17	13	32	3	36	43	34	14	38	42	11	9	10	1	15	16	26	30	2	20	25	33	19	35	12	21	7	22	23	6	31	5	18	27	8	4	2616
39	47	46	49	50	45	24	44	40	48	41	39	29	37	28	17	13	32	3	36	43	34	14	38	42	11	9	10	1	15	16	26	30	2	20	25	33	19	35	12	21	7	22	23	6	31	5	18	27	8	4	2616
39	47	46	49	50	45	24	44	40	48	41	39	29	37	28	17	13	32	3	36	43	34	14	38	42	11	9	10	1	15	16	26	30	2	20	25	33	19	35	12	21	7	22	23	6	31	5	18	27	8	4	2616
39	47	46	49	50	45	24	44	40	48	41	39	29	37	28	17	13	32	3	36	43	34	14	38	42	11	9	10	1	15	16	26	30	2	20	25	33	19	35	12	21	7	22	23	6	31	5	18	27	8	4	2616
39	47	46	49	50	45	24	44	40	48	41	39	29	37	28	17	13	32	3	36	43	34	14	38	42	11	9	10	1	15	16	26	30	2	20	25	33	19	35	12	21	7	22	23	6	31	5	18	27	8	4	2616
39	24	17	13	3	41	39	42	29	44	40	36	46	48	47	34	14	38	11	9	10	1	15	16	26	30	2	20	25	33	28	19	35	12	21	32	7	22	23	37	6	49	43	5	18	27	8	4	45	50	31	2599
39	24	46	44	49	40	50	29	17	13	41	37	3	39	43	36	48	42	14	38	11	9	10	1	15	16	26	30	2	20	25	33	19	35	12	21	27	34	7	22	23	6	5	31	18	32	28	47	45	8	4	2603
39	24	46	44	49	40	50	29	17	13	41	37	3	39	43	36	48	42	14	38	11	9	10	1	15	16	26	30	2	20	25	33	19	35	12	21	27	34	7	22	23	6	5	31	18	32	28	47	45	8	4	2603
39	47	46	49	50	45	24	44	40	48	41	39	29	37	28	17	13	32	3	36	43	34	14	38	42	11	9	10	1	15	16	26	30	2	20	25	33	19	35	12	21	7	22	23	6	31	5	18	27	8	4	2616
39	24	46	44	49	40	50	29	17	13	41	37	3	39	43	36	48	42	14	38	11	9	10	1	15	16	26	30	2	20	25	33	19	35	12	21	27	34	7	22	23	6	5	31	18	32	28	47	45	8	4	2603
39	24	46	44	49	40	50	29	17	13	41	37	3	39	43	36	48	42	14	38	11	9	10	1	15	16	26	30	2	20	25	33	19	35	12	21	27	34	7	22	23	6	5	31	18	32	28	47	45	8	4	2603
39	24	46	44	49	40	50	29	17	13	41	37	3	39	43	36	48	42	14	38	11	9	10	1	15	16	26	30	2	20	25	33	19	35	12	21	27	34	7	22	23	6	5	31	18	32	28	47	45	8	4	2603
39	47	46	49	50	45	24	44	40	48	41	39	29	37	28	17	13	32	3	36	43	34	14	38	42	11	9	10	1	15	16	26	30	2	20	25	33	19	35	12	21	7	22	23	6	31	5	18	27	8	4	2616
39	47	46	49	50	45	24	44	40	48	41	39	29	37	28	17	13	32	3	36	43	34	14	38	42	11	9	10	1	15	16	26	30	2	20	25	33	19	35	12	21	7	22	23	6	31	5	18	27	8	4	2616
39	24	46	44	49	40	50	29	17	13	41	37	3	39	43	36	48	42	14	38	11	9	10	1	15	16	26	30	2	20	25	33	19	35	12	21	27	34	7	22	23	6	5	31	18	32	28	47	45	8	4	2603
39	24	46	44	49	40	50	29	17	13	41	37	3	39	43	36	48	42	14	38	11	9	10	1	15	16	26	30	2	20	25	33	19	35	12	21	27	34	7	22	23	6	5	31	18	32	28	47	45	8	4	2603
39	47	46	49	50	45	24	44	40	48	41	39	29	37	28	17	13	32	3	36	43	34	14	38	42	11	9	10	1	15	16	26	30	2	20	25	33	19	35	12	21	7	22	23	6	31	5	18	27	8	4	2616
39	47	46	49	50	45	24	44	40	48	41	39	29	37	28	17	13	32	3	36	43	34	14	38	42	11	9	10	1	15	16	26	30	2	20	25	33	19	35	12	21	7	22	23	6	31	5	18	27	8	4	2616
39	47	46	49	50	45	24	44	40	48	41	39	29	37	28	17	13	32	3	36	43	34	14	38	42	11	9	10	1	15	16	26	30	2	20	25	33	19	35	12	21	7	22	23	6	31	5	18	27	8	4	2616
39	47	46	49	50	45	24	44	40	48	41	39	29	37	28	17	13	32	3	36	43	34	14	38	42	11	9	10	1	15	16	26	30	2	20	25	33	19	35	12	21	7	22	23	6	31	5	18	27	8	4	2616
39	47	46	49	50	45	24	44	40	48	41	39	29	37	28	17	13	32	3	36	43	34	14	38	42	11	9	10	1	15	16	26	30	2	20	25	33	19	35	12	21	7	22	23	6	31	5	18	27	8	4	2616
39	47	46	49	50	45	24	44	40	48	41	39	29	37	28	17	13	32	3	36	43	34	14	38	42	11	9	10	1	15	16	26	30	2	20	25	33	19	35	12	21	7	22	23	6	31	5	18	27	8	4	2616
39	47	46	49	50	45	24	44	40	48	41	39	29	37	28	17	13	32	3	36	43	34	14	38	42	11	9	10	1	15	16	26	30	2	20	25	33	19	35	12	21	7	22	23	6	31	5	18	27	8	4	2616
39	24	17	13	41	40	48	39	44	42	46	3	36	29	34	14	38	11	9	10	1	15	16	26	30	2	20	25	33	49	28	19	35	12	21	32	7	22	23	37	6	47	43	5	18	27	8	4	45	50	31	2596
39	24	46	44	49	40	50	29	17	13	41	37	3	39	43	36	48	42	14	38	11	9	10	1	15	16	26	30	2	20	25	33	19	35	12	21	27	34	7	22	23	6	5	31	18	32	28	47	45	8	4	2603
39	24	46	44	49	40	50	29	17	13	41	37	3	39	43	36	48	42	14	38	11	9	10	1	15	16	26	30	2	20	25	33	19	35	12	21	27	34	7	22	23	6	5	31	18	32	28	47	45	8	4	2603
39	24	46	44	49	40	50	29	17	13	41	37	3	39	43	36	48	42	14	38	11	9	10	1	15	16	26	30	2	20	25	33	19	35	12	21	27	34	7	22	23	6	5	31	18	32	28	47	45	8	4	2603
39	47	46	49	50	45	24	44	40	48	41	39	29	37	28	17	13	32	3	36	43	34	14	38	42	11	9	10	1	15	16	26	30	2	20	25	33	19	35	12	21	7	22	23	6	31	5	18	27	8	4	2616
39	24	46	44	49	40	50	29	17	13	41	37	3	39	43	36	48	42	14	38	11	9	10	1	15	16	26	30	2	20	25	33	19	35	12	21	27	34	7	22	23	6	5	31	18	32	28	47	45	8	4	2603
39	47	46	49	50	45	24	44	40	48	41	39	29	37	28	17	13	32	3	36	43	34	14	38	42	11	9	10	1	15	16	26	30	2	20	25	33	19	35	12	21	7	22	23	6	31	5	18	27	8	4	2616
39	47	46	49	50	45	24	44	40	48	41	39	29	37	28	17	13	32	3	36	43	34	14	38	42	11	9	10	1	15	16	26	30	2	20	25	33	19	35	12	21	7	22	23	6	31	5	18	27	8	4	2616
39	47	46	49	50	45	24	44	40	48	41	39	29	37	28	17	13	32	3	36	43	34	14	38	42	11	9	10	1	15	16	26	30	2	20	25	33	19	35	12	21	7	22	23	6	31	5	18	27	8	4	2616
39	24	46	44	49	40	50	29	17	13	41	37	3	39	43	36	48	42	14	38	11	9	10	1	15	16	26	30	2	20	25	33	19	35	12	21	27	34	7	22	23	6	5	31	18	32	28	47	45	8	4	2603
39	24	46	44	49	40	50	29	17	13	41	37	3	39	43	36	48	42	14	38	11	9	10	1	15	16	26	30	2	20	25	33	19	35	12	21	27	34	7	22	23	6	5	31	18	32	28	47	45	8	4	2603
39	47	46	49	50	45	24	44	40	48	41	39	29	37	28	17	13	32	3	36	43	34	14	38	42	11	9	10	1	15	16	26	30	2	20	25	33	19	35	12	21	7	22	23	6	31	5	18	27	8	4	2616
39	47	46	49	50	45	24	44	40	48	41	39	29	37	28	17	13	32	3	36	43	34	14	38	42	11	9	10	1	15	16	26	30	2	20	25	33	19	35	12	21	7	22	23	6	31	5	18	27	8	4	2616
39	47	46	49	50	45	24	44	40	48	41	39	29	37	28	17	13	32	3	36	43	34	14	38	42	11	9	10	1	15	16	26	30	2	20	25	33	19	35	12	21	7	22	23	6	31	5	18	27	8	4	2616
39	47	46	49	50	45	24	44	40	48	41	39	29	37	28	17	13	32	3	36	43	34	14	38	42	11	9	10	1	15	16	26	30	2	20	25	33	19	35	12	21	7	22	23	6	31	5	18	27	8	4	2616
39	47	46	49	50	45	24	44	40	48	41	39	29	37	28	17	13	32	3	36	43	34	14	38	42	11	9	10	1	15	16	26	30	2	20	25	33	19	35	12	21	7	22	23	6	31	5	18	27	8	4	2616
39	47	46	49	50	45	24	44	40	48	41	39	29	37	28	17	13	32	3	36	43	34	14	38	42	11	9	10	1	15	16	26	30	2	20	25	33	19	35	12	21	7	22	23	6	31	5	18	27	8	4	2616
39	47	46	49	50	45	24	44	40	48	41	39	29	37	28	17	13	32	3	36	43	34	14	38	42	11	9	10	1	15	16	26	30	2	20	25	33	19	35	12	21	7	22	23	6	31	5	18	27	8	4	2616
39	24	17	13	41	40	48	39	44	42	46	3	36	29	34	14	38	11	9	10	1	15	16	26	30	2	20	25	33	49	28	19	35	12	21	32	7	22	23	37	6	47	43	5	18	27	8	4	45	50	31	2596
39	24	46	44	49	40	50	29	17	13	41	37	3	39	43	36	48	42	14	38	11	9	10	1	15	16	26	30	2	20	25	33	19	35	12	21	27	34	7	22	23	6	5	31	18	32	28	47	45	8	4	2603
39	24	46	44	49	40	50	29	17	13	41	37	3	39	43	36	48	42	14	38	11	9	10	1	15	16	26	30	2	20	25	33	19	35	12	21	27	34	7	22	23	6	5	31	18	32	28	47	45	8	4	2603
39	24	46	44	49	40	50	29	17	13	41	37	3	39	43	36	48	42	14	38	11	9	10	1	15	16	26	30	2	20	25	33	19	35	12	21	27	34	7	22	23	6	5	31	18	32	28	47	45	8	4	2603
39	47	46	49	50	45	24	44	40	48	41	39	29	37	28	17	13	32	3	36	43	34	14	38	42	11	9	10	1	15	16	26	30	2	20	25	33	19	35	12	21	7	22	23	6	31	5	18	27	8	4	2616
39	24	46	44	49	40	50	29	17	13	41	37	3	39	43	36	48	42	14	38	11	9	10	1	15	16	26	30	2	20	25	33	19	35	12	21	27	34	7	22	23	6	5	31	18	32	28	47	45	8	4	2603
39	24	46	44	49	40	50	29	17	13	41	37	3	39	43	36	48	42	14	38	11	9	10	1	15	16	26	30	2	20	25	33	19	35	12	21	27	34	7	22	23	6	5	31	18	32	28	47	45	8	4	2603
39	47	46	49	50	45	24	44	40	48	41	39	29	37	28	17	13	32	3	36	43	34	14	38	42	11	9	10	1	15	16	26	30	2	20	25	33	19	35	12	21	7	22	23	6	31	5	18	27	8	4	2616
39	47	46	49	50	45	24	44	40	48	41	39	29	37	28	17	13	32	3	36	43	34	14	38	42	11	9	10	1	15	16	26	30	2	20	25	33	19	35	12	21	7	22	23	6	31	5	18	27	8	4	2616
39	24	46	44	49	40	50	29	17	13	41	37	3	39	43	36	48	42	14	38	11	9	10	1	15	16	26	30	2	20	25	33	19	35	12	21	27	34	7	22	23	6	5	31	18	32	28	47	45	8	4	2603
39	24	46	44	49	40	50	29	17	13	41	37	3	39	43	36	48	42	14	38	11	9	10	1	15	16	26	30	2	20	25	33	19	35	12	21	27	34	7	22	23	6	5	31	18	32	28	47	45	8	4	2603
39	47	46	49	50	45	24	44	40	48	41	39	29	37	28	17	13	32	3	36	43	34	14	38	42	11	9	10	1	15	16	26	30	2	20	25	33	19	35	12	21	7	22	23	6	31	5	18	27	8	4	2616
39	47	46	49	50	45	24	44	40	48	41	39	29	37	28	17	13	32	3	36	43	34	14	38	42	11	9	10	1	15	16	26	30	2	20	25	33	19	35	12	21	7	22	23	6	31	5	18	27	8	4	2616
39	47	46	49	50	45	24	44	40	48	41	39	29	37	28	17	13	32	3	36	43	34	14	38	42	11	9	10	1	15	16	26	30	2	20	25	33	19	35	12	21	7	22	23	6	31	5	18	27	8	4	2616
39	24	46	44	49	40	50	29	17	13	41	37	3	39	43	36	48	42	14	38	11	9	10	1	15	16	26	30	2	20	25	33	19	35	12	21	27	34	7	22	23	6	5	31	18	32	28	47	45	8	4	2603
39	47	46	49	50	45	24	44	40	48	41	39	29	37	28	17	13	32	3	36	43	34	14	38	42	11	9	10	1	15	16	26	30	2	20	25	33	19	35	12	21	7	22	23	6	31	5	18	27	8	4	2616
39	47	46	49	50	45	24	44	40	48	41	39	29	37	28	17	13	32	3	36	43	34	14	38	42	11	9	10	1	15	16	26	30	2	20	25	33	19	35	12	21	7	22	23	6	31	5	18	27	8	4	2616
39	47	46	49	50	45	24	44	40	48	41	39	29	37	28	17	13	32	3	36	43	34	14	38	42	11	9	10	1	15	16	26	30	2	20	25	33	19	35	12	21	7	22	23	6	31	5	18	27	8	4	2616
39	24	17	13	41	40	48	39	44	42	46	3	36	29	34	14	38	11	9	10	1	15	16	26	30	2	20	25	33	49	28	19	35	12	21	32	7	22	23	37	6	47	43	5	18	27	8	4	45	50	31	2596
39	24	46	44	49	40	50	29	17	13	41	37	3	39	43	36	48	42	14	38	11	9	10	1	15	16	26	30	2	20	25	33	19	35	12	21	27	34	7	22	23	6	5	31	18	32	28	47	45	8	4	2603
39	24	46	44	49	40	50	29	17	13	41	37	3	39	43	36	48	42	14	38	11	9	10	1	15	16	26	30	2	20	25	33	19	35	12	21	27	34	7	22	23	6	5	31	18	32	28	47	45	8	4	2603
39	24	46	44	49	40	50	29	17	13	41	37	3	39	43	36	48	42	14	38	11	9	10	1	15	16	26	30	2	20	25	33	19	35	12	21	27	34	7	22	23	6	5	31	18	32	28	47	45	8	4	2603
39	47	46	49	50	45	24	44	40	48	41	39	29	37	28	17	13	32	3	36	43	34	14	38	42	11	9	10	1	15	16	26	30	2	20	25	33	19	35	12	21	7	22	23	6	31	5	18	27	8	4	2616
39	24	46	44	49	40	50	29	17	13	41	37	3	39	43	36	48	42	14	38	11	9	10	1	15	16	26	30	2	20	25	33	19	35	12	21	27	34	7	22	23	6	5	31	18	32	28	47	45	8	4	2603
39	24	46	44	49	40	50	29	17	13	41	37	3	39	43	36	48	42	14	38	11	9	10	1	15	16	26	30	2	20	25	33	19	35	12	21	27	34	7	22	23	6	5	31	18	32	28	47	45	8	4	2603
39	47	46	49	50	45	24	44	40	48	41	39	29	37	28	17	13	32	3	36	43	34	14	38	42	11	9	10	1	15	16	26	30	2	20	25	33	19	35	12	21	7	22	23	6	31	5	18	27	8	4	2616
39	47	46	49	50	45	24	44	40	48	41	39	29	37	28	17	13	32	3	36	43	34	14	38	42	11	9	10	1	15	16	26	30	2	20	25	33	19	35	12	21	7	22	23	6	31	5	18	27	8	4	2616
39	24	46	44	49	40	50	29	17	13	41	37	3	39	43	36	48	42	14	38	11	9	10	1	15	16	26	30	2	20	25	33	19	35	12	21	27	34	7	22	23	6	5	31	18	32	28	47	45	8	4	2603
39	24	46	44	49	40	50	29	17	13	41	37	3	39	43	36	48	42	14	38	11	9	10	1	15	16	26	30	2	20	25	33	19	35	12	21	27	34	7	22	23	6	5	31	18	32	28	47	45	8	4	2603
39	47	46	49	50	45	24	44	40	48	41	39	29	37	28	17	13	32	3	36	43	34	14	38	42	11	9	10	1	15	16	26	30	2	20	25	33	19	35	12	21	7	22	23	6	31	5	18	27	8	4	2616
39	47	46	49	50	45	24	44	40	48	41	39	29	37	28	17	13	32	3	36	43	34	14	38	42	11	9	10	1	15	16	26	30	2	20	25	33	19	35	12	21	7	22	23	6	31	5	18	27	8	4	2616
39	47	46	49	50	45	24	44	40	48	41	39	29	37	28	17	13	32	3	36	43	34	14	38	42	11	9	10	1	15	16	26	30	2	20	25	33	19	35	12	21	7	22	23	6	31	5	18	27	8	4	2616
39	24	46	44	49	40	50	29	17	13	41	37	3	39	43	36	48	42	14	38	11	9	10	1	15	16	26	30	2	20	25	33	19	35	12	21	27	34	7	22	23	6	5	31	18	32	28	47	45	8	4	2603
39	47	46	49	50	45	24	44	40	48	41	39	29	37	28	17	13	32	3	36	43	34	14	38	42	11	9	10	1	15	16	26	30	2	20	25	33	19	35	12	21	7	22	23	6	31	5	18	27	8	4	2616
39	47	46	49	50	45	24	44	40	48	41	39	29	37	28	17	13	32	3	36	43	34	14	38	42	11	9	10	1	15	16	26	30	2	20	25	33	19	35	12	21	7	22	23	6	31	5	18	27	8	4	2616
39	47	46	49	50	45	24	44	40	48	41	39	29	37	28	17	13	32	3	36	43	34	14	38	42	11	9	10	1	15	16	26	30	2	20	25	33	19	35	12	21	7	22	23	6	31	5	18	27	8	4	2616
39	24	17	13	41	40	48	39	44	42	46	3	36	29	34	14	38	11	9	10	1	15	16	26	30	2	20	25	33	49	28	19	35	12	21	32	7	22	23	37	6	47	43	5	18	27	8	4	45	50	31	2596
39	24	46	44	49	40	50	29	17	13	41	37	3	39	43	36	48	42	14	38	11	9	10	1	15	16	26	30	2	20	25	33	19	35	12	21	27	34	7	22	23	6	5	31	18	32	28	47	45	8	4	2603
39	24	46	44	49	40	50	29	17	13	41	37	3	39	43	36	48	42	14	38	11	9	10	1	15	16	26	30	2	20	25	33	19	35	12	21	27	34	7	22	23	6	5	31	18	32	28	47	45	8	4	2603
39	24	46	44	49	40	50	29	17	13	41	37	3	39	43	36	48	42	14	38	11	9	10	1	15	16	26	30	2	20	25	33	19	35	12	21	27	34	7	22	23	6	5	31	18	32	28	47	45	8	4	2603
39	47	46	49	50	45	24	44	40	48	41	39	29	37	28	17	13	32	3	36	43	34	14	38	42	11	9	10	1	15	16	26	30	2	20	25	33	19	35	12	21	7	22	23	6	31	5	18	27	8	4	2616
39	24	46	44	49	40	50	29	17	13	41	37	3	39	43	36	48	42	14	38	11	9	10	1	15	16	26	30	2	20	25	33	19	35	12	21	27	34	7	22	23	6	5	31	18	32	28	47	45	8	4	2603
39	24	46	44	49	40	50	29	17	13	41	37	3	39	43	36	48	42	14	38	11	9	10	1	15	16	26	30	2	20	25	33	19	35	12	21	27	34	7	22	23	6	5	31	18	32	28	47	45	8	4	2603
39	24	46	44	49	40	50	29	17	13	41	37	3	39	43	36	48	42	14	38	11	9	10	1	15	16	26	30	2	20	25	33	19	35	12	21	27	34	7	22	23	6	5	31	18	32	28	47	45	8	4	2603
39	47	46	49	50	45	24	44	40	48	41	39	29	37	28	17	13	32	3	36	43	34	14	38	42	11	9	10	1	15	16	26	30	2	20	25	33	19	35	12	21	7	22	23	6	31	5	18	27	8	4	2616
39	24	46	44	49	40	50	29	17	13	41	37	3	39	43	36	48	42	14	38	11	9	10	1	15	16	26	30	2	20	25	33	19	35	12	21	27	34	7	22	23	6	5	31	18	32	28	47	45	8	4	2603
39	47	46	49	50	45	24	44	40	48	41	39	29	37	28	17	13	32	3	36	43	34	14	38	42	11	9	10	1	15	16	26	30	2	20	25	33	19	35	12	21	7	22	23	6	31	5	18	27	8	4	2616
39	47	46	49	50	45	24	44	40	48	41	39	29	37	28	17	13	32	3	36	43	34	14	38	42	11	9	10	1	15	16	26	30	2	20	25	33	19	35	12	21	7	22	23	6	31	5	18	27	8	4	2616
39	47	46	49	50	45	24	44	40	48	41	39	29	37	28	17	13	32	3	36	43	34	14	38	42	11	9	10	1	15	16	26	30	2	20	25	33	19	35	12	21	7	22	23	6	31	5	18	27	8	4	2616
39	47	46	49	50	45	24	44	40	48	41	39	29	37	28	17	13	32	3	36	43	34	14	38	42	11	9	10	1	15	16	26	30	2	20	25	33	19	35	12	21	7	22	23	6	31	5	18	27	8	4	2616
39	24	46	44	49	40	50	29	17	13	41	37	3	39	43	36	48	42	14	38	11	9	10	1	15	16	26	30	2	20	25	33	19	35	12	21	27	34	7	22	23	6	5	31	18	32	28	47	45	8	4	2603
39	47	46	49	50	45	24	44	40	48	41	39	29	37	28	17	13	32	3	36	43	34	14	38	42	11	9	10	1	15	16	26	30	2	20	25	33	19	35	12	21	7	22	23	6	31	5	18	27	8	4	2616
39	47	46	49	50	45	24	44	40	48	41	39	29	37	28	17	13	32	3	36	43	34	14	38	42	11	9	10	1	15	16	26	30	2	20	25	33	19	35	12	21	7	22	23	6	31	5	18	27	8	4	2616
39	47	46	49	50	45	24	44	40	48	41	39	29	37	28	17	13	32	3	36	43	34	14	38	42	11	9	10	1	15	16	26	30	2	20	25	33	19	35	12	21	7	22	23	6	31	5	18	27	8	4	2616
39	24	17	13	41	40	48	39	44	42	46	3	36	29	34	14	38	11	9	10	1	15	16	26	30	2	20	25	33	49	28	19	35	12	21	32	7	22	23	37	6	47	43	5	18	27	8	4	45	50	31	2596
39	24	46	44	49	40	50	29	17	13	41	37	3	39	43	36	48	42	14	38	11	9	10	1	15	16	26	30	2	20	25	33	19	35	12	21	27	34	7	22	23	6	5	31	18	32	28	47	45	8	4	2603
39	24	46	44	49	40	50	29	17	13	41	37	3	39	43	36	48	42	14	38	11	9	10	1	15	16	26	30	2	20	25	33	19	35	12	21	27	34	7	22	23	6	5	31	18	32	28	47	45	8	4	2603
39	24	46	44	49	40	50	29	17	13	41	37	3	39	43	36	48	42	14	38	11	9	10	1	15	16	26	30	2	20	25	33	19	35	12	21	27	34	7	22	23	6	5	31	18	32	28	47	45	8	4	2603
39	47	46	49	50	45	24	44	40	48	41	39	29	37	28	17	13	32	3	36	43	34	14	38	42	11	9	10	1	15	16	26	30	2	20	25	33	19	35	12	21	7	22	23	6	31	5	18	27	8	4	2616
39	24	46	44	49	40	50	29	17	13	41	37	3	39	43	36	48	42	14	38	11	9	10	1	15	16	26	30	2	20	25	33	19	35	12	21	27	34	7	22	23	6	5	31	18	32	28	47	45	8	4	2603
39	24	46	44	49	40	50	29	17	13	41	37	3	39	43	36	48	42	14	38	11	9	10	1	15	16	26	30	2	20	25	33	19	35	12	21	27	34	7	22	23	6	5	31	18	32	28	47	45	8	4	2603
39	24	46	44	49	40	50	29	17	13	41	37	3	39	43	36	48	42	14	38	11	9	10	1	15	16	26	30	2	20	25	33	19	35	12	21	27	34	7	22	23	6	5	31	18	32	28	47	45	8	4	2603
39	47	46	49	50	45	24	44	40	48	41	39	29	37	28	17	13	32	3	36	43	34	14	38	42	11	9	10	1	15	16	26	30	2	20	25	33	19	35	12	21	7	22	23	6	31	5	18	27	8	4	2616
39	24	46	44	49	40	50	29	17	13	41	37	3	39	43	36	48	42	14	38	11	9	10	1	15	16	26	30	2	20	25	33	19	35	12	21	27	34	7	22	23	6	5	31	18	32	28	47	45	8	4	2603
39	24	46	44	49	40	50	29	17	13	41	37	3	39	43	36	48	42	14	38	11	9	10	1	15	16	26	30	2	20	25	33	19	35	12	21	27	34	7	22	23	6	5	31	18	32	28	47	45	8	4	2603
39	47	46	49	50	45	24	44	40	48	41	39	29	37	28	17	13	32	3	36	43	34	14	38	42	11	9	10	1	15	16	26	30	2	20	25	33	19	35	12	21	7	22	23	6	31	5	18	27	8	4	2616
39	47	46	49	50	45	24	44	40	48	41	39	29	37	28	17	13	32	3	36	43	34	14	38	42	11	9	10	1	15	16	26	30	2	20	25	33	19	35	12	21	7	22	23	6	31	5	18	27	8	4	2616
39	47	46	49	50	45	24	44	40	48	41	39	29	37	28	17	13	32	3	36	43	34	14	38	42	11	9	10	1	15	16	26	30	2	20	25	33	19	35	12	21	7	22	23	6	31	5	18	27	8	4	2616
39	24	46	44	49	40	50	29	17	13	41	37	3	39	43	36	48	42	14	38	11	9	10	1	15	16	26	30	2	20	25	33	19	35	12	21	27	34	7	22	23	6	5	31	18	32	28	47	45	8	4	2603
39	47	46	49	50	45	24	44	40	48	41	39	29	37	28	17	13	32	3	36	43	34	14	38	42	11	9	10	1	15	16	26	30	2	20	25	33	19	35	12	21	7	22	23	6	31	5	18	27	8	4	2616
39	47	46	49	50	45	24	44	40	48	41	39	29	37	28	17	13	32	3	36	43	34	14	38	42	11	9	10	1	15	16	26	30	2	20	25	33	19	35	12	21	7	22	23	6	31	5	18	27	8	4	2616
39	47	46	49	50	45	24	44	40	48	41	39	29	37	28	17	13	32	3	36	43	34	14	38	42	11	9	10	1	15	16	26	30	2	20	25	33	19	35	12	21	7	22	23	6	31	5	18	27	8	4	2616
39	47	46	49	24	40	13	48	41	39	42	29	44	28	43	3	36	14	38	11	9	10	1	15	16	26	30	2	20	25	33	19	35	12	21	27	34	7	22	23	6	5	18	32	17	8	4	45	50	37	31	2613
39	24	46	44	49	40	50	29	17	13	41	37	3	39	43	36	48	42	14	38	11	9	10	1	15	16	26	30	2	20	25	33	19	35	12	21	27	34	7	22	23	6	5	31	18	32	28	47	45	8	4	2603
39	24	46	44	49	40	50	29	17	13	41	37	3	39	43	36	48	42	14	38	11	9	10	1	15	16	26	30	2	20	25	33	19	35	12	21	27	34	7	22	23	6	5	31	18	32	28	47	45	8	4	2603
39	47	46	49	50	45	24	44	40	48	41	39	29	37	28	17	13	32	3	36	43	34	14	38	42	11	9	10	1	15	16	26	30	2	20	25	33	19	35	12	21	7	22	23	6	31	5	18	27	8	4	2616
39	47	46	49	50	45	24	44	40	48	41	39	29	37	28	17	13	32	3	36	43	34	14	38	42	11	9	10	1	15	16	26	30	2	20	25	33	19	35	12	21	7	22	23	6	31	5	18	27	8	4	2616
39	24	46	44	49	40	50	29	17	13	41	37	3	39	43	36	48	42	14	38	11	9	10	1	15	16	26	30	2	20	25	33	19	35	12	21	27	34	7	22	23	6	5	31	18	32	28	47	45	8	4	2603
39	24	46	44	49	40	50	29	17	13	41	37	3	39	43	36	48	42	14	38	11	9	10	1	15	16	26	30	2	20	25	33	19	35	12	21	27	34	7	22	23	6	5	31	18	32	28	47	45	8	4	2603
39	24	46	44	49	40	50	29	17	13	41	37	3	39	43	36	48	42	14	38	11	9	10	1	15	16	26	30	2	20	25	33	19	35	12	21	27	34	7	22	23	6	5	31	18	32	28	47	45	8	4	2603
39	47	46	49	50	45	24	44	40	48	41	39	29	37	28	17	13	32	3	36	43	34	14	38	42	11	9	10	1	15	16	26	30	2	20	25	33	19	35	12	21	7	22	23	6	31	5	18	27	8	4	2616
39	24	46	44	49	40	50	29	17	13	41	37	3	39	43	36	48	42	14	38	11	9	10	1	15	16	26	30	2	20	25	33	19	35	12	21	27	34	7	22	23	6	5	31	18	32	28	47	45	8	4	2603
39	24	46	44	49	40	50	29	17	13	41	37	3	39	43	36	48	42	14	38	11	9	10	1	15	16	26	30	2	20	25	33	19	35	12	21	27	34	7	22	23	6	5	31	18	32	28	47	45	8	4	2603
39	47	46	49	50	45	24	44	40	48	41	39	29	37	28	17	13	32	3	36	43	34	14	38	42	11	9	10	1	15	16	26	30	2	20	25	33	19	35	12	21	7	22	23	6	31	5	18	27	8	4	2616
39	47	46	49	50	45	24	44	40	48	41	39	29	37	28	17	13	32	3	36	43	34	14	38	42	11	9	10	1	15	16	26	30	2	20	25	33	19	35	12	21	7	22	23	6	31	5	18	27	8	4	2616
39	47	46	49	50	45	24	44	40	48	41	39	29	37	28	17	13	32	3	36	43	34	14	38	42	11	9	10	1	15	16	26	30	2	20	25	33	19	35	12	21	7	22	23	6	31	5	18	27	8	4	2616
39	24	46	44	49	40	50	29	17	13	41	37	3	39	43	36	48	42	14	38	11	9	10	1	15	16	26	30	2	20	25	33	19	35	12	21	27	34	7	22	23	6	5	31	18	32	28	47	45	8	4	2603
39	47	46	49	50	45	24	44	40	48	41	39	29	37	28	17	13	32	3	36	43	34	14	38	42	11	9	10	1	15	16	26	30	2	20	25	33	19	35	12	21	7	22	23	6	31	5	18	27	8	4	2616
39	47	46	49	50	45	24	44	40	48	41	39	29	37	28	17	13	32	3	36	43	34	14	38	42	11	9	10	1	15	16	26	30	2	20	25	33	19	35	12	21	7	22	23	6	31	5	18	27	8	4	2616
39	47	46	49	50	45	24	44	40	48	41	39	29	37	28	17	13	32	3	36	43	34	14	38	42	11	9	10	1	15	16	26	30	2	20	25	33	19	35	12	21	7	22	23	6	31	5	18	27	8	4	2616
39	24	46	49	13	47	45	40	3	36	48	39	44	42	41	29	28	14	38	11	9	10	1	15	16	26	30	2	20	25	33	19	35	12	21	27	34	7	22	23	6	5	18	32	17	8	4	43	50	37	31	2585
39	24	46	44	49	40	50	29	17	13	41	37	3	39	43	36	48	42	14	38	11	9	10	1	15	16	26	30	2	20	25	33	19	35	12	21	27	34	7	22	23	6	5	31	18	32	28	47	45	8	4	2603
39	24	46	44	49	40	50	29	17	13	41	37	3	39	43	36	48	42	14	38	11	9	10	1	15	16	26	30	2	20	25	33	19	35	12	21	27	34	7	22	23	6	5	31	18	32	28	47	45	8	4	2603
39	24	46	44	49	40	50	29	17	13	41	37	3	39	43	36	48	42	14	38	11	9	10	1	15	16	26	30	2	20	25	33	19	35	12	21	27	34	7	22	23	6	5	31	18	32	28	47	45	8	4	2603
39	47	46	49	50	45	24	44	40	48	41	39	29	37	28	17	13	32	3	36	43	34	14	38	42	11	9	10	1	15	16	26	30	2	20	25	33	19	35	12	21	7	22	23	6	31	5	18	27	8	4	2616
39	24	46	44	49	40	50	29	17	13	41	37	3	39	43	36	48	42	14	38	11	9	10	1	15	16	26	30	2	20	25	33	19	35	12	21	27	34	7	22	23	6	5	31	18	32	28	47	45	8	4	2603
39	24	46	44	49	40	50	29	17	13	41	37	3	39	43	36	48	42	14	38	11	9	10	1	15	16	26	30	2	20	25	33	19	35	12	21	27	34	7	22	23	6	5	31	18	32	28	47	45	8	4	2603
39	24	46	44	49	40	50	29	17	13	41	37	3	39	43	36	48	42	14	38	11	9	10	1	15	16	26	30	2	20	25	33	19	35	12	21	27	34	7	22	23	6	5	31	18	32	28	47	45	8	4	2603
39	47	46	49	50	45	24	44	40	48	41	39	29	37	28	17	13	32	3	36	43	34	14	38	42	11	9	10	1	15	16	26	30	2	20	25	33	19	35	12	21	7	22	23	6	31	5	18	27	8	4	2616
39	24	46	44	49	40	50	29	17	13	41	37	3	39	43	36	48	42	14	38	11	9	10	1	15	16	26	30	2	20	25	33	19	35	12	21	27	34	7	22	23	6	5	31	18	32	28	47	45	8	4	2603
39	24	46	44	49	40	50	29	17	13	41	37	3	39	43	36	48	42	14	38	11	9	10	1	15	16	26	30	2	20	25	33	19	35	12	21	27	34	7	22	23	6	5	31	18	32	28	47	45	8	4	2603
39	24	46	44	49	40	50	29	17	13	41	37	3	39	43	36	48	42	14	38	11	9	10	1	15	16	26	30	2	20	25	33	19	35	12	21	27	34	7	22	23	6	5	31	18	32	28	47	45	8	4	2603
39	47	46	49	50	45	24	44	40	48	41	39	29	37	28	17	13	32	3	36	43	34	14	38	42	11	9	10	1	15	16	26	30	2	20	25	33	19	35	12	21	7	22	23	6	31	5	18	27	8	4	2616
39	47	46	49	50	45	24	44	40	48	41	39	29	37	28	17	13	32	3	36	43	34	14	38	42	11	9	10	1	15	16	26	30	2	20	25	33	19	35	12	21	7	22	23	6	31	5	18	27	8	4	2616
39	47	46	49	50	45	24	44	40	48	41	39	29	37	28	17	13	32	3	36	43	34	14	38	42	11	9	10	1	15	16	26	30	2	20	25	33	19	35	12	21	7	22	23	6	31	5	18	27	8	4	2616
39	47	46	49	50	45	24	44	40	48	41	39	29	37	28	17	13	32	3	36	43	34	14	38	42	11	9	10	1	15	16	26	30	2	20	25	33	19	35	12	21	7	22	23	6	31	5	18	27	8	4	2616
39	47	46	49	50	45	24	44	40	48	41	39	29	37	28	17	13	32	3	36	43	34	14	38	42	11	9	10	1	15	16	26	30	2	20	25	33	19	35	12	21	7	22	23	6	31	5	18	27	8	4	2616
39	47	46	49	50	45	24	44	40	48	41	39	29	37	28	17	13	32	3	36	43	34	14	38	42	11	9	10	1	15	16	26	30	2	20	25	33	19	35	12	21	7	22	23	6	31	5	18	27	8	4	2616
39	24	46	49	13	47	45	40	3	36	48	39	44	42	41	29	28	14	38	11	9	10	1	15	16	26	30	2	20	25	33	19	35	12	21	27	34	7	22	23	6	5	18	32	17	8	4	43	50	37	31	2585
39	24	46	44	49	40	50	29	17	13	41	37	3	39	43	36	48	42	14	38	11	9	10	1	15	16	26	30	2	20	25	33	19	35	12	21	27	34	7	22	23	6	5	31	18	32	28	47	45	8	4	2603
39	24	46	44	49	40	50	29	17	13	41	37	3	39	43	36	48	42	14	38	11	9	10	1	15	16	26	30	2	20	25	33	19	35	12	21	27	34	7	22	23	6	5	31	18	32	28	47	45	8	4	2603
39	24	46	44	49	40	50	29	17	13	41	37	3	39	43	36	48	42	14	38	11	9	10	1	15	16	26	30	2	20	25	33	19	35	12	21	27	34	7	22	23	6	5	31	18	32	28	47	45	8	4	2603
39	47	46	49	50	45	24	44	40	48	41	39	29	37	28	17	13	32	3	36	43	34	14	38	42	11	9	10	1	15	16	26	30	2	20	25	33	19	35	12	21	7	22	23	6	31	5	18	27	8	4	2616
39	24	46	44	49	40	50	29	17	13	41	37	3	39	43	36	48	42	14	38	11	9	10	1	15	16	26	30	2	20	25	33	19	35	12	21	27	34	7	22	23	6	5	31	18	32	28	47	45	8	4	2603
39	24	46	44	49	40	50	29	17	13	41	37	3	39	43	36	48	42	14	38	11	9	10	1	15	16	26	30	2	20	25	33	19	35	12	21	27	34	7	22	23	6	5	31	18	32	28	47	45	8	4	2603
39	24	46	44	49	40	50	29	17	13	41	37	3	39	43	36	48	42	14	38	11	9	10	1	15	16	26	30	2	20	25	33	19	35	12	21	27	34	7	22	23	6	5	31	18	32	28	47	45	8	4	2603
39	47	46	49	50	45	24	44	40	48	41	39	29	37	28	17	13	32	3	36	43	34	14	38	42	11	9	10	1	15	16	26	30	2	20	25	33	19	35	12	21	7	22	23	6	31	5	18	27	8	4	2616
39	24	46	44	49	40	50	29	17	13	41	37	3	39	43	36	48	42	14	38	11	9	10	1	15	16	26	30	2	20	25	33	19	35	12	21	27	34	7	22	23	6	5	31	18	32	28	47	45	8	4	2603
39	24	46	44	49	40	50	29	17	13	41	37	3	39	43	36	48	42	14	38	11	9	10	1	15	16	26	30	2	20	25	33	19	35	12	21	27	34	7	22	23	6	5	31	18	32	28	47	45	8	4	2603
39	24	46	44	49	40	50	29	17	13	41	37	3	39	43	36	48	42	14	38	11	9	10	1	15	16	26	30	2	20	25	33	19	35	12	21	27	34	7	22	23	6	5	31	18	32	28	47	45	8	4	2603
39	47	46	49	50	45	24	44	40	48	41	39	29	37	28	17	13	32	3	36	43	34	14	38	42	11	9	10	1	15	16	26	30	2	20	25	33	19	35	12	21	7	22	23	6	31	5	18	27	8	4	2616
39	47	46	49	50	45	24	44	40	48	41	39	29	37	28	17	13	32	3	36	43	34	14	38	42	11	9	10	1	15	16	26	30	2	20	25	33	19	35	12	21	7	22	23	6	31	5	18	27	8	4	2616
39	24	46	44	49	40	50	29	17	13	41	37	3	39	43	36	48	42	14	38	11	9	10	1	15	16	26	30	2	20	25	33	19	35	12	21	27	34	7	22	23	6	5	31	18	32	28	47	45	8	4	2603
39	47	46	49	50	45	24	44	40	48	41	39	29	37	28	17	13	32	3	36	43	34	14	38	42	11	9	10	1	15	16	26	30	2	20	25	33	19	35	12	21	7	22	23	6	31	5	18	27	8	4	2616
39	47	46	49	50	45	24	44	40	48	41	39	29	37	28	17	13	32	3	36	43	34	14	38	42	11	9	10	1	15	16	26	30	2	20	25	33	19	35	12	21	7	22	23	6	31	5	18	27	8	4	2616
39	47	46	49	50	45	24	44	40	48	41	39	29	37	28	17	13	32	3	36	43	34	14	38	42	11	9	10	1	15	16	26	30	2	20	25	33	19	35	12	21	7	22	23	6	31	5	18	27	8	4	2616
39	24	46	49	13	47	45	40	3	36	48	39	44	42	41	29	28	14	38	11	9	10	1	15	16	26	30	2	20	25	33	19	35	12	21	27	34	7	22	23	6	5	18	32	17	8	4	43	50	37	31	2585
39	24	46	44	49	40	50	29	17	13	41	37	3	39	43	36	48	42	14	38	11	9	10	1	15	16	26	30	2	20	25	33	19	35	12	21	27	34	7	22	23	6	5	31	18	32	28	47	45	8	4	2603
39	24	46	44	49	40	50	29	17	13	41	37	3	39	43	36	48	42	14	38	11	9	10	1	15	16	26	30	2	20	25	33	19	35	12	21	27	34	7	22	23	6	5	31	18	32	28	47	45	8	4	2603
39	24	46	44	49	40	50	29	17	13	41	37	3	39	43	36	48	42	14	38	11	9	10	1	15	16	26	30	2	20	25	33	19	35	12	21	27	34	7	22	23	6	5	31	18	32	28	47	45	8	4	2603
39	24	46	44	49	40	50	29	17	13	41	37	3	39	43	36	48	42	14	38	11	9	10	1	15	16	26	30	2	20	25	33	19	35	12	21	27	34	7	22	23	6	5	31	18	32	28	47	45	8	4	2603
39	24	46	44	49	40	50	29	17	13	41	37	3	39	43	36	48	42	14	38	11	9	10	1	15	16	26	30	2	20	25	33	19	35	12	21	27	34	7	22	23	6	5	31	18	32	28	47	45	8	4	2603
39	24	46	44	49	40	50	29	17	13	41	37	3	39	43	36	48	42	14	38	11	9	10	1	15	16	26	30	2	20	25	33	19	35	12	21	27	34	7	22	23	6	5	31	18	32	28	47	45	8	4	2603
39	47	46	49	50	45	24	44	40	48	41	39	29	37	28	17	13	32	3	36	43	34	14	38	42	11	9	10	1	15	16	26	30	2	20	25	33	19	35	12	21	7	22	23	6	31	5	18	27	8	4	2616
39	47	46	49	50	45	24	44	40	48	41	39	29	37	28	17	13	32	3	36	43	34	14	38	42	11	9	10	1	15	16	26	30	2	20	25	33	19	35	12	21	7	22	23	6	31	5	18	27	8	4	2616
39	24	46	44	49	40	50	29	17	13	41	37	3	39	43	36	48	42	14	38	11	9	10	1	15	16	26	30	2	20	25	33	19	35	12	21	27	34	7	22	23	6	5	31	18	32	28	47	45	8	4	2603
39	24	46	44	49	40	50	29	17	13	41	37	3	39	43	36	48	42	14	38	11	9	10	1	15	16	26	30	2	20	25	33	19	35	12	21	27	34	7	22	23	6	5	31	18	32	28	47	45	8	4	2603
39	24	46	44	49	40	50	29	17	13	41	37	3	39	43	36	48	42	14	38	11	9	10	1	15	16	26	30	2	20	25	33	19	35	12	21	27	34	7	22	23	6	5	31	18	32	28	47	45	8	4	2603
39	47	46	49	50	45	24	44	40	48	41	39	29	37	28	17	13	32	3	36	43	34	14	38	42	11	9	10	1	15	16	26	30	2	20	25	33	19	35	12	21	7	22	23	6	31	5	18	27	8	4	2616
39	47	46	49	50	45	24	44	40	48	41	39	29	37	28	17	13	32	3	36	43	34	14	38	42	11	9	10	1	15	16	26	30	2	20	25	33	19	35	12	21	7	22	23	6	31	5	18	27	8	4	2616
39	24	46	44	49	40	50	29	17	13	41	37	3	39	43	36	48	42	14	38	11	9	10	1	15	16	26	30	2	20	25	33	19	35	12	21	27	34	7	22	23	6	5	31	18	32	28	47	45	8	4	2603
39	47	46	49	50	45	24	44	40	48	41	39	29	37	28	17	13	32	3	36	43	34	14	38	42	11	9	10	1	15	16	26	30	2	20	25	33	19	35	12	21	7	22	23	6	31	5	18	27	8	4	2616
39	47	46	49	50	45	24	44	40	48	41	39	29	37	28	17	13	32	3	36	43	34	14	38	42	11	9	10	1	15	16	26	30	2	20	25	33	19	35	12	21	7	22	23	6	31	5	18	27	8	4	2616
39	47	46	49	50	45	24	44	40	48	41	39	29	37	28	17	13	32	3	36	43	34	14	38	42	11	9	10	1	15	16	26	30	2	20	25	33	19	35	12	21	7	22	23	6	31	5	18	27	8	4	2616
39	24	46	49	13	47	45	40	3	36	48	39	44	42	41	29	28	14	38	11	9	10	1	15	16	26	30	2	20	25	33	19	35	12	21	27	34	7	22	23	6	5	18	32	17	8	4	43	50	37	31	2585
39	24	46	44	49	40	50	29	17	13	41	37	3	39	43	36	48	42	14	38	11	9	10	1	15	16	26	30	2	20	25	33	19	35	12	21	27	34	7	22	23	6	5	31	18	32	28	47	45	8	4	2603
39	24	46	44	49	40	50	29	17	13	41	37	3	39	43	36	48	42	14	38	11	9	10	1	15	16	26	30	2	20	25	33	19	35	12	21	27	34	7	22	23	6	5	31	18	32	28	47	45	8	4	2603
39	24	46	44	49	40	50	29	17	13	41	37	3	39	43	36	48	42	14	38	11	9	10	1	15	16	26	30	2	20	25	33	19	35	12	21	27	34	7	22	23	6	5	31	18	32	28	47	45	8	4	2603
39	24	46	44	49	40	50	29	17	13	41	37	3	39	43	36	48	42	14	38	11	9	10	1	15	16	26	30	2	20	25	33	19	35	12	21	27	34	7	22	23	6	5	31	18	32	28	47	45	8	4	2603
39	24	46	44	49	40	50	29	17	13	41	37	3	39	43	36	48	42	14	38	11	9	10	1	15	16	26	30	2	20	25	33	19	35	12	21	27	34	7	22	23	6	5	31	18	32	28	47	45	8	4	2603
39	24	46	44	49	40	50	29	17	13	41	37	3	39	43	36	48	42	14	38	11	9	10	1	15	16	26	30	2	20	25	33	19	35	12	21	27	34	7	22	23	6	5	31	18	32	28	47	45	8	4	2603
39	24	46	44	49	40	50	29	17	13	41	37	3	39	43	36	48	42	14	38	11	9	10	1	15	16	26	30	2	20	25	33	19	35	12	21	27	34	7	22	23	6	5	31	18	32	28	47	45	8	4	2603
39	47	46	49	50	45	24	44	40	48	41	39	29	37	28	17	13	32	3	36	43	34	14	38	42	11	9	10	1	15	16	26	30	2	20	25	33	19	35	12	21	7	22	23	6	31	5	18	27	8	4	2616
39	24	46	44	49	40	50	29	17	13	41	37	3	39	43	36	48	42	14	38	11	9	10	1	15	16	26	30	2	20	25	33	19	35	12	21	27	34	7	22	23	6	5	31	18	32	28	47	45	8	4	2603
39	24	46	44	49	40	50	29	17	13	41	37	3	39	43	36	48	42	14	38	11	9	10	1	15	16	26	30	2	20	25	33	19	35	12	21	27	34	7	22	23	6	5	31	18	32	28	47	45	8	4	2603
39	24	46	44	49	40	50	29	17	13	41	37	3	39	43	36	48	42	14	38	11	9	10	1	15	16	26	30	2	20	25	33	19	35	12	21	27	34	7	22	23	6	5	31	18	32	28	47	45	8	4	2603
39	47	46	49	50	45	24	44	40	48	41	39	29	37	28	17	13	32	3	36	43	34	14	38	42	11	9	10	1	15	16	26	30	2	20	25	33	19	35	12	21	7	22	23	6	31	5	18	27	8	4	2616
39	47	46	49	50	45	24	44	40	48	41	39	29	37	28	17	13	32	3	36	43	34	14	38	42	11	9	10	1	15	16	26	30	2	20	25	33	19	35	12	21	7	22	23	6	31	5	18	27	8	4	2616
39	24	46	44	49	40	50	29	17	13	41	37	3	39	43	36	48	42	14	38	11	9	10	1	15	16	26	30	2	20	25	33	19	35	12	21	27	34	7	22	23	6	5	31	18	32	28	47	45	8	4	2603
39	24	46	44	49	40	50	29	17	13	41	37	3	39	43	36	48	42	14	38	11	9	10	1	15	16	26	30	2	20	25	33	19	35	12	21	27	34	7	22	23	6	5	31	18	32	28	47	45	8	4	2603
39	47	46	49	50	45	24	44	40	48	41	39	29	37	28	17	13	32	3	36	43	34	14	38	42	11	9	10	1	15	16	26	30	2	20	25	33	19	35	12	21	7	22	23	6	31	5	18	27	8	4	2616
39	47	46	49	50	45	24	44	40	48	41	39	29	37	28	17	13	32	3	36	43	34	14	38	42	11	9	10	1	15	16	26	30	2	20	25	33	19	35	12	21	7	22	23	6	31	5	18	27	8	4	2616
39	24	17	13	41	40	48	39	44	42	46	3	36	29	34	14	38	11	9	10	1	15	16	26	30	2	20	25	33	49	28	19	35	12	21	32	7	22	23	37	6	47	43	5	18	27	8	4	45	50	31	2596
39	24	46	44	49	40	50	29	17	13	41	37	3	39	43	36	48	42	14	38	11	9	10	1	15	16	26	30	2	20	25	33	19	35	12	21	27	34	7	22	23	6	5	31	18	32	28	47	45	8	4	2603
39	24	46	44	49	40	50	29	17	13	41	37	3	39	43	36	48	42	14	38	11	9	10	1	15	16	26	30	2	20	25	33	19	35	12	21	27	34	7	22	23	6	5	31	18	32	28	47	45	8	4	2603
39	24	46	44	49	40	50	29	17	13	41	37	3	39	43	36	48	42	14	38	11	9	10	1	15	16	26	30	2	20	25	33	19	35	12	21	27	34	7	22	23	6	5	31	18	32	28	47	45	8	4	2603
39	24	46	44	49	40	50	29	17	13	41	37	3	39	43	36	48	42	14	38	11	9	10	1	15	16	26	30	2	20	25	33	19	35	12	21	27	34	7	22	23	6	5	31	18	32	28	47	45	8	4	2603
39	24	46	44	49	40	50	29	17	13	41	37	3	39	43	36	48	42	14	38	11	9	10	1	15	16	26	30	2	20	25	33	19	35	12	21	27	34	7	22	23	6	5	31	18	32	28	47	45	8	4	2603
39	24	46	44	49	40	50	29	17	13	41	37	3	39	43	36	48	42	14	38	11	9	10	1	15	16	26	30	2	20	25	33	19	35	12	21	27	34	7	22	23	6	5	31	18	32	28	47	45	8	4	2603
39	24	46	44	49	40	50	29	17	13	41	37	3	39	43	36	48	42	14	38	11	9	10	1	15	16	26	30	2	20	25	33	19	35	12	21	27	34	7	22	23	6	5	31	18	32	28	47	45	8	4	2603
39	47	46	49	50	45	24	44	40	48	41	39	29	37	28	17	13	32	3	36	43	34	14	38	42	11	9	10	1	15	16	26	30	2	20	25	33	19	35	12	21	7	22	23	6	31	5	18	27	8	4	2616
39	24	46	44	49	40	50	29	17	13	41	37	3	39	43	36	48	42	14	38	11	9	10	1	15	16	26	30	2	20	25	33	19	35	12	21	27	34	7	22	23	6	5	31	18	32	28	47	45	8	4	2603
39	24	46	44	49	40	50	29	17	13	41	37	3	39	43	36	48	42	14	38	11	9	10	1	15	16	26	30	2	20	25	33	19	35	12	21	27	34	7	22	23	6	5	31	18	32	28	47	45	8	4	2603
39	24	46	44	49	40	50	29	17	13	41	37	3	39	43	36	48	42	14	38	11	9	10	1	15	16	26	30	2	20	25	33	19	35	12	21	27	34	7	22	23	6	5	31	18	32	28	47	45	8	4	2603
39	47	46	49	50	45	24	44	40	48	41	39	29	37	28	17	13	32	3	36	43	34	14	38	42	11	9	10	1	15	16	26	30	2	20	25	33	19	35	12	21	7	22	23	6	31	5	18	27	8	4	2616
39	47	46	49	50	45	24	44	40	48	41	39	29	37	28	17	13	32	3	36	43	34	14	38	42	11	9	10	1	15	16	26	30	2	20	25	33	19	35	12	21	7	22	23	6	31	5	18	27	8	4	2616
39	24	46	44	49	40	50	29	17	13	41	37	3	39	43	36	48	42	14	38	11	9	10	1	15	16	26	30	2	20	25	33	19	35	12	21	27	34	7	22	23	6	5	31	18	32	28	47	45	8	4	2603
39	24	46	44	49	40	50	29	17	13	41	37	3	39	43	36	48	42	14	38	11	9	10	1	15	16	26	30	2	20	25	33	19	35	12	21	27	34	7	22	23	6	5	31	18	32	28	47	45	8	4	2603
39	47	46	49	50	45	24	44	40	48	41	39	29	37	28	17	13	32	3	36	43	34	14	38	42	11	9	10	1	15	16	26	30	2	20	25	33	19	35	12	21	7	22	23	6	31	5	18	27	8	4	2616
39	46	49	40	48	47	45	41	44	42	33	38	37	34	24	12	30	17	35	1	36	3	2	20	18	14	13	10	7	15	28	26	23	19	6	25	5	11	8	9	16	21	27	22	29	4	43	32	39	50	31	2599
39	24	40	44	12	41	48	38	42	34	35	1	3	33	23	28	30	2	20	47	18	17	14	13	10	7	15	29	19	6	27	21	25	36	5	11	8	9	16	37	26	22	39	43	46	32	4	45	49	50	31	2606
39	24	46	44	40	45	13	47	17	41	48	39	15	34	38	33	35	12	10	19	30	29	20	11	22	23	28	21	1	3	2	7	6	9	5	37	25	36	16	26	27	32	42	43	4	31	18	49	50	14	8	2576
39	46	49	40	12	44	47	48	41	42	37	34	1	24	35	43	3	33	2	28	30	20	38	18	14	13	10	7	15	6	5	19	21	23	25	36	22	29	16	11	27	8	17	26	9	4	45	32	50	39	31	2596
39	46	49	40	45	44	41	42	36	43	39	34	47	24	13	17	15	35	23	12	21	20	10	30	11	1	3	19	22	2	38	48	7	6	9	33	31	28	29	5	25	16	26	27	32	4	18	37	50	14	8	2595
39	46	24	44	47	48	40	13	17	41	15	34	38	33	35	12	10	19	30	29	20	42	43	11	22	23	28	21	1	3	2	7	6	9	5	39	37	25	36	45	16	26	27	32	4	31	18	49	50	14	8	2593
39	40	44	47	41	48	42	39	43	36	24	13	38	17	15	23	12	21	20	29	10	11	1	3	19	30	22	2	7	6	9	33	35	28	5	34	25	16	31	46	26	27	32	4	18	45	49	37	50	14	8	2609
39	40	46	44	41	48	42	39	43	36	24	13	38	17	15	23	12	21	20	29	10	11	1	3	19	30	22	2	7	6	9	33	35	28	5	34	25	16	31	26	27	32	4	18	49	45	37	14	47	50	8	2621
39	46	24	41	48	42	44	43	36	13	15	37	35	33	26	23	29	12	10	19	38	21	20	40	11	22	1	3	2	7	6	9	5	28	25	16	34	31	30	27	32	4	8	18	49	45	47	50	39	17	14	2615
39	24	13	49	15	47	46	48	41	38	45	33	44	37	35	28	26	23	42	12	21	20	10	40	11	1	3	19	39	29	22	2	7	6	9	5	34	25	16	30	27	43	36	32	4	31	8	18	50	17	14	2600
39	40	46	44	41	48	42	39	43	36	24	13	38	17	15	23	12	21	20	29	10	11	1	3	19	30	22	2	7	6	9	33	35	28	5	34	25	16	31	26	27	32	4	18	49	45	37	14	47	50	8	2621
39	24	41	49	42	46	44	43	36	48	37	13	15	35	33	26	23	40	29	12	21	20	38	10	11	1	3	19	22	2	7	6	9	5	28	25	16	31	34	30	27	32	4	8	18	45	47	39	17	50	14	2612
39	24	44	49	40	48	41	36	43	37	34	35	13	15	23	30	17	12	21	20	38	29	10	11	1	3	19	42	22	2	7	6	9	33	46	32	28	5	25	39	16	26	27	31	45	47	4	8	18	50	14	2595
39	24	40	46	44	47	48	45	41	33	34	29	30	13	35	15	23	39	26	18	21	14	12	20	22	36	37	10	11	1	3	19	38	32	2	7	6	9	5	28	25	16	31	27	42	50	43	49	4	17	8	2614
39	40	46	44	47	41	48	45	42	39	43	36	24	13	15	38	17	23	12	21	20	29	10	11	1	3	19	30	22	2	7	6	9	33	35	28	5	34	25	16	31	26	27	32	4	18	49	50	37	14	8	2606
39	47	50	49	40	46	45	44	41	42	36	37	35	34	32	39	43	24	13	33	28	15	23	30	29	14	12	20	10	11	21	1	3	19	26	2	7	6	9	5	22	16	25	48	38	4	8	18	27	17	31	2621
39	24	46	44	40	13	48	45	41	33	37	36	34	29	38	17	15	32	23	35	12	21	20	10	11	1	3	28	25	19	2	7	6	9	5	39	30	22	16	26	27	42	43	4	47	31	18	49	50	14	8	2582
39	46	49	40	45	44	24	36	48	47	50	41	37	38	34	35	13	15	28	30	17	23	20	29	12	21	14	10	11	1	3	19	26	32	33	43	39	2	7	6	9	42	5	22	16	25	4	8	18	27	31	2596
39	50	24	49	40	46	45	44	47	16	48	41	38	42	34	13	15	28	30	20	25	12	21	10	11	1	3	19	17	2	22	7	6	9	5	26	33	43	36	29	23	39	37	35	31	18	27	14	32	4	8	2605
39	40	44	47	36	45	48	37	41	38	34	24	33	32	29	16	13	22	23	30	14	15	18	20	12	21	28	25	26	10	11	1	3	39	19	42	46	31	27	17	2	7	6	9	5	35	50	43	49	4	8	2606
39	40	44	47	36	45	48	37	41	38	34	24	33	32	29	16	13	22	23	30	14	15	18	20	12	21	28	25	26	10	11	1	3	39	19	42	46	31	27	17	2	7	6	9	5	35	50	43	49	4	8	2606
39	40	46	44	47	24	16	45	48	41	38	34	26	30	28	13	22	23	29	15	18	20	12	25	33	37	36	32	21	14	10	11	1	3	39	19	35	27	42	17	2	7	6	9	5	50	31	43	49	4	8	2606
39	10	13	24	41	42	44	33	48	47	37	38	34	35	29	28	15	30	12	20	43	40	36	23	25	11	1	3	21	19	2	7	6	9	5	39	22	16	31	26	46	32	4	8	18	45	27	49	17	50	14	2584
39	24	46	44	49	41	45	40	48	47	36	43	37	34	35	13	10	17	15	33	29	23	25	39	12	20	38	11	1	3	21	19	2	30	7	6	9	5	42	32	28	22	16	26	27	4	31	8	18	50	14	2592
39	24	46	44	40	13	48	10	15	12	41	28	26	23	30	20	11	1	3	21	19	37	29	33	36	34	32	38	17	25	16	22	2	7	35	6	9	39	43	5	42	27	47	45	4	31	18	49	50	14	8	2576
39	24	13	10	46	15	41	48	44	33	37	35	29	12	23	30	20	42	38	11	1	3	21	19	40	28	17	22	2	7	6	9	5	39	34	25	43	47	36	45	16	26	27	32	4	31	18	49	50	14	8	2578
39	46	24	49	50	45	13	10	15	47	36	48	44	42	41	37	38	34	35	43	33	29	12	30	18	22	23	40	20	11	1	3	21	19	31	17	2	7	6	9	5	28	25	16	27	26	39	14	32	4	8	2593
39	46	24	49	45	10	36	48	47	44	42	41	37	38	34	13	15	35	43	33	29	12	30	18	22	23	40	20	11	1	3	21	19	31	17	2	7	6	9	5	28	25	16	27	26	39	50	14	32	4	8	2594
39	10	40	44	47	36	48	46	41	32	15	34	37	43	33	35	29	24	12	23	30	20	39	38	11	1	3	21	19	42	28	17	22	2	7	6	9	5	26	16	27	25	4	31	8	18	45	49	50	13	14	2614
39	46	24	49	50	45	13	10	15	47	36	48	44	42	41	37	38	34	35	43	33	29	12	30	18	22	23	40	20	11	1	3	21	19	31	17	2	7	6	9	5	28	25	16	27	26	39	14	32	4	8	2593
