6
40

81 75 83 63 91 64 
51 62 64 65 81 52 
56 60 75 81 66 68 
94 66 75 86 74 85 
53 96 95 90 94 55 
86 87 90 99 89 85 
56 93 68 92 74 82 
54 53 88 54 69 71 
59 96 96 95 74 86 
66 85 54 91 75 86 
88 90 86 90 70 64 
59 85 58 69 66 63 
65 97 81 69 55 80 
85 64 68 64 86 86 
79 73 60 93 93 82 
62 97 84 89 76 70 
77 77 50 87 51 55 
55 75 86 96 99 99 
86 56 62 93 84 52 
93 64 76 75 87 88 
72 52 92 85 54 57 
99 81 78 95 55 56 
80 52 63 91 73 60 
63 92 97 52 64 95 
82 70 96 79 74 96 
62 96 97 88 74 63 
82 66 92 80 93 73 
67 60 83 91 89 66 
99 86 89 65 52 96 
73 80 94 72 54 56 
83 78 63 89 77 73 
64 95 54 72 78 50 
58 54 77 57 90 73 
99 76 56 92 71 61 
82 91 95 51 72 91 
67 83 56 57 64 73 
76 62 60 58 94 96 
85 57 96 95 91 64 
65 73 94 69 97 99 
63 97 57 81 70 58 

171 163 164 134 140 132 167 130 166 162 140 125 145 172 127 150 159 135 160 143 132 164 144 166 135 161 127 167 147 153 172 134 151 163 138 139 163 170 155 153 
146 153 155 166 147 165 163 147 158 158 162 156 165 147 145 157 141 154 129 174 130 146 138 139 126 156 137 133 127 158 155 166 162 132 160 136 146 170 126 163 
143 138 130 150 172 173 164 142 145 135 171 150 169 152 131 165 157 158 149 131 167 152 165 151 127 158 168 133 170 129 171 165 171 152 139 126 161 133 165 154 
125 140 152 148 168 166 161 126 145 134 125 170 161 154 137 169 126 148 142 153 136 126 151 127 135 155 153 174 157 168 167 139 125 132 133 134 137 132 133 154 
154 137 155 164 148 173 160 159 150 130 170 170 170 133 146 126 155 144 168 126 156 151 156 147 170 137 129 159 159 169 165 143 136 169 137 159 146 170 159 169 
159 161 156 132 163 169 160 135 131 131 145 156 140 161 170 152 148 141 141 153 172 163 140 144 127 142 144 153 165 141 159 158 173 138 141 132 145 157 156 134 
150 140 159 174 157 157 148 170 134 166 133 131 127 158 132 158 146 168 132 131 134 145 160 170 125 150 153 138 132 144 166 137 152 172 160 165 126 163 145 152 
170 172 140 138 173 156 174 129 162 137 126 165 168 158 127 155 150 153 135 139 162 154 157 132 148 137 164 152 168 142 154 149 126 148 128 160 142 160 145 165 
168 126 133 157 140 138 171 154 135 138 162 162 134 130 171 137 125 141 138 149 135 150 139 140 174 169 130 169 147 168 150 169 151 141 147 156 133 134 165 141 
170 151 170 163 141 141 153 134 174 127 136 174 136 126 160 170 169 165 128 144 153 161 136 152 135 140 148 140 141 167 161 139 125 161 144 125 173 125 134 148 
162 148 160 146 170 138 137 142 161 159 150 162 159 165 130 125 130 137 169 146 158 140 166 144 161 169 135 163 156 129 161 146 135 160 160 134 144 152 131 174 
160 144 146 171 150 158 157 133 172 151 139 173 147 128 144 168 163 170 138 144 126 164 131 166 153 125 135 143 150 134 145 156 173 159 158 156 170 168 148 153 
127 143 136 135 145 162 132 162 155 168 140 165 170 173 167 140 141 145 137 146 132 170 162 167 151 174 147 165 158 156 145 125 134 137 129 137 151 130 144 134 
161 141 145 158 142 171 134 156 137 146 173 140 170 153 159 151 163 163 155 132 128 134 129 161 135 152 168 172 136 147 168 162 157 126 126 126 155 150 169 162 
157 143 165 171 174 145 138 170 146 160 164 148 146 139 129 157 174 128 128 125 142 144 168 160 150 134 174 149 156 153 167 153 128 126 163 170 126 135 147 170 
164 142 128 157 154 157 152 136 131 142 157 126 134 167 149 150 131 155 161 140 174 170 151 170 149 153 140 144 139 174 139 157 128 131 161 143 162 151 126 159 
146 143 141 159 170 172 127 128 162 130 136 162 162 170 170 131 143 131 162 171 127 125 172 152 129 133 174 142 144 157 168 125 140 147 132 144 166 133 131 133 
140 144 139 172 158 133 129 141 174 157 130 147 129 158 151 159 170 128 165 164 162 149 159 131 148 159 146 153 133 134 142 134 171 149 172 131 141 135 169 145 
140 128 133 159 127 125 128 162 153 174 167 160 145 160 157 149 153 156 131 131 163 146 150 173 157 157 145 169 144 169 125 134 131 159 169 169 170 161 141 172 
143 135 153 155 142 146 160 152 162 165 134 133 165 154 132 136 139 135 140 160 162 173 168 167 167 129 174 151 172 162 173 156 142 133 133 165 134 172 135 166 
162 135 169 154 126 127 139 145 139 129 155 133 127 143 169 143 167 151 137 172 149 127 158 133 136 129 168 126 132 168 168 141 149 141 157 154 147 152 140 135 
173 136 153 160 138 166 170 136 140 138 132 164 153 145 126 174 164 156 156 161 138 144 152 127 142 156 128 150 172 149 160 168 150 151 153 162 145 139 136 126 
161 131 159 161 128 159 158 136 129 174 162 125 144 153 137 141 164 153 140 126 172 164 129 137 141 162 159 166 165 169 160 168 137 138 168 131 151 127 160 152 
126 149 146 133 147 154 151 134 144 131 154 157 148 168 131 170 151 129 131 172 156 142 138 126 173 167 149 140 134 173 126 169 139 136 149 170 154 172 150 146 
158 171 146 142 149 142 143 170 151 156 172 155 166 137 160 138 150 140 145 172 130 154 143 156 143 135 141 157 137 160 137 127 149 154 139 133 126 132 168 126 
164 170 174 153 135 150 169 149 135 159 170 156 145 146 137 150 159 162 133 142 137 154 125 131 168 161 146 151 140 171 156 134 167 125 126 159 147 143 148 148 
167 163 153 138 150 142 140 170 153 159 136 133 170 168 146 142 159 157 174 167 150 144 148 135 162 167 141 132 156 150 146 144 125 152 134 171 136 167 157 140 
170 131 166 129 168 168 133 126 153 126 159 168 172 133 164 169 146 154 127 143 145 144 151 155 140 147 154 165 160 164 147 127 163 150 153 171 128 158 160 164 
165 148 126 139 131 167 149 157 174 141 144 143 125 159 151 131 147 145 169 159 137 170 164 163 142 154 164 141 129 146 142 151 169 129 172 164 131 171 165 133 
164 140 149 156 141 144 137 173 146 144 168 160 167 138 159 128 144 148 142 167 162 152 165 165 156 156 140 139 146 133 126 148 164 127 158 148 134 163 126 138 
135 136 137 171 134 146 144 132 140 168 139 154 135 174 156 135 140 163 138 174 163 158 158 157 131 147 148 169 161 136 132 164 165 139 128 130 168 155 171 168 
158 152 148 147 139 165 149 144 159 157 153 164 147 159 155 170 132 158 168 147 126 172 165 144 163 152 161 156 167 155 161 149 158 174 170 164 161 158 169 174 
137 162 151 144 155 173 162 149 128 162 159 155 143 145 174 147 156 166 132 166 138 160 167 174 167 138 164 163 165 151 174 151 130 143 165 156 174 140 148 168 
164 153 130 145 157 144 133 144 134 134 159 153 153 129 151 157 141 155 173 155 141 144 163 142 135 141 163 142 136 169 164 151 129 138 151 129 139 127 159 164 
172 171 157 130 156 174 153 152 174 128 142 171 130 132 165 148 136 170 156 137 144 167 155 160 143 167 149 132 139 130 151 158 126 163 140 159 134 160 167 174 
134 143 171 165 167 140 137 168 138 166 169 141 168 173 131 142 146 143 149 141 147 125 158 165 143 172 152 136 127 137 160 166 173 150 158 164 172 160 143 146 
144 162 151 168 155 157 167 129 154 151 160 145 154 145 156 126 138 151 135 161 155 126 148 136 135 163 164 147 153 127 167 155 160 135 149 173 174 156 148 147 
133 147 155 149 139 136 152 152 161 153 141 134 133 137 141 152 133 144 132 162 140 137 148 134 161 151 162 173 170 125 157 174 126 161 151 151 168 174 138 141 
153 155 141 158 157 142 135 164 157 148 153 151 171 161 163 172 139 132 126 167 148 146 132 165 125 159 131 162 141 137 135 137 146 135 144 129 132 147 156 142 
154 139 158 156 150 140 157 129 153 144 169 157 163 170 154 157 171 158 168 145 160 141 157 171 139 171 149 130 143 140 126 133 153 152 131 153 150 142 128 157 

170 166 140 148 139 174 146 136 149 154 174 151 168 164 141 142 128 159 161 169 155 133 137 160 157 167 133 167 170 165 150 133 134 132 169 138 152 153 155 157 
160 141 153 163 148 163 145 144 164 162 167 141 125 146 151 173 161 156 125 140 134 160 128 160 135 171 130 161 152 168 165 135 172 136 145 170 129 132 146 131 
129 167 137 146 159 150 167 165 139 151 166 140 142 162 173 144 154 150 147 149 162 140 172 125 156 157 164 153 154 140 131 170 144 146 135 152 166 151 142 127 
172 158 162 130 166 172 134 130 126 159 169 163 157 157 161 147 172 140 167 166 148 144 131 141 172 164 167 153 146 169 144 133 136 131 149 137 138 161 129 158 
173 131 135 154 156 138 160 161 155 155 170 135 132 166 135 142 169 135 162 125 134 155 143 173 170 151 153 128 149 134 154 169 168 134 142 155 158 165 130 154 
150 160 148 137 143 158 132 158 157 173 149 131 143 127 145 149 127 173 162 166 140 169 159 159 126 166 141 171 171 130 164 153 140 164 140 129 159 168 158 156 
156 158 139 132 154 161 170 167 142 133 129 170 157 132 154 166 131 165 169 144 127 171 132 154 125 145 135 138 126 144 157 145 166 157 152 152 154 128 156 163 
164 172 160 173 125 145 158 166 155 131 147 135 151 155 165 165 163 173 140 130 156 138 165 166 155 126 162 158 139 143 165 174 174 128 125 156 167 145 169 125 
162 139 167 131 159 166 171 168 153 132 130 129 140 133 153 151 172 133 143 167 161 146 127 150 152 128 165 139 127 170 134 128 127 137 135 164 136 135 136 165 
166 127 161 148 134 134 135 143 151 139 141 138 166 173 146 157 134 164 166 160 132 171 134 164 159 125 144 161 155 166 127 141 142 162 172 126 160 136 159 169 
164 132 151 128 144 125 169 142 174 144 125 128 157 165 126 150 146 153 130 150 148 171 154 128 149 154 150 174 146 131 139 155 132 137 173 148 128 145 133 174 
174 173 159 172 153 172 163 126 166 169 131 130 152 168 128 139 170 150 137 159 152 150 145 169 125 169 165 137 152 130 149 136 161 155 137 172 145 162 132 168 
141 126 166 126 142 125 139 125 172 163 163 163 144 147 141 155 153 144 125 131 134 152 126 126 147 135 161 161 137 129 145 155 135 148 132 167 145 172 174 156 
172 127 153 144 160 151 147 132 133 147 135 140 159 127 162 142 131 149 128 163 137 142 152 161 163 155 142 133 154 167 133 147 172 163 141 153 137 164 139 132 
139 138 166 161 163 135 163 167 162 141 167 167 168 157 148 149 162 167 128 143 136 156 162 128 153 128 138 135 154 138 149 142 150 126 142 147 147 125 159 160 
128 130 132 132 139 125 154 149 131 145 153 163 169 152 139 127 137 145 172 152 139 157 161 164 126 152 174 150 128 143 138 130 167 134 151 145 141 144 132 154 
174 146 165 134 165 130 145 143 133 136 145 129 139 170 126 161 153 166 135 173 137 157 148 145 165 149 170 125 166 164 151 152 155 170 148 129 140 142 144 148 
145 157 140 174 151 164 132 167 168 153 128 148 157 150 129 170 143 152 132 155 133 165 172 156 131 142 145 170 125 145 167 149 143 144 132 126 131 130 140 153 
171 146 140 161 171 129 143 157 159 142 139 163 141 151 149 137 149 133 158 157 144 143 161 142 162 159 151 125 134 145 162 136 135 156 131 166 126 174 154 125 
166 160 135 126 162 161 147 142 162 135 141 152 145 166 173 152 165 165 137 152 147 144 165 174 136 134 169 165 128 134 152 125 171 161 129 154 132 126 150 168 
129 128 140 171 154 161 128 138 174 168 154 158 131 163 164 153 136 150 170 168 172 174 167 127 146 126 168 163 133 161 167 125 148 148 152 141 156 156 156 173 
126 131 128 165 155 174 146 142 163 152 165 140 161 125 152 153 142 128 171 128 129 157 161 157 164 170 135 146 136 130 150 146 170 161 163 152 169 143 169 164 
149 144 150 156 147 126 151 135 173 130 148 174 160 129 142 157 138 127 151 163 126 148 150 168 165 144 130 125 128 147 156 137 169 128 165 168 151 148 146 164 
128 150 160 150 161 138 166 149 174 127 147 129 169 148 134 156 128 169 143 141 173 157 164 173 172 152 125 129 171 129 130 164 154 138 128 152 166 145 174 155 
156 130 138 137 127 160 146 131 145 142 149 168 137 152 153 139 158 166 153 145 128 134 154 173 174 166 166 149 139 135 137 153 161 163 148 147 141 130 160 126 
171 173 172 166 149 168 130 130 137 127 168 130 136 138 134 171 165 148 130 172 130 128 150 170 173 137 168 164 156 174 128 145 157 138 168 173 171 162 132 140 
154 164 148 163 127 170 163 155 139 136 139 161 148 131 170 167 150 165 144 140 129 147 167 140 169 132 136 148 134 158 143 136 163 130 167 165 166 136 128 159 
145 135 146 129 166 142 168 150 165 167 141 125 169 150 156 150 169 171 151 167 139 131 129 152 160 165 145 138 136 170 137 144 153 170 132 127 128 147 144 163 
155 133 128 126 145 167 134 146 139 141 136 166 170 162 141 156 139 174 126 144 158 166 167 165 151 133 151 156 153 166 154 158 137 130 157 162 146 168 169 162 
130 164 161 139 170 131 137 132 170 128 126 140 133 131 140 150 160 133 127 143 153 158 170 137 167 134 166 125 164 143 132 157 152 138 147 172 146 151 171 174 
157 166 169 135 140 162 129 149 142 153 150 162 153 132 173 142 138 138 171 131 172 150 139 164 173 161 158 173 170 143 168 129 127 130 168 140 174 151 148 149 
162 172 126 154 131 128 132 150 160 143 151 171 172 159 140 127 159 166 161 132 135 130 168 166 161 137 145 147 141 164 149 129 125 130 134 141 140 154 129 140 
138 136 127 130 171 169 165 147 137 134 157 166 160 131 169 126 126 145 168 160 130 154 137 164 172 137 133 135 140 166 159 131 144 142 142 165 126 146 132 132 
157 142 147 138 129 163 154 150 166 125 160 154 167 161 172 156 163 129 144 170 169 127 169 151 128 141 169 145 129 138 134 164 129 145 161 149 128 140 155 155 
158 154 136 163 158 157 172 133 125 138 139 167 171 169 170 147 169 161 172 161 166 160 132 169 172 155 155 138 155 146 126 134 154 128 161 131 129 136 158 126 
168 165 154 143 168 166 139 168 162 162 171 148 139 148 166 128 153 155 150 166 146 162 160 156 148 130 149 161 135 166 166 153 141 134 161 146 136 161 164 127 
128 169 132 149 141 164 127 168 172 127 147 165 167 150 161 157 148 138 161 138 169 155 159 147 173 143 148 149 173 167 150 150 158 136 151 138 143 162 164 169 
152 169 133 169 144 170 143 145 165 164 131 141 170 149 130 174 141 160 146 138 133 162 160 164 169 125 131 158 157 155 153 165 174 146 168 150 145 126 130 132 
170 156 135 142 134 148 133 132 155 138 152 154 171 141 153 164 162 144 151 159 133 140 146 174 174 165 147 148 144 130 153 168 144 139 128 171 144 151 169 171 
130 141 126 143 148 153 125 172 133 133 156 126 169 134 169 169 136 134 144 147 171 165 153 165 157 146 167 145 174 174 147 165 156 164 153 147 165 142 148 150 

149 151 157 141 143 126 150 135 139 156 148 158 135 156 169 134 140 142 170 165 170 157 168 162 158 147 157 173 166 160 128 127 161 153 145 162 157 137 142 154 
145 168 156 154 156 149 153 156 173 172 157 155 144 170 125 174 141 149 149 156 173 151 142 172 131 127 148 148 161 136 174 126 165 150 130 171 166 170 158 166 
167 161 150 147 127 163 142 140 154 152 159 140 132 130 143 167 143 167 140 166 150 167 136 166 141 147 162 157 155 142 149 137 160 158 140 137 164 147 174 134 
151 138 153 172 166 150 135 150 152 173 133 160 165 165 155 129 128 155 156 143 138 162 157 155 162 149 143 170 125 127 170 153 146 163 151 139 149 172 147 154 
146 164 151 166 146 126 149 161 157 129 141 128 127 171 158 125 154 130 147 174 170 161 145 140 155 153 174 168 134 156 131 142 165 157 169 132 133 141 168 131 
148 147 142 147 130 162 157 140 167 133 158 161 170 143 149 135 154 163 168 128 156 152 164 151 128 166 153 142 142 132 163 145 148 143 159 126 157 138 146 167 
151 170 172 129 143 143 169 155 131 162 168 169 164 171 156 170 164 140 126 151 128 149 140 151 162 142 172 155 128 145 170 133 131 143 171 137 146 169 129 135 
140 164 134 160 134 161 138 167 129 127 145 163 140 137 163 157 127 125 162 167 131 130 146 143 171 167 158 136 132 130 155 132 129 165 148 140 151 127 168 173 
162 152 166 163 161 147 140 172 129 154 126 140 130 142 166 172 145 153 151 128 169 138 137 127 154 164 164 139 169 134 157 169 168 163 161 156 138 169 133 133 
140 140 163 130 153 142 152 170 151 129 128 159 137 126 148 168 172 160 153 166 170 148 135 162 129 134 140 150 155 155 159 144 136 160 140 169 166 147 151 125 
127 151 165 136 169 125 156 133 129 172 125 147 145 130 167 141 170 134 147 145 158 138 141 138 130 173 170 141 169 166 166 137 131 141 139 163 126 128 129 145 
149 168 131 159 146 152 169 172 127 161 158 145 151 139 125 155 128 149 130 144 171 152 125 130 156 159 146 157 145 154 134 168 154 153 168 174 167 171 161 151 
151 150 137 151 169 152 157 138 154 130 167 156 145 133 139 134 150 140 174 130 171 154 147 166 172 163 143 166 173 156 174 172 155 126 173 138 172 159 158 167 
140 155 126 151 142 134 160 150 173 151 170 126 128 162 147 159 136 167 140 137 159 130 167 166 142 168 157 141 134 144 155 125 148 133 156 169 168 138 164 174 
146 169 139 160 160 137 133 142 134 151 145 137 174 160 151 142 131 167 158 159 129 135 174 129 151 132 155 165 156 145 156 153 137 150 125 131 165 148 157 133 
171 137 173 171 150 158 141 157 150 136 171 148 132 137 135 133 135 140 125 134 170 159 138 162 146 135 138 174 132 140 139 142 145 166 168 133 129 153 164 162 
165 157 144 150 161 127 142 166 167 152 140 149 133 167 170 157 144 154 166 148 143 161 135 128 142 145 173 158 138 168 170 142 159 145 158 134 167 138 141 166 
143 158 162 155 171 137 173 172 170 171 126 174 141 159 174 146 156 126 173 168 169 142 147 147 139 171 159 125 165 152 165 163 156 151 125 171 133 143 142 152 
172 153 161 156 168 144 167 158 166 147 160 147 146 146 139 154 143 131 149 126 152 149 132 161 168 172 167 154 172 128 147 159 140 128 131 166 171 142 139 149 
165 132 135 138 138 151 150 157 157 126 154 125 165 126 130 168 139 155 137 168 138 159 154 174 148 129 130 156 141 142 141 150 167 145 173 126 134 134 170 127 
159 157 164 167 145 125 159 160 156 130 157 127 137 137 132 131 126 149 138 145 157 170 171 126 145 170 161 150 144 155 129 156 147 151 161 148 166 167 129 167 
133 148 146 164 128 147 170 127 142 128 168 133 127 130 137 159 151 166 139 166 172 164 140 140 138 171 159 133 147 150 147 140 168 164 151 146 142 166 142 162 
143 138 150 132 155 144 171 149 146 153 162 147 137 136 146 143 142 129 160 173 139 137 171 162 173 128 171 147 173 170 147 174 128 160 168 161 165 140 147 144 
134 167 161 140 136 157 143 147 147 162 161 125 128 136 146 156 143 159 129 165 145 158 140 139 153 167 127 134 159 155 158 144 127 128 158 129 171 168 144 138 
149 154 167 163 141 159 172 144 166 139 151 164 135 167 136 164 167 168 143 164 149 158 169 168 165 152 166 134 130 151 138 155 128 146 170 165 151 126 129 163 
163 127 167 161 138 164 132 154 144 152 148 137 137 138 163 140 174 128 126 132 133 143 166 142 161 130 129 130 138 149 146 130 160 156 157 143 156 146 152 130 
139 129 166 164 139 147 174 149 136 135 162 173 132 163 167 156 157 130 152 154 154 153 174 146 162 174 156 167 135 148 171 132 164 148 129 132 126 161 140 130 
158 163 169 148 147 168 167 132 125 132 150 172 135 139 148 127 134 138 151 150 145 126 126 152 165 129 158 163 130 147 141 169 129 132 149 148 131 162 143 155 
135 128 172 157 143 148 127 157 172 135 131 126 149 146 160 148 135 168 148 153 152 137 154 162 168 144 146 169 168 160 174 150 145 161 137 128 158 162 129 161 
130 148 138 166 153 166 167 135 149 169 136 153 163 137 166 154 171 129 154 166 156 131 172 165 133 166 151 157 135 148 149 158 151 147 169 145 131 154 165 160 
164 166 127 140 148 149 167 166 149 155 129 130 173 131 151 138 144 127 134 164 141 144 174 149 148 161 162 133 129 130 156 155 125 173 125 152 157 129 128 168 
133 150 160 141 172 140 151 163 145 129 159 136 130 156 132 128 142 168 139 147 171 167 150 170 156 166 138 157 169 165 168 150 172 138 169 174 168 135 127 125 
144 139 168 154 173 132 163 139 128 170 154 174 172 167 142 126 146 148 133 172 148 133 166 161 128 150 158 134 172 166 136 147 164 144 140 131 152 157 132 139 
163 160 171 164 161 129 164 162 154 167 125 158 152 130 172 155 153 141 155 138 135 148 153 157 132 148 153 155 135 146 173 168 129 174 158 126 144 162 164 159 
147 137 172 139 165 159 126 147 174 130 146 126 133 145 163 159 143 148 152 159 164 159 138 134 133 158 151 131 161 144 174 129 139 151 141 144 151 163 138 153 
143 127 158 174 158 129 141 155 161 164 169 150 141 150 134 170 165 157 135 151 156 165 163 140 130 149 135 128 169 145 135 165 156 162 144 174 140 151 157 172 
144 174 127 144 142 162 157 136 172 144 174 158 130 147 132 149 167 170 144 144 156 165 171 148 158 168 127 171 141 150 140 144 169 129 153 125 153 130 141 147 
162 173 129 127 171 126 174 135 165 127 147 141 128 171 140 172 127 149 157 148 166 128 161 131 161 144 171 160 157 151 132 147 156 160 146 145 168 155 139 143 
133 159 145 151 132 170 163 142 157 133 162 142 172 160 160 143 159 163 143 139 172 130 146 143 130 125 133 126 132 135 142 171 148 159 131 168 129 158 143 126 
131 137 169 128 132 135 143 169 147 142 125 172 144 146 143 172 133 171 174 138 142 146 157 130 136 129 129 162 159 150 153 164 154 138 142 159 170 157 147 167 

165 137 140 165 172 170 125 139 154 154 126 174 152 168 166 145 161 145 153 129 147 143 139 162 174 156 140 159 170 126 165 128 160 139 125 135 170 141 173 157 
160 144 140 146 171 154 171 125 142 134 168 147 142 133 133 148 135 127 131 154 157 134 145 154 171 126 153 142 150 134 138 169 161 152 135 138 171 157 146 147 
165 130 145 149 171 142 140 149 128 131 132 127 141 162 136 166 155 168 151 165 148 155 141 136 137 161 157 125 139 153 163 143 173 158 130 165 143 148 161 134 
147 130 128 167 157 162 150 127 155 157 169 126 161 149 166 157 156 138 173 172 159 142 163 157 149 127 126 154 125 170 132 129 138 173 159 133 156 170 139 138 
135 135 128 125 173 173 158 170 142 126 143 144 172 155 132 156 137 166 164 167 167 136 148 154 143 150 137 142 172 153 134 154 168 150 171 148 162 154 157 127 
137 168 137 173 151 144 134 133 161 127 136 141 167 158 157 135 164 149 174 172 132 140 127 145 135 149 168 160 157 132 156 173 166 153 153 157 156 126 143 143 
165 144 172 151 136 147 132 146 158 155 166 150 154 171 143 151 172 141 127 131 133 174 143 126 126 138 167 147 142 139 161 169 160 165 147 164 153 128 136 138 
171 140 142 169 172 129 149 151 151 162 160 168 159 137 161 151 174 165 144 156 158 139 171 125 139 155 167 154 125 169 158 172 136 150 162 129 163 166 174 151 
132 143 165 161 129 168 131 163 162 167 135 138 150 168 150 173 133 154 160 174 143 163 140 167 144 156 134 131 164 163 139 162 125 153 173 130 167 128 135 140 
138 128 147 146 137 168 169 154 156 131 158 139 171 149 168 134 141 137 155 139 150 140 143 136 130 167 144 135 142 125 146 146 128 165 138 148 173 139 156 130 
162 135 164 125 155 145 153 153 160 130 134 151 170 171 126 166 157 139 128 152 164 128 169 134 151 173 139 133 143 139 161 125 154 167 165 137 174 174 158 144 
157 157 129 135 147 170 140 160 160 125 166 138 145 161 168 163 126 145 146 145 141 174 146 132 128 170 170 146 127 164 126 155 139 131 153 142 148 155 142 126 
139 126 150 125 157 161 159 163 171 146 173 138 133 125 166 128 139 137 129 156 137 126 144 166 174 135 142 133 145 167 160 142 127 156 155 170 138 134 131 133 
134 134 161 173 150 155 151 134 149 158 129 141 164 140 137 142 129 136 132 133 138 135 165 172 125 162 164 131 150 140 152 138 166 146 150 143 137 141 126 139 
151 131 158 172 154 174 157 168 127 138 163 138 169 166 166 134 142 155 128 166 174 141 151 152 151 151 147 150 144 140 142 137 169 158 163 153 139 174 137 172 
173 134 162 158 126 156 159 173 153 171 155 158 144 160 167 133 126 164 160 169 161 151 135 172 145 152 167 153 151 151 152 127 173 165 140 148 163 163 166 158 
155 137 169 138 143 138 161 155 125 161 157 147 163 161 139 153 154 145 125 132 143 152 149 170 146 150 162 168 156 142 152 165 147 160 133 143 169 169 125 126 
147 149 157 146 160 156 139 150 125 152 156 165 137 144 139 140 156 127 170 145 173 155 125 167 165 169 132 135 138 134 132 132 173 171 170 156 161 141 171 133 
128 130 146 128 125 137 154 166 173 130 162 169 149 155 143 162 147 127 134 147 142 152 146 172 157 174 149 170 171 131 149 139 136 162 126 142 141 138 146 147 
143 125 142 166 151 151 150 147 126 134 166 149 133 167 159 155 159 174 147 139 171 132 143 135 132 152 164 172 128 162 165 171 170 173 128 128 125 156 169 159 
168 139 164 159 150 126 164 141 153 129 149 171 168 151 147 144 168 143 152 131 159 174 165 159 159 145 156 149 164 165 147 138 142 164 131 162 134 160 174 133 
172 152 150 137 152 143 129 126 128 154 138 162 157 125 174 140 167 160 145 166 138 163 125 145 144 154 150 134 142 129 159 144 133 163 164 172 127 131 137 160 
150 144 173 164 145 141 146 167 166 136 154 145 146 171 125 160 160 135 135 160 126 146 152 138 137 172 149 147 152 158 156 131 157 151 153 152 149 174 163 170 
139 133 174 136 128 166 143 139 147 168 130 159 130 152 152 142 127 169 172 165 162 162 142 147 130 157 167 125 125 132 150 141 155 165 138 148 136 174 169 154 
147 165 125 125 166 139 133 173 138 173 125 132 152 170 142 146 149 137 129 168 146 162 171 166 133 156 152 132 161 136 142 134 158 138 136 173 174 131 149 135 
157 150 170 134 153 153 174 131 159 144 163 150 166 138 134 127 162 143 157 143 157 143 158 158 156 138 152 168 138 143 139 151 156 144 169 148 173 139 138 165 
168 172 154 128 125 158 158 153 164 135 162 166 154 153 173 151 145 129 137 134 156 171 174 163 161 137 150 135 149 160 135 145 169 152 141 165 136 151 139 143 
148 174 126 164 140 133 142 130 151 153 144 162 161 139 144 173 152 151 131 128 162 151 162 152 169 150 125 146 147 132 134 147 136 170 139 137 137 146 150 159 
141 140 164 154 125 130 174 149 129 153 157 125 154 140 142 169 158 151 139 142 141 140 149 129 136 143 167 146 152 153 155 128 153 171 139 146 126 147 141 154 
129 142 141 158 171 129 163 143 169 140 165 128 164 152 151 163 173 147 133 163 153 125 130 159 133 149 130 151 166 134 132 163 172 139 144 174 160 148 170 173 
172 137 126 163 145 148 161 148 140 129 167 135 139 151 164 164 125 127 151 150 157 137 138 125 159 170 142 145 169 132 152 125 137 158 133 160 167 173 157 163 
152 136 135 156 169 125 128 164 142 166 144 171 138 163 160 127 131 138 154 142 133 149 154 161 156 153 127 125 152 132 159 137 128 163 166 151 162 172 153 144 
154 168 156 134 137 135 129 164 140 154 132 135 140 125 154 172 166 164 141 127 172 174 133 174 141 133 161 135 147 171 131 143 160 161 137 158 171 129 126 155 
163 131 129 166 159 141 127 163 130 126 144 168 135 140 156 136 127 132 161 126 128 164 150 170 149 130 134 156 173 153 156 168 131 156 172 155 174 174 153 149 
155 134 146 148 135 136 126 173 134 139 143 171 163 172 151 129 129 127 138 166 148 132 146 153 162 153 160 156 136 164 134 162 143 140 165 168 140 147 148 146 
134 149 171 157 129 135 174 150 163 147 126 127 159 137 166 137 168 163 171 162 164 133 160 136 140 129 136 167 164 146 165 137 134 153 154 156 165 157 163 136 
147 125 148 164 131 130 147 143 170 163 148 127 132 160 131 134 156 170 143 174 170 133 136 143 170 130 166 160 160 157 143 147 130 130 172 170 156 127 128 157 
169 165 166 137 158 146 128 138 154 141 142 155 161 168 163 150 173 142 174 146 134 146 129 164 149 148 137 142 158 127 164 163 133 133 140 161 129 137 134 164 
140 157 145 140 171 166 150 132 142 157 144 137 134 174 166 145 161 129 155 172 135 141 147 170 156 126 157 159 164 137 148 134 141 173 136 152 164 137 163 147 
159 141 142 139 154 169 168 174 137 149 161 155 135 125 138 152 166 145 164 141 138 152 169 161 166 168 165 160 158 130 129 130 142 136 166 163 154 155 130 157 

174 130 143 172 138 150 148 145 126 142 142 166 127 173 171 165 133 156 152 137 165 164 129 158 153 162 136 129 173 163 148 170 170 135 129 150 158 136 125 171 
144 173 163 151 171 172 165 142 164 130 125 171 156 159 146 160 137 159 147 168 149 162 125 138 142 154 152 143 170 169 139 146 125 134 172 151 152 134 145 136 
165 152 159 125 137 157 165 126 150 153 148 139 172 155 146 172 170 148 146 163 154 169 167 165 146 127 132 147 156 137 173 171 151 135 172 146 147 157 143 174 
170 152 128 129 156 158 164 126 141 130 132 159 152 139 165 155 154 136 165 155 174 166 143 144 127 164 138 128 157 164 125 162 167 173 140 139 125 155 132 165 
158 164 173 158 144 161 165 153 148 150 138 129 173 134 149 139 158 164 133 146 148 155 173 138 134 170 141 146 172 149 159 159 152 164 172 149 149 144 170 129 
141 159 148 142 156 154 134 159 156 152 170 134 135 164 157 162 148 163 166 135 169 149 132 170 126 159 170 161 150 146 165 125 163 128 125 135 125 148 146 148 
126 153 127 125 170 126 171 133 125 128 134 131 153 129 169 145 164 125 154 164 154 163 163 167 136 145 153 150 168 167 144 142 133 130 167 131 164 166 167 152 
132 137 144 134 156 140 147 144 133 150 144 145 138 144 141 167 154 128 131 165 171 158 133 135 168 130 147 167 130 165 172 158 126 128 137 172 147 151 149 135 
136 150 146 154 155 163 152 153 143 136 144 164 132 136 151 164 172 125 135 169 130 156 140 160 139 172 144 138 126 125 129 147 152 157 172 141 161 168 129 161 
139 156 165 142 139 170 151 166 174 162 170 160 128 137 149 134 174 167 159 142 137 152 167 139 173 133 150 129 125 157 151 158 125 167 159 143 151 143 161 173 
131 128 148 155 129 161 165 126 163 132 127 136 127 168 165 156 168 146 137 155 160 149 135 128 125 150 133 155 169 162 146 129 165 144 161 138 139 141 139 151 
125 157 139 173 157 131 168 144 128 151 143 151 153 145 138 128 139 163 134 136 159 135 152 129 159 168 149 150 170 142 160 131 170 141 151 139 164 149 135 163 
151 138 139 173 147 133 162 167 159 132 135 168 174 143 152 169 154 131 148 174 158 165 154 130 149 137 174 138 151 130 169 130 133 140 155 130 163 171 158 132 
171 142 152 162 161 145 169 161 130 167 168 149 148 149 126 154 131 154 151 147 165 166 148 132 133 135 135 133 134 137 154 157 152 148 140 153 158 127 165 139 
169 152 156 143 164 140 153 159 166 160 138 170 137 126 154 144 170 152 164 153 125 131 134 158 135 164 166 162 137 136 146 173 132 148 158 169 167 132 170 174 
140 167 164 160 151 130 172 141 125 153 164 170 128 163 172 160 148 174 157 164 149 131 157 139 140 150 152 141 132 133 138 141 149 161 159 165 151 133 141 131 
140 172 140 166 129 141 145 147 163 127 138 154 149 169 126 146 162 160 154 159 127 148 152 136 162 154 154 163 136 161 143 147 165 164 128 140 162 128 168 146 
153 136 132 170 171 138 149 150 166 167 172 163 142 156 148 128 161 132 164 140 149 147 142 136 150 152 133 168 147 140 151 161 169 159 133 139 173 151 130 141 
131 129 166 143 148 155 126 133 160 147 172 146 142 141 142 127 134 137 138 168 173 163 152 140 137 137 150 160 125 158 136 174 156 172 141 143 167 166 169 132 
158 127 157 160 162 166 167 143 155 173 144 127 128 134 126 164 128 139 148 157 131 148 148 171 165 173 132 160 125 167 151 130 132 135 160 161 134 162 158 151 
137 144 136 171 143 128 139 162 160 129 156 155 161 169 132 157 127 159 131 173 137 140 168 134 130 130 149 127 129 127 165 151 126 141 126 125 174 156 145 167 
136 174 174 139 130 129 154 154 167 149 173 166 158 130 130 170 138 166 167 142 161 157 169 139 158 143 170 154 151 147 172 153 136 170 128 126 143 174 173 167 
151 172 137 172 142 129 133 128 165 126 143 142 151 141 131 135 146 147 166 150 130 127 168 174 125 156 144 136 136 158 140 148 137 131 128 160 160 171 139 128 
140 153 172 132 128 141 159 152 169 139 150 127 166 129 155 166 137 134 172 160 146 126 135 158 129 156 167 154 140 153 162 153 151 148 132 165 126 164 171 143 
174 158 134 163 174 145 149 152 169 147 126 157 169 165 163 171 134 172 165 171 135 145 154 140 166 144 127 138 157 127 152 169 164 166 130 133 145 170 127 172 
164 146 153 131 144 138 156 149 148 141 137 136 151 174 170 169 152 134 133 130 128 165 170 138 170 148 146 142 126 135 163 174 173 143 143 157 148 171 135 161 
134 125 143 160 145 174 131 169 161 153 136 155 164 148 161 158 148 146 145 165 125 162 170 137 141 126 148 155 141 150 143 132 133 167 159 140 162 145 125 133 
130 146 152 144 158 168 165 167 165 151 130 140 146 131 161 143 159 145 132 131 147 154 141 161 173 160 164 142 152 160 131 126 128 125 136 155 136 162 161 140 
126 148 168 149 134 148 172 142 166 133 173 146 140 160 157 153 164 154 127 152 146 143 132 145 149 152 148 161 148 128 174 134 150 136 165 132 169 162 159 172 
159 139 152 153 148 138 174 162 126 170 161 151 135 165 147 132 153 144 162 163 171 146 135 167 161 134 131 138 162 170 160 139 160 137 131 150 165 141 165 130 
163 125 127 148 167 149 151 125 132 139 154 131 132 128 160 136 148 165 129 137 142 140 171 173 153 157 133 170 132 141 163 153 156 163 166 165 160 129 132 127 
126 168 160 130 148 160 125 144 135 135 144 151 142 130 154 136 148 174 139 140 141 147 135 142 138 133 137 148 132 141 165 164 132 169 128 132 140 174 166 169 
146 152 151 154 142 173 172 154 155 147 151 147 149 133 142 173 165 158 145 143 149 145 136 125 167 126 148 158 138 163 150 152 138 151 134 142 125 130 131 145 
160 135 130 169 134 174 148 170 129 174 141 162 127 169 126 155 141 153 141 170 126 138 134 137 133 155 164 126 142 131 166 144 167 173 129 160 168 150 148 132 
137 125 172 125 131 166 125 158 164 128 142 136 133 165 129 160 163 162 141 137 173 135 165 148 137 168 146 152 139 160 167 167 145 145 135 156 152 162 170 168 
157 148 154 125 151 143 164 146 128 163 131 164 137 138 152 171 162 161 144 161 131 162 151 158 141 167 129 159 125 135 135 170 153 131 161 141 171 139 125 130 
145 149 152 160 161 130 131 129 172 137 130 140 162 145 127 164 145 138 129 171 163 137 161 160 161 169 141 132 143 159 140 173 127 128 158 166 125 172 163 166 
138 158 163 150 161 174 166 146 172 154 163 128 157 159 153 145 139 145 155 145 154 163 129 147 153 155 167 163 139 152 128 170 163 137 154 129 152 128 155 127 
154 126 133 138 151 126 135 153 156 133 136 152 173 165 170 140 149 143 133 125 167 165 162 139 165 127 140 147 153 153 160 171 136 170 149 149 173 171 135 139 
167 173 171 161 134 131 141 133 149 153 136 149 170 140 158 153 127 151 154 159 128 159 132 128 135 148 151 142 127 156 139 148 125 154 160 134 145 174 134 133 

133 137 126 136 154 138 130 135 155 127 169 171 152 166 151 126 161 137 173 145 171 171 174 143 164 170 133 140 140 137 172 145 126 140 172 158 137 165 125 129 
159 129 132 148 164 136 141 142 166 154 150 152 141 153 146 173 145 170 163 164 138 138 145 139 129 153 125 162 132 155 158 159 127 155 158 127 149 165 135 133 
157 138 167 164 165 172 125 161 158 138 164 164 157 158 155 128 148 165 131 161 159 139 126 171 160 151 140 145 161 140 171 147 136 162 130 145 169 150 168 170 
163 125 156 173 127 172 149 167 126 165 147 144 144 135 165 148 128 146 144 156 151 171 130 144 133 166 125 129 145 159 155 139 137 163 147 149 152 149 163 171 
142 151 147 151 157 130 142 169 129 146 154 143 161 167 141 128 137 125 171 165 142 156 133 161 136 169 132 168 144 143 135 158 167 170 163 146 131 134 155 166 
171 135 136 161 155 165 138 174 159 131 158 143 132 137 162 168 126 174 164 126 146 170 145 155 145 159 173 146 145 166 168 127 137 136 126 169 134 152 139 138 
150 165 139 146 159 127 133 127 132 140 131 128 172 142 153 144 174 133 171 137 131 163 125 174 163 126 156 126 164 136 158 162 162 150 138 174 164 142 156 152 
132 131 170 143 157 131 141 158 171 163 171 164 165 132 151 139 157 152 142 149 128 125 143 125 126 129 148 134 142 143 130 127 143 146 144 167 149 152 150 164 
130 141 139 161 140 144 163 157 155 156 157 152 140 142 126 150 165 131 157 153 171 130 140 161 131 146 140 150 169 148 138 136 138 173 153 125 157 169 158 173 
174 136 148 158 164 167 172 133 169 151 170 143 163 166 146 138 148 130 135 164 155 165 132 126 158 135 145 140 148 134 133 155 128 134 125 141 151 145 129 171 
137 126 157 130 129 165 149 155 174 141 152 153 125 145 150 125 139 159 170 134 134 137 134 141 127 142 156 140 164 137 172 127 130 167 149 155 131 153 160 158 
126 128 139 158 172 163 141 144 167 160 151 164 134 146 171 129 156 142 157 142 143 158 162 131 149 147 159 127 146 147 167 138 134 165 156 145 171 145 152 140 
129 136 151 147 151 152 134 148 146 170 135 173 163 157 168 151 143 135 149 165 130 171 166 161 158 140 165 157 143 149 140 127 158 126 151 140 171 162 164 139 
143 133 130 160 156 168 145 159 131 173 153 129 137 130 131 145 162 135 156 147 143 129 142 141 138 164 162 152 170 174 145 150 136 137 166 159 164 160 134 127 
128 167 136 158 167 125 147 140 171 139 133 152 155 130 165 128 151 132 168 172 172 143 173 140 164 165 149 141 142 162 139 166 144 174 139 153 169 144 147 132 
166 164 140 168 153 155 151 167 144 156 131 144 163 135 156 145 140 162 156 156 146 132 168 135 140 160 161 140 154 130 144 152 125 144 135 131 171 173 160 172 
169 167 148 173 152 127 142 170 130 168 154 144 139 155 154 128 168 152 129 172 170 146 153 172 128 160 129 129 141 155 155 163 153 141 167 155 128 143 173 171 
157 173 162 144 144 146 134 169 129 139 144 149 164 163 167 148 138 133 147 164 127 174 147 152 156 149 148 167 155 150 135 159 170 132 169 147 143 165 165 137 
136 155 140 136 127 139 139 145 158 164 172 137 138 146 126 162 155 165 144 171 137 160 137 149 138 136 168 138 174 153 150 151 153 169 168 171 156 160 153 149 
133 174 169 139 156 131 133 160 155 157 164 127 168 140 164 125 171 146 131 142 144 138 154 126 163 168 135 169 161 135 163 174 167 168 126 152 128 169 135 130 
174 127 126 169 125 139 167 133 142 138 173 144 174 164 136 126 136 165 161 128 137 171 142 134 165 127 167 144 133 139 162 138 138 158 130 153 135 126 153 141 
174 172 168 173 151 139 125 139 171 166 151 143 126 138 130 155 145 153 157 131 128 144 127 148 126 131 158 153 162 144 128 133 129 159 140 174 138 132 143 137 
140 173 134 150 149 126 146 161 165 144 169 169 141 170 173 150 161 168 142 153 157 131 164 130 128 140 160 133 134 158 158 140 125 168 137 156 154 129 166 165 
167 160 170 131 173 173 163 169 165 130 173 135 157 152 173 169 130 140 140 144 159 154 170 135 167 145 141 130 149 167 155 129 144 166 155 174 144 127 162 141 
159 153 137 131 142 150 140 152 146 166 164 127 133 148 169 137 134 132 142 135 142 173 169 132 145 125 131 129 142 152 128 153 131 162 167 168 130 149 130 137 
174 144 127 126 129 133 132 140 142 132 141 155 173 169 170 145 138 162 165 158 169 148 129 147 160 167 154 153 162 162 143 173 173 155 138 127 127 159 127 135 
168 164 147 126 135 161 143 153 153 171 166 171 135 171 154 144 161 142 153 144 143 147 137 142 160 174 171 162 139 152 153 132 129 160 158 166 165 157 129 166 
126 170 151 164 131 151 157 126 128 148 167 164 149 165 140 139 147 147 146 174 144 136 140 152 164 172 174 170 146 173 159 148 131 171 137 145 132 142 153 144 
172 160 164 137 159 170 160 135 150 171 158 135 154 134 166 128 173 126 157 156 149 151 128 152 171 151 167 133 174 134 143 149 138 167 168 151 174 131 141 138 
144 146 129 142 133 128 170 166 152 164 125 159 173 139 151 140 173 133 160 142 170 174 150 125 134 135 152 160 172 164 166 136 168 157 142 166 161 146 152 162 
150 154 174 128 154 147 127 135 152 155 135 130 144 164 162 152 155 151 165 153 144 137 138 128 167 146 132 166 163 149 170 143 171 128 163 139 133 141 173 151 
162 144 151 147 137 128 134 152 131 125 157 155 149 145 139 144 133 137 143 140 147 159 132 162 169 170 143 148 132 134 147 161 148 147 131 154 151 148 127 128 
138 153 150 160 166 129 133 131 138 168 152 160 150 166 154 125 126 139 145 129 153 171 147 135 146 126 173 173 148 149 161 125 172 163 139 174 157 151 127 158 
154 155 132 128 148 128 142 126 158 127 131 131 135 161 164 142 148 164 158 133 159 169 147 161 132 127 154 154 126 131 162 138 150 171 145 144 172 127 132 172 
147 146 130 164 126 136 128 150 132 136 132 151 163 167 129 159 174 168 137 148 163 128 162 155 137 173 161 156 135 172 133 153 170 142 127 154 165 148 167 137 
153 152 170 127 160 131 151 171 133 125 138 147 130 135 140 149 136 141 141 137 160 142 138 161 141 163 142 150 136 155 154 164 160 153 159 128 158 148 127 167 
150 163 172 153 130 132 126 143 171 136 140 172 166 163 139 160 144 134 170 158 129 142 151 131 164 126 158 174 138 166 169 127 150 128 164 125 126 159 159 170 
150 141 155 162 155 143 126 160 137 137 134 130 173 154 140 171 163 134 173 144 127 144 162 135 130 137 154 172 126 147 140 158 150 156 141 150 172 163 148 144 
152 164 152 157 139 144 142 128 128 144 157 172 132 169 171 148 170 137 140 152 131 159 165 167 126 127 139 163 125 143 145 174 144 160 126 148 168 148 164 144 
145 149 135 132 156 159 151 131 134 155 156 142 173 134 139 152 130 151 138 156 140 166 173 125 143 165 141 155 156 155 143 165 138 150 170 149 161 156 132 170 

