2
80

167 139 
133 169 
169 174 
148 154 
134 168 
153 125 
148 173 
160 168 
146 130 
150 151 
145 169 
147 138 
145 142 
156 131 
158 126 
148 140 
158 150 
151 161 
159 139 
161 141 
155 170 
150 161 
136 128 
146 166 
170 166 
167 145 
170 137 
131 174 
143 163 
129 157 
126 136 
156 147 
166 131 
146 158 
165 173 
137 145 
145 173 
167 152 
128 128 
132 158 
150 131 
172 155 
161 154 
129 142 
172 126 
153 151 
127 136 
160 150 
140 136 
130 161 
141 133 
164 133 
168 153 
167 136 
159 160 
133 142 
133 139 
137 174 
170 132 
148 144 
147 161 
128 167 
131 126 
150 166 
130 136 
132 148 
134 156 
129 153 
174 126 
168 135 
126 133 
171 152 
132 168 
148 130 
145 168 
136 169 
144 167 
151 166 
174 160 
142 164 

72 90 81 81 62 66 80 60 87 76 73 92 84 78 63 70 75 77 63 67 61 98 71 64 75 91 82 91 99 97 60 60 67 80 82 72 62 98 75 77 56 93 91 90 58 52 76 84 57 73 78 65 98 61 58 52 76 70 96 69 62 68 60 66 87 81 53 50 62 98 52 52 60 52 56 58 74 57 92 65 
92 88 74 89 61 76 58 52 77 74 87 64 61 82 63 63 62 81 70 66 64 93 86 98 58 98 67 50 99 67 79 83 69 98 55 93 71 51 91 61 62 74 89 96 61 81 80 53 67 58 58 90 83 71 90 80 55 99 78 88 56 51 55 64 80 51 59 67 53 56 74 86 60 77 69 94 91 71 59 79 
74 62 90 65 69 62 85 85 74 75 67 91 82 79 99 97 89 80 79 73 76 81 56 65 67 84 77 67 94 64 72 62 75 50 93 67 51 55 93 60 88 77 90 75 52 57 87 60 87 65 69 77 70 82 60 66 62 52 84 95 94 68 97 68 56 58 96 56 81 79 69 96 62 65 79 93 82 75 84 56 
54 75 88 82 65 57 94 60 91 60 95 66 67 64 70 83 53 77 62 54 77 92 94 68 75 55 80 50 54 60 76 92 53 84 77 53 72 64 99 93 96 77 88 99 79 94 87 65 65 99 88 83 97 60 86 80 51 50 87 51 95 75 68 53 55 82 90 67 80 54 64 65 90 57 77 75 68 82 84 52 
61 95 82 88 76 97 97 52 84 68 68 72 98 67 56 92 80 53 79 80 92 78 61 53 91 60 65 78 99 83 60 59 69 95 56 59 81 57 66 67 61 69 61 85 53 80 65 92 62 61 60 84 83 86 81 55 94 95 54 50 50 98 92 64 57 86 62 60 98 65 66 74 96 95 80 51 82 86 78 97 
84 75 86 97 67 71 72 87 79 55 67 90 86 53 93 57 71 51 87 72 52 77 93 73 62 81 53 91 69 65 94 76 73 71 85 75 54 93 55 56 66 67 76 65 54 72 84 72 52 62 73 84 81 87 94 79 79 90 80 88 64 55 92 98 66 73 56 70 89 82 83 84 57 52 55 63 61 56 63 96 
51 87 59 90 66 64 66 58 90 58 60 88 91 70 82 90 86 69 69 97 79 97 65 84 73 80 63 78 88 75 88 56 63 85 83 69 89 79 65 83 91 97 72 65 73 59 72 97 83 99 75 94 65 78 94 70 57 95 51 93 67 74 71 85 56 51 50 63 60 83 56 74 84 94 88 66 61 86 87 51 
83 75 93 54 52 85 66 75 76 75 88 89 87 77 77 74 91 86 98 83 72 62 94 97 70 56 70 82 69 93 62 66 86 96 91 73 84 51 99 92 67 53 92 75 80 98 61 52 83 75 52 73 60 74 51 52 68 83 70 68 61 72 73 92 71 81 66 81 70 78 66 96 70 93 81 89 87 99 56 55 
91 63 80 88 90 60 78 56 86 66 78 62 53 69 70 80 93 86 93 60 54 62 51 84 76 75 80 54 94 75 93 59 87 74 88 69 83 70 90 83 86 95 54 56 60 84 89 91 91 57 88 70 83 97 76 89 99 98 66 89 70 58 70 58 74 85 66 99 69 94 67 88 88 88 89 59 71 86 58 90 
83 92 64 99 80 73 92 78 82 84 91 75 86 51 95 69 78 97 98 66 57 78 98 87 60 50 61 72 61 57 86 52 94 53 56 77 79 96 62 75 56 76 77 64 80 63 68 55 93 58 69 84 97 75 73 79 57 66 57 88 75 76 90 76 89 54 64 84 59 88 93 95 94 87 58 70 71 94 75 89 
97 61 56 61 60 51 91 57 80 90 75 50 71 69 64 82 61 92 71 99 52 87 50 80 70 58 55 97 98 61 72 87 73 51 52 83 56 76 86 54 85 96 65 65 84 91 67 85 75 69 68 99 92 85 89 70 53 83 91 75 71 56 86 58 50 83 76 85 51 77 80 81 74 82 88 73 87 57 62 69 
67 95 69 58 93 69 69 85 73 94 79 96 60 51 65 74 65 82 78 64 71 59 97 77 67 92 72 84 59 52 70 63 89 94 86 66 92 82 64 54 91 50 98 57 90 60 63 64 88 68 55 77 71 88 51 73 79 71 95 64 99 95 80 92 54 76 79 66 86 51 98 98 58 74 93 53 82 95 61 93 
50 58 53 50 73 87 71 70 93 69 91 87 60 78 62 66 87 97 73 69 67 82 91 76 88 62 54 65 84 89 82 60 56 68 94 80 73 98 59 67 72 80 81 74 51 95 97 57 89 63 54 92 62 51 89 89 59 65 82 54 66 88 77 56 60 89 56 73 78 59 97 63 98 52 57 67 98 92 76 77 
96 87 64 82 71 83 83 52 80 56 87 87 98 57 60 55 83 99 58 64 95 60 64 54 77 52 54 72 50 77 77 56 83 57 83 88 90 82 68 54 92 73 92 77 96 97 67 87 90 98 95 95 82 77 57 77 90 59 53 89 74 57 81 58 51 75 61 87 72 79 77 94 79 85 88 79 90 65 96 83 
76 84 93 69 88 65 51 80 86 70 82 71 75 78 55 78 53 51 93 61 54 87 99 87 74 86 68 99 98 50 62 96 56 86 54 50 74 87 77 90 90 51 65 94 96 84 67 73 71 59 71 61 69 64 54 87 73 73 65 81 52 93 73 73 78 61 76 78 85 95 68 89 77 73 54 73 78 57 74 80 
81 63 61 69 76 56 92 80 63 82 51 60 86 84 53 57 95 92 58 81 98 85 57 90 59 52 59 93 89 85 99 55 60 67 75 69 50 71 70 83 66 53 94 65 76 87 77 52 92 72 74 72 77 83 79 64 77 91 98 69 75 94 52 60 81 55 53 84 98 99 78 53 98 80 59 61 63 82 84 81 
79 72 84 87 82 94 78 69 82 70 94 61 89 69 79 63 98 60 77 62 54 55 70 67 52 76 65 63 89 50 56 90 92 89 95 94 73 95 66 84 56 74 67 69 96 62 69 73 78 75 88 78 86 77 75 52 88 90 82 96 91 91 65 65 60 78 95 52 64 84 94 90 87 75 52 98 71 71 83 76 
70 80 74 76 97 88 84 79 74 88 94 98 52 82 53 77 67 78 77 79 74 92 79 90 66 77 79 93 87 72 60 57 52 95 72 52 62 93 51 65 95 93 92 58 69 84 58 80 86 62 94 59 67 97 50 88 53 54 79 61 56 63 99 65 99 78 99 85 96 60 70 85 99 50 85 99 51 84 79 52 
59 83 67 72 51 92 54 60 98 96 87 76 78 60 78 86 97 86 82 58 60 97 73 85 85 80 98 77 64 75 75 80 72 85 55 96 66 93 50 54 55 52 75 82 55 67 55 52 57 76 75 54 60 58 80 79 88 83 81 83 81 94 89 76 71 58 92 71 88 54 83 74 90 94 76 68 83 64 73 76 
67 64 73 74 60 67 88 85 88 75 98 73 50 88 86 78 56 50 85 71 64 80 63 78 64 75 80 85 58 56 85 78 68 56 87 84 72 99 55 64 84 88 75 77 75 96 77 91 51 71 81 86 69 88 66 57 54 65 79 83 52 96 52 70 66 70 78 95 62 78 59 73 84 93 85 67 80 61 69 98 
63 73 90 58 85 69 94 63 53 56 97 64 68 64 62 52 83 50 81 80 53 63 52 68 90 53 60 94 72 81 73 84 97 70 98 62 83 75 60 75 92 95 52 65 92 76 87 52 54 97 99 58 98 58 52 59 68 98 77 86 88 98 61 80 73 65 73 87 95 79 89 96 62 76 54 72 70 94 97 84 
55 75 71 72 74 68 99 82 71 75 76 73 97 95 74 67 73 69 69 50 95 67 98 80 83 73 76 88 99 54 61 96 59 51 65 62 94 95 81 70 51 71 60 82 73 80 98 92 63 72 57 94 80 93 66 83 98 63 78 76 67 94 66 87 69 92 56 55 62 71 73 84 94 93 66 86 66 86 96 79 
63 58 93 71 51 76 82 56 90 67 87 97 80 70 80 66 58 77 81 65 98 62 56 64 64 99 96 71 52 51 53 70 52 97 80 97 63 66 88 53 82 68 88 60 88 76 98 79 72 93 97 74 78 64 82 67 62 78 99 51 85 88 76 73 90 92 64 91 80 96 69 70 79 77 50 77 63 79 58 78 
95 74 54 61 79 96 89 54 94 76 65 84 54 70 50 87 60 83 80 91 87 92 92 99 88 83 55 64 68 82 85 50 70 59 63 66 80 59 70 65 84 88 63 57 78 98 55 59 59 51 96 63 87 72 53 53 81 83 75 89 81 82 54 53 50 56 51 92 83 93 64 97 82 98 52 61 88 74 75 66 
59 67 66 56 89 65 69 82 57 79 68 61 64 56 54 54 74 58 78 78 98 88 73 60 66 62 66 68 89 53 65 84 92 77 74 72 99 86 94 83 64 59 87 87 79 72 58 89 97 59 96 75 95 91 55 51 65 99 67 68 78 82 61 87 72 98 80 99 82 78 95 84 88 63 51 58 88 64 52 65 
77 83 56 55 53 98 66 92 97 71 83 99 81 58 55 71 71 52 93 75 99 66 65 97 74 66 96 90 92 55 78 56 89 70 50 65 95 66 74 86 87 94 99 56 74 98 60 77 56 84 70 63 52 90 85 64 93 61 77 50 77 66 88 95 78 73 59 85 55 95 85 55 84 79 53 59 55 51 51 74 
98 51 52 50 81 65 70 92 88 95 87 99 72 95 73 73 99 89 86 98 50 72 94 84 56 55 53 71 76 76 73 65 71 82 90 55 53 99 84 93 54 82 68 83 94 99 71 62 57 85 86 93 55 76 65 81 97 85 85 62 90 87 87 81 81 85 64 67 81 88 64 98 76 79 91 71 97 63 76 88 
52 51 91 90 97 72 65 76 90 63 58 84 53 59 78 61 62 88 54 61 92 93 64 53 83 54 70 93 88 87 90 55 55 88 62 92 82 98 63 98 73 93 55 50 81 81 86 68 92 82 63 78 74 65 85 95 58 97 90 84 99 66 77 80 70 95 77 53 57 68 84 77 80 62 71 52 62 60 71 60 
86 89 86 66 62 61 74 81 79 94 79 87 94 91 63 74 50 95 81 51 52 72 74 96 92 57 99 76 64 55 88 69 97 62 92 78 82 88 61 72 50 60 79 70 96 52 82 54 89 55 51 61 76 85 97 59 90 91 69 51 51 72 62 87 75 59 54 98 64 61 87 95 60 81 95 79 51 81 97 64 
91 67 58 54 61 61 94 72 60 74 53 93 92 55 95 95 53 64 84 94 67 88 50 78 76 82 52 79 63 86 58 64 95 62 62 58 76 57 71 77 73 77 52 80 81 61 72 62 60 53 89 85 50 68 53 83 57 53 56 95 91 79 56 97 79 68 56 59 72 62 50 70 94 69 90 76 61 83 84 90 
83 82 68 80 66 91 65 66 88 84 68 84 69 87 67 62 67 73 94 57 65 73 79 97 53 52 89 72 99 76 96 79 65 58 71 81 55 62 71 72 50 73 85 79 72 51 61 74 97 99 70 68 86 78 65 65 96 94 69 86 87 67 73 86 61 67 78 72 85 53 74 55 86 65 80 76 80 65 51 77 
88 94 67 50 69 74 75 65 66 82 63 54 77 57 57 76 63 80 68 91 89 94 67 84 98 51 61 62 87 58 83 85 63 50 91 99 77 96 50 51 63 53 72 85 96 77 50 71 69 53 78 83 91 95 75 69 83 87 90 78 82 76 85 59 50 53 84 99 72 90 50 64 98 63 89 90 65 95 63 82 
81 93 55 92 67 68 64 73 79 77 83 96 79 69 77 92 69 89 87 85 86 56 63 86 53 85 89 71 82 54 54 92 75 53 80 82 72 96 61 97 74 74 94 84 55 51 86 59 55 56 57 80 59 98 92 78 55 83 79 98 60 84 66 76 69 78 68 76 59 73 93 99 95 63 51 78 65 88 75 82 
76 81 77 88 75 97 98 67 95 94 71 56 54 86 89 54 81 63 64 71 87 83 54 66 85 50 91 55 84 98 57 96 62 73 79 73 92 72 98 74 88 53 62 94 52 66 84 94 75 53 58 61 82 60 97 52 95 81 98 55 51 74 86 84 56 52 64 83 70 84 71 98 53 73 62 69 63 97 88 60 
73 67 58 85 98 89 84 99 80 61 53 81 70 82 54 87 50 91 55 86 54 56 94 65 78 54 71 64 89 91 76 71 73 65 81 99 89 60 67 72 77 53 56 97 79 57 72 59 70 88 76 59 94 76 75 90 79 83 64 81 73 98 53 85 79 62 54 88 55 59 80 64 79 67 69 90 61 54 66 87 
51 80 97 55 93 59 50 62 52 51 54 93 87 94 72 57 67 86 73 84 97 99 68 64 82 95 96 64 50 63 50 78 56 58 96 64 79 90 90 79 94 79 69 76 62 54 72 95 76 75 87 67 78 90 63 62 82 93 70 86 85 68 67 65 79 92 53 64 55 67 68 65 70 92 54 90 78 79 52 91 
90 61 90 53 51 87 95 50 79 96 79 72 55 68 98 93 92 91 72 97 67 55 59 87 69 53 81 62 66 69 64 79 90 59 79 74 97 79 95 98 57 95 59 56 66 55 97 61 90 85 51 76 72 70 59 75 86 61 71 81 52 98 65 83 70 50 84 56 79 83 94 80 55 76 66 61 62 66 57 94 
96 73 77 96 88 75 58 77 80 73 75 99 95 69 69 72 77 59 80 98 81 87 81 76 51 92 64 51 74 58 60 65 57 86 65 85 63 93 54 81 79 69 94 79 62 56 68 86 56 97 51 69 72 63 92 79 77 95 62 94 57 90 87 60 63 57 67 86 86 74 75 59 93 68 96 65 59 79 56 63 
78 65 88 86 81 79 65 55 71 53 73 68 58 91 68 72 81 50 66 52 86 95 94 54 66 97 53 62 76 77 62 54 63 96 82 95 50 95 60 74 93 56 74 52 73 69 73 79 95 74 64 62 73 69 77 54 51 95 62 98 50 88 65 55 92 85 66 53 62 55 61 77 99 50 79 98 88 90 77 73 
98 90 63 61 55 78 73 97 63 77 90 88 80 98 77 91 70 78 82 53 91 57 51 66 93 75 83 58 79 94 51 55 92 96 51 91 80 52 66 57 95 57 65 63 91 70 67 82 94 63 56 68 76 64 58 56 63 67 64 74 62 73 63 72 82 54 82 76 61 87 97 94 68 60 67 80 64 50 61 66 
90 99 91 52 93 51 82 56 74 86 69 57 68 92 79 59 61 53 96 62 88 64 57 85 63 81 53 75 57 95 69 52 60 89 58 87 70 62 91 69 56 61 56 51 88 71 99 83 85 84 79 55 66 66 71 60 75 58 62 78 51 92 59 58 64 60 65 65 72 80 64 82 90 85 50 57 87 53 92 63 
67 78 80 82 94 93 65 61 77 70 79 63 81 94 84 54 54 97 58 59 80 77 99 62 72 67 83 62 58 93 51 89 52 98 54 92 69 99 63 93 89 73 61 74 94 72 90 67 64 70 50 82 58 71 90 76 63 90 71 69 79 84 64 87 96 87 79 55 72 86 88 52 69 72 57 57 50 85 96 92 
91 69 93 83 63 90 82 88 62 86 68 69 52 78 80 82 97 84 61 86 83 85 98 85 94 61 61 73 53 78 64 72 73 65 94 61 91 81 72 60 61 92 66 99 73 84 87 98 89 65 99 69 63 62 73 98 69 82 60 75 58 54 59 55 96 59 76 55 65 75 62 88 67 89 54 58 94 65 98 59 
61 95 99 92 77 67 54 77 90 56 51 50 82 78 94 64 56 91 70 94 75 81 59 73 85 64 80 98 89 92 83 79 78 50 71 92 83 98 52 60 50 96 88 89 59 84 63 62 86 58 74 59 56 93 57 74 87 66 86 60 88 52 83 90 62 80 86 75 98 96 88 77 77 60 50 95 95 93 89 54 
99 72 86 97 78 54 82 70 76 81 75 93 98 58 87 83 63 64 58 68 72 55 62 72 61 68 87 62 50 90 54 82 61 95 70 51 97 85 57 54 80 59 89 76 69 88 87 97 80 94 71 75 79 62 75 63 63 86 89 66 99 62 52 60 83 86 58 99 92 57 84 89 61 66 76 88 89 69 51 69 
61 55 92 92 64 61 91 89 90 79 89 99 69 62 91 61 96 57 81 93 50 79 72 99 96 54 78 81 97 98 94 94 87 89 92 79 62 88 75 59 66 70 86 59 62 70 72 65 56 98 86 78 60 51 54 74 85 53 65 83 79 83 84 69 97 80 79 83 60 64 74 89 86 66 91 94 98 95 82 50 
66 51 92 67 95 59 85 80 75 85 68 82 62 89 65 88 85 86 83 98 63 59 50 87 86 52 94 82 99 98 90 77 60 71 90 50 63 86 59 91 52 87 62 70 90 84 79 88 55 65 52 73 51 66 53 76 77 63 57 71 84 82 76 58 81 98 89 89 98 88 88 55 85 55 56 96 93 81 59 52 
67 66 82 63 53 98 60 89 99 83 75 62 69 63 75 67 85 51 66 65 54 88 64 73 93 99 78 56 54 50 92 50 59 90 72 54 94 99 68 93 69 62 94 90 70 90 98 96 97 93 81 80 75 57 85 68 97 71 77 73 89 98 73 73 79 99 95 83 56 62 73 55 52 80 53 90 57 60 50 85 
81 76 67 94 81 92 94 65 56 56 55 65 53 81 82 95 56 98 74 92 56 93 81 59 84 79 96 93 57 68 88 54 97 72 65 72 57 66 50 64 91 55 95 72 72 82 54 50 83 67 51 90 67 97 97 72 83 96 99 71 98 55 89 87 98 94 71 99 72 76 84 93 69 78 92 82 74 70 93 50 
83 62 76 58 60 83 68 65 58 84 90 99 92 83 70 87 64 74 70 78 76 70 70 63 78 70 94 79 68 81 80 73 79 95 52 99 53 54 92 68 68 57 86 82 97 99 80 96 80 83 74 55 67 87 53 50 87 78 77 88 53 51 80 84 64 64 64 75 67 56 92 96 93 63 84 68 76 61 92 93 
77 65 96 59 74 56 70 81 58 74 63 88 86 58 98 74 92 89 84 64 56 98 80 66 82 86 76 55 84 96 97 83 57 84 64 66 82 53 61 78 83 76 55 52 79 84 98 58 87 92 92 76 69 99 92 58 64 90 83 59 66 52 72 69 72 61 94 80 72 72 71 53 93 73 54 76 76 63 84 60 
94 95 68 71 78 99 93 51 88 55 95 60 75 82 73 61 57 90 58 91 81 76 63 94 64 63 51 71 79 84 73 97 83 91 53 71 79 85 95 68 58 80 50 59 96 63 75 93 53 77 96 66 83 79 53 61 66 65 54 52 61 61 86 72 88 59 70 87 98 51 70 79 78 90 68 98 57 53 63 50 
65 85 82 91 62 99 74 83 97 61 67 57 80 91 59 53 62 71 51 71 96 99 82 68 57 87 99 68 89 72 64 89 52 52 80 52 80 90 56 90 57 61 89 90 74 82 55 86 89 50 90 87 55 77 73 52 69 60 63 62 88 97 83 78 64 94 84 86 67 90 89 59 84 99 54 88 73 81 73 99 
98 53 87 85 69 51 75 99 96 53 89 73 71 89 61 83 54 63 55 74 50 84 65 85 73 89 76 59 56 56 81 97 54 81 74 66 77 93 85 50 57 78 94 68 64 51 88 57 88 54 51 92 99 57 79 61 82 71 93 81 56 95 93 98 62 88 66 57 72 90 74 74 83 66 90 54 57 85 68 82 
56 98 50 62 98 98 97 71 60 62 82 91 59 65 51 95 74 69 73 99 59 50 56 71 81 68 91 96 79 70 83 53 94 92 86 80 54 82 59 55 63 71 73 88 60 54 90 83 58 51 51 74 90 62 65 84 76 50 66 61 72 91 91 55 79 55 78 74 56 85 98 95 56 88 78 91 53 51 67 65 
88 74 66 80 97 91 96 93 52 88 70 53 69 84 92 67 56 52 93 81 83 87 94 91 94 96 75 91 93 95 89 79 82 52 95 67 89 51 56 83 81 89 66 58 57 79 71 84 74 59 99 56 90 81 68 55 85 98 54 76 61 63 54 82 97 79 78 73 56 77 68 68 96 86 98 53 91 71 51 87 
67 78 66 93 89 72 58 96 70 66 87 76 87 62 90 78 61 71 66 61 57 83 90 99 73 64 74 90 65 68 65 76 94 62 71 65 90 98 92 76 73 56 90 75 59 88 88 75 94 67 86 98 72 76 83 59 53 87 56 61 89 64 57 51 82 83 98 73 52 87 82 90 76 66 86 98 93 67 85 95 
85 81 96 51 90 55 52 67 56 88 82 58 70 82 98 63 73 87 62 93 94 61 63 55 92 99 67 71 57 83 62 52 87 92 64 52 99 67 70 76 67 72 93 73 58 86 56 57 92 80 71 65 70 68 97 57 83 59 62 91 97 77 51 54 83 73 50 65 90 51 56 92 60 96 89 78 64 79 56 95 
71 64 90 93 51 71 68 81 94 68 57 97 61 58 63 63 68 64 76 98 55 86 52 91 95 76 57 71 59 82 64 80 74 72 50 72 89 92 97 54 83 93 69 83 71 83 69 82 54 55 61 75 60 96 97 65 74 89 99 61 63 78 66 89 99 73 68 59 64 54 76 72 66 52 56 94 89 85 66 98 
95 98 72 85 72 88 91 64 59 99 70 82 94 80 68 59 71 58 52 61 52 85 65 76 58 96 85 77 84 96 71 66 56 97 66 50 57 57 74 93 66 59 97 66 56 56 66 61 98 85 56 83 80 88 69 54 99 94 92 94 53 64 58 50 68 75 75 97 96 69 93 96 66 63 69 83 98 83 57 84 
65 58 57 97 53 76 75 96 82 75 95 58 73 60 92 59 90 68 84 54 73 53 55 99 63 90 66 91 83 54 65 93 64 64 96 59 82 55 52 63 81 58 87 79 90 77 78 97 86 52 81 72 60 59 51 86 65 60 77 85 77 67 60 58 96 90 79 85 92 56 51 60 93 67 75 89 73 56 99 69 
76 88 73 78 83 68 74 75 60 65 67 75 53 94 99 74 96 83 69 93 60 59 89 57 91 78 79 80 50 81 83 73 51 93 78 64 51 75 99 64 65 73 72 87 72 52 99 95 57 76 69 68 70 81 69 52 96 96 95 56 67 61 77 95 79 83 67 69 65 91 79 65 93 58 59 80 65 63 96 98 
51 97 56 72 55 96 61 83 78 64 62 99 57 92 75 93 87 62 82 98 89 74 52 84 98 97 60 55 80 52 54 74 81 66 55 91 68 79 61 59 97 67 76 66 98 89 80 71 57 98 99 64 97 57 50 97 86 88 85 64 56 58 98 93 82 76 76 66 96 72 71 92 82 88 84 55 61 75 98 61 
60 88 60 54 95 66 70 73 60 81 98 81 99 69 56 50 72 55 59 64 92 79 72 56 53 86 51 58 83 88 73 85 56 56 94 81 91 84 82 74 57 53 51 71 54 83 90 62 71 66 92 90 53 87 74 54 69 90 58 66 69 68 73 69 58 88 78 92 77 73 88 81 55 81 77 66 84 69 98 50 
80 80 80 77 56 78 89 67 70 80 66 56 84 53 91 65 66 80 77 82 70 65 61 75 66 67 70 90 53 88 80 70 56 62 54 72 89 62 60 50 89 61 51 76 99 56 75 95 67 79 76 55 62 77 72 57 59 85 64 86 53 76 76 77 97 69 71 91 94 61 56 84 86 52 64 97 57 85 54 72 
96 59 86 73 79 90 80 55 95 51 90 54 82 92 68 92 97 94 75 82 92 95 82 77 99 93 66 53 83 97 65 87 66 69 69 62 55 59 99 62 66 60 68 83 86 62 77 68 61 80 84 51 51 58 65 88 64 50 94 87 75 67 93 97 80 71 75 77 94 83 83 50 79 70 70 72 87 64 60 89 
57 63 56 61 96 66 64 82 88 77 72 87 58 78 84 54 68 63 66 86 76 60 95 95 87 98 66 65 57 77 96 65 51 95 59 86 61 53 66 91 68 72 66 79 99 72 52 80 55 62 75 99 72 63 54 76 52 92 97 96 57 88 79 88 98 51 79 64 77 64 72 85 68 56 62 85 97 54 57 99 
79 78 66 63 90 82 68 60 74 51 79 94 62 61 83 88 59 98 52 83 78 74 64 72 76 96 76 50 96 90 85 73 91 86 56 68 75 69 73 67 86 79 89 90 64 66 80 86 51 98 93 81 86 93 88 72 89 53 92 89 83 79 52 50 96 75 68 50 55 87 74 62 82 77 74 64 63 96 99 65 
87 96 84 67 71 59 53 67 76 91 69 97 83 51 93 98 52 79 52 73 75 53 97 87 76 74 68 55 56 68 61 63 83 60 80 72 58 59 96 62 71 90 75 78 94 54 85 53 74 85 73 54 65 80 67 79 96 95 62 53 64 99 61 80 66 89 72 55 79 96 93 94 69 88 81 66 88 86 62 56 
99 59 51 75 67 91 86 84 77 98 69 87 78 83 79 80 80 94 76 86 93 95 71 98 89 99 75 76 56 97 90 54 63 90 70 51 57 74 56 90 59 59 75 80 54 52 75 56 72 59 96 91 84 51 52 65 99 77 66 51 90 75 67 50 94 78 70 70 79 69 90 70 60 70 53 95 59 72 54 80 
92 68 92 76 75 65 55 66 56 56 60 60 79 57 72 97 81 57 71 72 80 51 85 72 79 51 66 88 95 80 50 97 73 85 61 87 78 52 68 64 99 77 56 88 71 90 95 97 85 74 85 96 56 52 57 67 55 56 92 93 61 68 96 86 66 87 87 62 50 61 87 96 59 82 58 81 64 91 82 92 
55 80 91 53 61 66 99 78 76 72 72 67 92 87 53 82 54 71 64 64 89 50 97 90 64 59 98 87 82 65 53 50 60 81 75 74 78 51 85 73 57 93 64 88 62 62 92 54 60 53 77 85 97 59 98 92 88 63 93 72 85 52 62 66 67 63 74 64 70 56 74 86 95 64 67 95 53 58 66 52 
78 55 96 79 68 73 66 90 90 81 79 63 76 80 58 73 89 71 72 71 79 85 96 56 78 86 71 54 64 79 64 68 93 70 66 71 62 63 85 86 55 81 88 71 88 53 58 56 94 65 59 74 94 70 63 70 84 85 86 71 54 67 80 60 61 94 67 72 92 94 93 95 71 86 78 68 91 89 66 65 
60 60 87 99 86 59 59 90 64 79 84 55 54 82 58 57 89 93 82 75 51 55 89 62 92 73 65 52 63 68 94 73 92 50 61 87 94 79 75 52 77 71 70 74 89 71 61 86 80 76 86 88 86 79 53 84 53 60 80 91 93 69 75 59 83 64 67 97 81 80 95 61 55 60 74 57 82 95 56 98 
72 56 69 91 78 72 58 97 74 93 51 76 64 68 58 94 57 91 58 80 72 58 96 62 53 58 80 81 68 77 68 87 92 52 75 65 52 76 50 88 72 68 63 97 80 89 86 69 52 84 56 80 84 97 52 65 77 50 97 95 58 57 72 78 75 95 62 70 90 71 58 84 62 95 57 58 91 77 63 68 
83 82 61 52 52 79 76 96 55 99 66 78 67 64 98 66 88 80 58 70 52 55 70 62 65 90 61 62 80 79 94 84 74 61 51 91 50 88 80 69 59 77 80 68 51 95 54 76 64 87 62 65 81 97 82 72 54 90 84 86 83 65 64 99 60 82 89 52 95 66 51 55 70 88 79 53 65 91 54 83 
82 97 83 64 64 71 55 77 80 89 70 73 58 62 54 63 51 85 59 81 55 89 60 95 98 54 78 87 75 86 53 57 51 68 76 57 81 57 79 65 79 66 79 95 92 84 86 81 76 65 98 71 98 96 94 77 60 75 63 60 87 78 54 96 71 95 65 73 68 82 77 76 65 56 55 98 67 78 61 98 
61 63 92 91 56 91 92 76 70 74 87 59 96 79 52 57 88 95 61 89 79 88 93 90 63 73 70 54 50 91 87 62 94 89 78 78 56 54 79 86 98 65 68 84 99 53 50 92 92 50 62 82 51 96 91 84 66 67 60 62 66 50 93 64 85 76 63 96 58 81 97 62 82 72 81 61 81 73 80 72 
78 51 75 96 53 59 64 65 69 68 68 95 60 72 51 60 68 86 92 90 58 54 74 82 99 83 99 73 67 64 78 96 58 55 78 72 66 92 53 79 57 63 78 97 67 93 68 83 70 79 73 62 66 81 97 75 88 56 86 61 75 68 85 99 86 50 96 73 97 82 59 97 92 96 55 63 84 68 76 80 
73 98 89 53 95 73 96 54 96 69 77 75 95 69 82 54 99 90 81 52 82 58 93 70 73 59 59 96 81 54 56 77 99 53 64 94 59 58 75 95 59 55 55 98 59 56 67 84 64 59 68 83 59 79 93 65 66 71 84 80 76 67 78 79 54 95 55 89 95 92 51 85 84 82 97 85 96 60 67 98 

99 96 78 80 74 84 86 91 60 83 98 72 89 90 91 62 52 52 81 54 75 96 58 52 92 96 57 94 52 55 84 87 75 68 92 54 58 85 74 58 93 72 69 66 50 74 93 75 74 71 60 71 53 60 84 59 75 68 59 97 63 70 95 65 73 89 58 84 89 70 74 87 65 54 53 70 83 54 70 59 
95 55 59 70 58 75 65 87 89 75 74 89 51 79 53 82 80 66 74 83 64 60 89 71 97 61 77 62 88 92 73 98 78 92 87 93 83 89 53 60 90 97 90 99 89 58 80 67 98 52 96 93 55 75 54 98 68 57 84 78 90 53 67 95 88 57 67 70 98 81 80 75 58 86 63 91 90 99 52 92 
91 56 53 93 56 55 50 80 97 88 87 80 52 64 84 57 62 84 57 73 50 82 63 98 68 85 99 93 57 83 99 55 66 86 54 92 69 75 75 68 82 53 90 79 50 80 66 62 85 95 55 65 99 80 59 63 85 85 82 65 65 93 73 97 64 54 74 53 80 51 87 63 65 77 79 67 77 82 87 67 
62 50 99 53 62 87 86 72 80 84 52 79 70 97 99 64 51 84 97 57 51 72 69 66 64 66 87 94 75 67 57 52 94 75 68 67 69 72 59 53 66 57 76 80 52 75 95 51 58 83 58 86 58 93 82 63 86 88 74 84 60 87 85 50 73 82 86 61 71 79 96 53 69 73 89 61 93 58 93 96 
55 66 52 62 75 65 58 69 52 78 88 71 79 58 82 82 54 76 54 74 78 56 90 58 59 64 81 64 80 51 82 89 90 98 85 94 56 50 62 90 58 74 61 60 54 60 53 89 79 90 72 89 80 63 88 84 60 81 59 78 80 91 65 97 53 67 52 60 72 53 84 86 64 67 50 62 72 61 55 85 
63 55 52 85 67 65 59 80 68 73 97 83 62 90 54 60 73 72 87 83 59 63 54 73 75 70 51 70 93 90 90 50 73 94 73 64 62 76 66 59 53 58 55 81 88 62 72 89 91 92 56 92 68 92 57 65 66 97 63 80 63 95 81 79 66 65 69 63 53 93 93 83 73 79 58 74 59 56 71 62 
91 92 62 97 86 62 65 95 90 68 55 70 85 65 97 98 65 58 90 93 85 99 93 93 50 78 77 65 70 63 86 59 90 78 87 67 94 61 58 94 71 95 60 98 82 67 88 66 91 61 88 50 68 73 89 84 58 88 60 93 71 64 83 59 93 58 78 61 96 86 59 82 54 93 64 71 67 94 82 92 
97 51 66 77 82 94 55 78 71 93 74 70 81 87 56 73 82 55 70 53 94 95 53 60 88 58 81 51 55 97 62 65 71 64 77 65 60 77 58 60 86 67 78 89 64 82 53 74 91 74 62 84 93 85 63 52 65 55 72 62 87 75 81 90 74 69 65 82 59 99 63 54 79 64 56 93 85 69 71 72 
86 84 88 51 85 53 93 96 81 99 72 77 89 69 76 65 90 78 88 73 95 61 98 84 52 63 97 97 52 72 56 56 94 68 64 70 70 85 69 94 87 94 97 97 89 60 99 94 68 74 80 60 64 84 79 92 92 62 67 72 58 51 50 90 56 84 51 81 85 63 77 89 67 57 89 86 88 99 74 85 
58 70 59 67 78 88 52 78 93 71 96 70 93 61 50 78 85 51 74 72 89 83 51 71 95 61 56 59 64 82 58 67 99 59 65 79 78 70 81 99 73 70 55 83 96 74 73 99 93 76 90 76 74 52 71 88 79 71 82 53 68 59 99 75 56 76 87 51 60 97 87 81 80 62 72 81 68 55 69 74 
83 66 51 67 83 94 62 87 70 56 64 62 81 57 51 56 78 62 70 60 93 80 73 80 56 93 74 78 60 92 69 78 63 95 73 68 84 97 93 61 50 69 71 67 58 79 74 51 99 51 91 96 65 76 86 62 77 69 93 57 55 80 53 62 98 91 72 92 60 61 52 56 87 85 74 92 53 96 55 90 
54 70 95 65 71 80 51 78 80 91 69 50 52 88 92 69 92 76 70 56 90 80 66 97 60 78 84 83 72 53 51 54 72 91 51 57 99 95 88 66 85 68 97 89 69 55 87 51 65 85 58 66 61 64 75 77 53 90 83 60 57 97 65 85 63 71 61 98 58 68 70 77 73 75 81 73 84 86 77 51 
98 59 51 74 85 90 98 59 71 50 52 60 67 65 80 70 58 53 78 77 95 77 51 57 95 98 83 83 79 67 71 87 62 71 89 68 83 56 78 80 64 68 72 63 62 56 90 61 83 71 51 75 52 74 57 66 62 60 95 87 74 99 77 78 85 86 61 99 74 89 69 68 87 56 95 79 76 68 96 94 
62 55 56 99 67 61 82 96 51 79 92 70 57 97 83 53 68 63 83 80 72 69 50 56 99 74 84 94 74 87 74 95 89 84 93 81 57 81 60 67 84 61 99 98 81 99 53 60 88 64 82 70 55 78 92 63 75 58 86 78 87 52 75 95 93 61 50 98 78 63 64 68 97 69 51 73 73 94 98 84 
79 88 84 61 59 64 67 52 97 66 61 85 61 70 58 53 63 83 99 71 99 59 92 80 97 78 65 50 99 93 66 98 78 74 90 61 74 91 95 55 81 88 66 95 60 62 78 83 77 68 57 70 92 63 91 51 60 50 94 58 63 56 58 54 76 63 96 69 74 92 57 89 97 55 96 61 83 59 71 84 
78 92 80 73 85 58 69 71 51 63 91 87 52 86 73 86 94 62 62 96 92 65 70 67 71 67 90 82 53 88 95 79 96 54 66 65 78 63 54 57 92 92 52 63 95 88 94 76 54 97 51 58 52 89 84 53 66 99 67 65 99 63 82 51 94 97 65 85 76 79 85 63 55 53 95 54 89 98 82 82 
89 69 53 78 57 87 81 73 67 66 96 56 51 99 52 63 77 59 88 99 65 79 63 94 65 99 92 55 58 80 94 52 81 89 75 94 67 85 62 50 88 92 88 62 69 82 58 94 50 51 96 78 86 64 62 84 90 72 82 70 93 83 95 55 93 93 52 83 59 95 64 98 76 79 88 54 68 60 84 58 
81 66 54 76 81 93 62 56 84 72 93 81 78 82 76 70 76 56 62 56 56 93 83 75 66 80 90 88 66 73 83 57 58 94 51 88 74 56 71 78 82 61 89 51 91 60 89 51 70 57 79 74 53 51 59 61 84 72 56 99 58 59 86 92 70 95 55 72 78 51 56 89 89 53 75 68 81 65 91 86 
60 95 55 88 84 58 66 98 94 59 54 74 89 92 62 66 81 96 97 62 53 64 87 74 62 73 60 90 92 75 93 84 81 73 52 73 81 59 74 84 83 74 81 56 64 73 70 76 61 62 57 61 64 53 56 79 84 97 76 50 60 70 51 57 87 54 61 61 67 60 97 85 70 94 70 91 80 57 67 98 
62 87 57 83 93 80 78 67 56 86 75 95 97 80 79 55 97 52 69 55 64 55 96 72 83 99 66 85 61 71 80 57 76 70 57 56 99 83 65 51 53 94 89 90 56 71 92 53 50 54 81 98 53 92 60 79 56 96 64 75 76 82 82 55 69 90 52 77 56 70 62 94 66 94 77 85 57 96 82 93 
90 84 68 91 62 53 56 56 79 59 60 71 87 73 93 76 64 56 67 70 92 73 88 74 83 95 90 80 73 73 69 88 61 77 69 59 64 95 73 94 91 84 95 83 58 59 91 56 90 78 68 67 79 97 76 57 92 58 97 63 70 59 72 91 71 99 71 63 89 51 94 97 97 53 93 55 79 60 76 96 
99 65 66 82 50 95 83 75 50 84 74 65 63 52 94 57 85 95 72 61 88 93 93 73 86 96 80 78 90 63 59 79 78 90 94 87 87 61 55 93 79 99 57 74 82 91 50 81 54 81 91 82 50 82 90 97 55 70 52 79 81 70 65 97 67 71 50 89 59 75 74 92 79 53 52 58 81 75 91 77 
73 87 89 91 52 58 65 84 83 63 81 77 91 92 96 83 79 91 59 99 64 61 96 76 73 90 53 78 79 77 71 96 90 92 86 81 84 64 64 97 58 51 68 91 96 61 72 73 54 57 83 52 86 52 58 61 99 95 84 88 92 78 62 96 63 70 98 58 84 82 85 75 60 96 62 85 63 72 98 77 
74 67 70 55 66 94 82 94 64 97 57 58 56 71 95 65 96 50 74 90 56 98 80 57 92 56 69 61 87 80 76 70 61 86 75 89 87 66 86 50 80 98 95 89 97 81 93 82 63 86 77 54 76 57 78 66 69 95 50 54 58 95 85 82 55 91 92 91 97 99 64 54 70 50 62 75 52 96 70 59 
56 76 75 69 62 66 79 77 73 77 50 99 97 96 81 69 91 76 63 87 79 55 54 70 54 88 63 66 86 78 93 88 90 66 72 63 94 52 68 88 97 69 68 76 71 50 64 72 97 69 54 93 81 82 71 69 59 64 91 63 54 63 88 66 79 68 77 64 77 75 90 97 87 99 59 94 58 85 99 60 
54 76 51 52 90 57 76 78 59 60 65 55 72 88 76 77 72 65 60 59 87 87 81 67 86 54 81 96 71 93 88 82 70 59 76 85 62 88 65 77 89 54 88 52 89 56 60 57 79 91 92 52 92 94 59 99 53 54 91 71 84 76 51 66 75 51 80 92 88 94 71 58 56 54 86 61 61 97 58 92 
99 82 63 92 72 65 81 69 84 65 64 72 52 72 91 56 84 53 58 78 82 63 90 55 98 89 84 63 91 88 68 77 55 66 73 92 98 53 82 82 67 71 52 92 67 57 73 52 84 65 70 74 78 51 89 53 92 69 65 71 60 84 75 64 90 77 75 61 51 65 79 50 79 98 82 68 54 65 75 72 
85 59 87 60 52 59 76 58 95 66 76 84 86 78 82 79 89 57 85 59 64 97 75 89 88 98 70 59 54 60 89 54 62 87 59 99 54 66 96 73 73 68 57 91 94 62 99 55 60 91 66 80 71 75 68 74 71 82 54 99 70 51 88 58 98 84 98 76 85 51 83 62 80 85 90 81 67 83 97 52 
73 51 77 94 79 63 50 85 79 52 70 78 76 58 82 73 84 79 78 64 51 62 77 82 56 65 79 60 87 95 94 85 94 58 58 75 85 62 65 86 72 89 66 50 83 68 95 87 66 56 64 55 93 95 81 70 63 95 99 81 51 60 89 62 69 85 81 73 52 75 95 75 53 53 96 64 64 98 57 66 
62 62 54 63 87 98 75 67 99 66 92 91 65 79 64 96 56 76 98 75 87 85 79 97 77 91 96 98 90 58 55 95 58 78 61 73 60 88 76 92 57 63 83 51 85 53 79 98 76 82 96 54 92 94 91 77 83 92 94 63 87 91 65 72 94 97 59 53 95 55 98 83 87 80 94 53 77 87 59 75 
86 51 85 94 65 76 76 73 85 69 99 95 93 85 90 82 84 99 83 69 93 90 96 94 52 87 98 64 68 79 78 64 89 60 94 80 84 88 59 99 88 53 75 70 85 78 97 58 55 78 62 91 60 70 69 59 98 80 86 88 91 62 99 73 80 64 68 83 55 87 53 82 57 51 90 76 97 75 83 82 
69 66 77 71 94 53 63 79 53 81 68 61 51 59 55 52 67 59 80 72 70 73 96 87 83 80 78 78 71 70 85 82 87 58 51 53 83 71 65 83 71 57 52 72 84 51 51 72 73 60 56 69 95 64 86 92 72 70 71 80 91 83 66 87 76 91 84 78 80 63 99 68 80 85 92 53 91 92 76 61 
51 58 72 56 71 52 62 87 67 50 56 93 85 89 84 57 80 65 82 54 95 95 89 92 87 93 50 54 87 94 92 97 94 79 51 54 88 78 90 72 56 86 87 71 59 73 56 80 75 81 94 73 76 83 91 73 55 83 94 93 86 78 54 82 99 76 93 81 68 60 89 91 51 53 50 71 67 97 69 64 
64 64 50 92 72 70 61 80 57 81 78 54 69 59 68 67 83 99 69 66 68 58 82 62 56 62 87 65 64 80 84 79 50 54 86 87 58 60 78 76 92 95 70 86 85 87 68 77 56 84 64 50 71 85 90 80 56 73 54 96 80 71 79 95 91 73 57 68 57 86 73 88 77 76 56 55 83 65 78 96 
54 93 53 73 96 71 70 72 75 97 78 78 70 98 66 77 82 63 57 53 94 83 78 76 85 54 98 98 59 98 97 53 50 77 79 81 83 54 65 65 86 58 86 82 84 75 89 83 60 51 94 66 63 85 68 67 73 79 76 71 97 83 64 96 55 55 75 56 54 82 65 92 97 55 75 90 98 62 87 97 
73 53 93 93 98 85 99 63 52 74 86 76 58 83 90 97 89 71 72 59 80 66 88 93 98 73 75 91 72 79 91 58 50 50 84 58 75 51 82 74 90 55 71 92 79 90 85 60 79 72 65 95 50 84 60 85 68 72 88 62 86 53 81 87 77 87 77 84 51 54 63 51 50 82 79 59 89 73 68 57 
99 90 89 58 57 83 73 63 62 80 59 88 99 69 69 61 71 89 71 86 87 83 94 65 87 68 76 86 87 99 64 68 96 71 68 71 81 89 61 75 63 87 83 66 97 56 65 52 58 70 58 97 98 73 66 76 70 97 60 67 67 75 86 61 79 80 66 66 73 84 69 70 79 65 83 62 93 65 89 72 
89 63 74 67 74 72 65 98 59 98 71 87 76 89 58 90 61 93 97 88 79 95 99 57 86 84 60 50 83 98 55 84 90 60 61 71 84 65 81 85 78 74 95 76 90 68 77 84 78 75 71 58 61 74 84 83 61 72 96 59 81 52 99 87 53 70 89 61 65 68 95 89 98 70 94 61 86 74 72 90 
73 89 51 86 88 70 82 93 82 61 69 59 71 94 95 83 53 60 78 94 68 82 96 50 60 81 87 98 81 86 71 85 87 69 55 61 80 76 62 62 59 82 93 85 95 72 53 96 56 83 95 50 87 77 58 92 77 80 94 74 59 77 70 94 60 94 82 59 84 63 71 60 88 67 88 98 94 81 97 95 
88 65 77 93 50 51 67 55 70 87 66 79 58 70 52 80 69 69 72 82 97 87 75 64 89 88 64 98 94 73 89 54 54 86 91 92 73 77 95 60 76 71 64 69 51 82 90 78 70 82 52 98 84 91 51 96 74 71 97 90 60 91 51 67 51 72 97 76 71 84 60 50 69 99 60 98 97 69 87 62 
55 59 97 87 94 96 99 75 88 88 95 54 62 52 56 68 90 86 54 95 63 57 62 80 55 96 59 87 73 57 75 76 96 96 67 51 84 80 94 99 96 97 98 59 72 76 53 89 71 97 87 61 89 87 94 99 99 97 91 82 92 80 55 68 68 67 77 55 87 96 93 87 83 71 82 51 55 57 62 86 
60 91 91 57 57 97 68 84 52 75 94 80 87 63 70 66 92 71 63 80 56 81 85 66 51 90 60 92 90 97 63 57 51 77 57 51 86 81 54 80 88 68 77 65 61 70 65 73 83 71 86 75 73 51 60 53 78 87 96 73 51 52 75 85 54 91 73 53 71 79 80 77 79 81 83 63 72 91 61 53 
58 53 88 52 70 67 65 64 77 56 68 95 87 75 98 55 86 74 57 98 76 72 66 87 89 55 77 50 60 80 92 52 51 85 63 81 52 81 96 59 60 93 65 60 55 58 97 55 69 60 72 88 86 67 72 92 87 70 91 54 77 83 76 92 71 68 99 58 53 85 85 65 85 81 89 94 54 59 77 82 
64 61 81 74 67 58 61 78 65 61 86 88 64 86 60 76 55 85 62 73 98 76 98 81 79 66 76 60 88 80 86 90 93 84 92 66 82 59 79 96 64 78 80 83 56 98 66 56 98 97 77 70 99 77 56 73 69 63 50 88 67 98 77 72 85 89 53 54 77 65 99 78 55 82 67 64 97 73 88 68 
70 52 72 76 59 59 98 51 99 85 68 80 72 90 81 98 70 64 67 87 58 91 85 65 93 86 75 84 61 60 82 58 69 94 64 96 99 66 65 59 68 77 96 87 63 84 79 50 87 65 60 59 95 60 83 87 98 77 66 70 59 53 51 78 68 70 77 69 86 79 98 73 60 85 55 77 57 97 74 85 
72 80 57 69 64 77 78 58 56 62 63 62 70 78 67 88 96 51 89 83 55 96 58 57 69 54 89 88 62 78 50 65 95 78 70 69 84 88 57 94 70 84 55 89 77 83 76 61 95 92 52 95 74 69 77 54 78 74 98 98 87 84 75 89 83 79 94 77 69 51 87 89 86 63 75 76 89 62 54 52 
84 71 96 65 98 87 78 57 64 51 60 82 66 83 61 54 68 53 96 55 99 50 54 55 88 53 72 84 67 73 75 72 95 77 54 57 82 91 89 59 55 80 85 62 90 76 85 62 75 63 94 56 82 68 58 52 61 70 79 90 59 57 95 65 57 84 69 55 86 75 97 82 60 71 95 70 78 58 65 73 
71 80 53 66 81 76 76 88 97 81 88 72 92 94 61 71 71 64 87 59 59 75 92 88 65 76 55 74 76 71 89 64 96 89 91 56 95 64 70 81 51 51 64 81 90 88 95 66 88 82 89 88 98 59 91 80 90 72 85 68 93 91 75 71 52 87 88 59 54 67 91 79 50 96 66 78 53 65 63 50 
93 92 68 55 84 89 88 91 52 69 68 70 93 83 76 56 99 50 83 92 92 83 72 99 83 50 79 61 59 59 50 50 84 84 71 99 63 77 65 75 85 99 83 95 67 84 95 70 83 56 74 60 69 53 65 56 59 58 86 71 79 78 90 54 66 91 67 74 91 98 99 90 92 66 66 86 82 82 79 78 
69 57 87 92 77 84 88 51 97 77 65 92 71 75 67 62 93 56 69 63 51 89 63 67 54 86 94 74 62 84 94 71 81 79 66 57 56 80 60 79 56 94 95 79 59 97 59 88 81 58 60 53 54 63 71 94 96 59 56 88 57 59 90 56 59 56 70 82 80 79 61 55 96 78 97 50 69 59 75 93 
73 78 94 59 87 60 73 94 57 51 87 56 82 83 93 77 71 55 95 88 83 78 68 61 65 97 55 66 76 94 96 51 95 70 74 65 87 78 56 70 91 57 73 78 79 86 79 54 87 70 59 58 77 70 93 89 74 78 85 81 59 96 98 89 83 75 87 77 88 94 81 73 94 55 77 71 65 52 85 94 
69 98 73 94 87 52 71 79 98 76 63 64 58 75 57 67 68 77 75 71 57 57 60 80 90 60 95 79 85 81 90 65 70 75 50 98 57 59 80 56 73 78 66 74 83 66 60 75 76 96 70 56 73 67 67 69 79 51 93 82 63 66 86 75 93 95 70 73 86 66 66 55 80 96 59 80 97 60 92 71 
83 98 86 77 84 65 58 53 51 60 82 93 86 84 69 94 92 87 79 69 56 72 54 64 65 63 95 57 65 88 81 69 83 90 53 76 72 54 69 80 95 54 99 81 99 71 85 80 75 79 83 86 78 73 61 81 93 54 90 62 93 60 91 64 73 95 50 67 66 55 61 71 56 68 69 66 54 60 56 89 
68 55 59 63 85 87 78 93 79 86 81 90 77 89 85 84 89 92 98 75 73 56 97 99 63 54 79 78 88 88 86 62 84 95 62 57 93 84 93 83 87 69 66 57 55 57 76 66 77 57 69 55 74 70 83 69 98 68 69 55 60 69 93 83 56 72 52 75 88 74 89 96 94 85 81 65 94 89 74 87 
88 96 87 85 58 90 92 64 58 89 66 67 92 94 56 61 72 73 89 95 70 76 78 75 77 81 82 63 50 98 96 59 89 67 58 66 90 86 96 85 87 65 59 73 79 92 57 84 52 93 54 67 97 59 71 84 62 86 95 70 79 72 63 87 70 91 89 55 72 94 60 89 82 66 56 97 92 97 52 93 
71 82 97 59 86 55 70 58 89 55 57 65 78 66 83 89 60 64 57 98 75 71 86 91 81 54 50 66 88 59 63 60 81 81 79 57 98 88 56 60 55 55 73 95 52 82 80 80 59 87 54 92 83 82 77 76 51 90 81 52 96 78 90 82 67 60 76 88 78 59 75 79 51 56 61 91 97 74 51 86 
57 88 57 69 82 88 79 55 58 90 69 59 82 53 80 99 60 64 99 62 99 77 51 85 54 94 64 59 54 75 77 58 98 55 78 99 62 52 83 97 95 75 69 96 90 54 84 99 69 59 89 87 96 58 62 81 82 63 56 57 56 64 70 73 70 95 78 70 55 80 53 58 58 68 73 69 68 77 64 65 
57 97 87 90 99 80 90 52 83 50 56 96 56 86 78 82 66 88 58 92 67 92 60 84 60 93 80 80 98 63 63 66 55 96 84 66 84 85 95 59 93 79 64 64 75 65 98 97 92 62 96 54 57 63 74 63 88 84 55 67 73 74 51 68 53 54 90 76 60 52 99 50 92 65 79 51 57 68 94 90 
66 96 84 66 50 98 56 84 67 78 89 79 88 81 98 71 56 84 74 64 73 78 56 86 60 65 53 80 69 97 93 79 78 74 94 80 79 69 83 83 59 84 58 59 50 62 66 93 86 68 64 50 84 95 77 94 73 59 56 79 62 60 61 52 57 77 80 67 69 52 81 63 55 89 72 89 84 56 65 50 
60 94 72 71 82 99 87 75 85 98 72 68 95 63 86 64 65 60 82 70 54 88 90 67 65 60 94 83 81 98 99 78 79 82 78 89 91 77 55 65 63 91 69 77 83 71 50 85 55 56 70 77 64 88 53 75 65 56 87 94 59 89 76 54 85 70 85 66 68 69 56 79 78 85 98 99 71 62 60 54 
79 80 98 85 79 68 76 76 66 81 82 98 63 76 70 70 77 82 97 61 74 81 79 56 81 71 76 82 84 91 96 62 50 81 73 66 77 78 68 84 83 85 78 70 63 90 68 75 86 51 76 76 81 54 68 81 53 78 52 80 70 98 70 84 94 61 78 74 50 63 80 84 59 67 59 53 79 98 87 91 
78 73 92 91 78 86 53 69 70 78 98 84 67 90 78 63 90 57 88 75 55 97 56 62 75 73 66 77 80 88 89 90 59 93 53 88 83 69 80 71 78 88 56 76 59 81 59 68 84 60 70 87 77 65 83 62 75 95 59 80 69 85 60 74 99 93 63 74 61 86 50 76 59 60 57 83 95 87 78 73 
85 54 85 72 87 59 86 59 74 50 50 58 67 99 81 74 78 84 63 97 85 72 79 63 96 62 50 79 50 99 92 50 55 61 57 80 91 60 77 51 98 57 89 93 86 52 81 85 52 80 93 94 89 69 58 76 63 92 52 94 53 55 79 56 78 89 64 84 86 73 85 54 86 64 74 83 62 66 88 93 
72 93 57 70 81 83 56 91 66 72 66 87 50 95 95 52 67 73 65 96 85 57 66 69 98 77 94 85 85 70 68 97 64 60 64 99 53 95 57 68 84 76 52 83 58 50 55 85 55 68 74 83 64 67 99 84 60 77 61 56 63 61 93 57 77 51 73 64 76 68 98 87 91 79 94 53 71 72 62 76 
57 95 50 68 69 84 71 96 85 72 61 90 59 89 79 68 91 85 76 72 54 50 59 88 87 73 97 65 81 65 58 60 91 95 76 60 82 67 72 88 82 75 97 96 71 52 69 84 95 74 75 63 88 65 58 80 63 91 81 50 76 57 52 98 53 57 97 94 69 73 63 86 89 76 76 56 52 75 50 71 
58 72 89 87 84 65 94 66 62 91 87 50 63 76 92 52 93 93 68 56 57 64 69 88 71 94 90 95 76 51 87 90 92 50 51 77 56 75 76 91 97 93 80 50 64 75 56 85 77 68 62 57 84 61 53 67 60 92 66 77 53 55 64 94 78 59 70 78 76 57 51 63 61 82 76 71 50 79 61 99 
82 53 93 63 62 56 77 90 57 77 65 88 54 69 56 96 90 56 56 78 79 67 63 97 80 78 73 76 82 81 50 57 96 93 78 66 99 70 71 64 69 57 71 54 81 63 52 89 96 72 96 65 90 58 99 88 96 67 62 94 89 90 95 50 64 74 81 70 97 72 73 57 75 50 69 55 59 67 61 50 
90 91 65 52 83 52 63 56 74 97 81 65 86 81 69 63 91 63 56 98 64 54 66 66 89 67 59 87 60 70 90 98 87 82 90 55 63 66 92 83 86 55 63 58 76 83 67 65 76 96 50 55 54 85 67 60 96 83 76 57 78 55 59 75 74 68 85 89 52 80 61 96 61 92 57 65 84 61 58 76 
85 62 53 74 70 53 74 64 71 54 66 58 98 55 73 72 51 93 59 76 57 71 62 59 54 71 55 90 65 80 97 64 57 70 84 83 64 96 63 79 70 79 68 61 93 93 75 71 92 56 71 54 55 52 57 64 73 52 60 78 95 60 79 97 72 75 90 82 71 79 51 98 57 70 77 76 65 74 64 97 
58 55 75 79 53 56 85 85 90 77 99 92 94 81 72 73 85 65 99 84 76 66 83 83 68 99 80 53 64 68 71 98 86 84 60 70 99 58 73 90 56 55 99 74 83 95 90 90 94 86 90 66 57 58 85 84 65 91 97 56 66 95 59 90 58 51 81 71 65 53 92 82 61 63 93 95 77 87 80 54 
85 80 51 93 84 98 85 85 55 62 85 78 95 66 52 65 94 57 70 50 68 60 54 95 93 83 74 99 84 72 77 54 89 78 67 56 72 61 58 58 52 83 55 87 97 63 63 51 96 93 63 63 73 64 66 56 82 71 64 81 94 57 89 93 82 73 50 57 85 80 62 75 72 54 93 81 73 92 57 54 
77 65 93 77 60 91 66 83 80 94 54 52 86 85 51 79 56 98 73 50 92 62 87 78 64 62 57 63 60 63 82 80 64 52 54 98 91 69 67 76 83 79 94 98 96 63 55 68 99 75 98 74 52 70 54 57 51 96 90 64 87 78 87 56 63 75 71 80 96 61 52 87 63 67 62 77 59 65 92 68 
91 56 86 60 55 57 98 71 86 53 79 50 73 99 82 57 55 71 66 80 82 71 57 72 66 96 73 73 95 89 70 70 74 56 91 63 81 65 71 51 97 77 54 53 84 77 52 50 81 92 88 57 94 92 89 56 50 64 77 67 62 67 50 58 66 77 98 55 70 55 65 51 86 58 87 70 64 99 62 94 
78 68 54 65 61 51 73 54 59 85 50 93 55 98 85 74 67 74 87 53 95 71 98 61 94 63 72 78 70 68 76 82 57 72 96 99 94 61 72 65 54 93 64 95 76 82 79 74 56 91 84 55 91 54 56 92 88 90 73 87 97 51 95 81 70 58 70 73 80 59 91 91 58 76 94 88 89 90 66 69 
85 52 56 91 83 86 59 54 94 73 58 87 82 54 83 53 63 71 90 95 99 74 67 96 53 55 65 98 73 93 68 85 72 79 92 74 76 85 86 59 76 89 81 94 50 52 67 56 92 63 82 94 75 74 77 52 53 87 90 91 98 77 69 78 50 52 81 66 73 50 87 86 55 59 52 60 67 98 60 97 
54 85 57 56 77 73 74 77 88 68 82 88 94 99 65 63 74 67 62 88 99 65 64 77 60 64 97 65 80 57 72 72 52 85 78 61 58 82 76 80 66 66 55 95 85 72 55 92 51 91 77 64 53 84 89 76 65 93 56 86 75 80 99 77 66 57 87 92 93 68 78 97 78 77 51 79 90 94 89 62 
84 57 52 86 54 59 51 90 85 86 86 70 85 64 57 84 75 69 53 57 74 85 56 53 99 57 87 56 61 89 76 64 65 63 98 95 60 51 74 54 66 92 53 54 88 90 81 97 95 61 90 65 75 75 55 75 51 72 76 99 96 57 57 66 79 58 61 78 93 54 92 50 84 83 99 79 87 90 77 85 
60 50 76 69 73 72 72 52 93 65 61 95 95 54 98 54 87 96 65 93 50 57 91 69 97 87 66 93 72 65 61 70 89 58 54 75 66 66 74 53 88 78 60 74 55 62 78 94 55 62 63 50 62 80 75 57 77 53 83 90 99 54 64 91 63 64 86 79 94 80 94 94 60 54 70 76 71 91 86 59 
92 50 52 78 69 97 95 74 68 72 62 98 65 80 68 56 59 83 58 82 98 85 76 89 81 79 75 77 92 94 90 73 89 80 80 76 94 83 58 97 99 59 56 62 82 67 55 77 71 97 85 96 86 91 65 88 72 85 53 89 93 92 81 77 94 72 99 78 73 69 55 51 68 61 98 90 85 91 73 52 
50 64 85 95 69 73 65 87 59 57 60 85 82 83 74 90 66 55 85 86 70 98 85 96 64 93 57 84 72 66 63 66 83 98 91 64 54 85 72 50 53 80 68 92 66 69 95 96 69 75 95 84 71 90 92 65 66 74 57 54 52 77 70 69 88 72 89 73 58 81 56 92 53 82 60 72 65 88 50 54 

