2
80

99 64 
53 80 
84 64 
73 76 
59 68 
92 87 
65 68 
73 54 
82 78 
80 59 
57 63 
62 64 
69 94 
50 86 
74 67 
98 76 
68 99 
98 66 
92 96 
89 55 
81 61 
53 96 
65 54 
73 96 
98 57 
86 93 
72 67 
60 82 
52 69 
77 82 
86 88 
97 73 
77 74 
65 65 
87 55 
83 94 
83 58 
52 82 
58 60 
68 83 
79 63 
99 95 
91 77 
54 98 
67 66 
88 67 
58 92 
89 65 
73 69 
78 66 
82 76 
77 96 
89 50 
94 50 
51 96 
59 99 
98 73 
72 95 
95 66 
60 88 
56 72 
98 82 
71 65 
66 80 
82 97 
55 60 
83 87 
94 87 
77 78 
94 99 
74 94 
74 82 
95 52 
76 61 
92 97 
99 97 
59 82 
82 57 
87 68 
57 66 

66 62 51 63 59 67 75 51 63 67 59 67 84 62 95 93 93 63 56 50 83 88 95 85 80 59 95 77 77 64 75 73 76 61 66 50 81 62 54 75 70 78 78 85 55 79 80 64 60 63 65 78 88 95 83 96 67 98 91 65 61 89 94 57 81 68 86 63 93 95 97 97 64 93 62 62 69 56 75 65 
89 77 99 75 63 87 66 51 75 78 79 55 51 98 72 57 73 60 93 51 55 60 93 99 60 68 97 55 82 70 98 57 80 59 53 67 90 89 70 65 57 93 71 81 97 62 80 59 56 87 97 50 76 88 66 83 62 86 77 61 92 52 87 69 57 75 73 97 53 84 78 79 95 62 80 76 66 53 95 94 
85 93 98 95 57 79 59 94 56 65 50 75 80 60 95 68 89 74 90 53 54 73 97 50 77 70 76 80 74 50 53 66 63 75 96 69 79 84 72 98 70 71 52 53 70 56 92 57 79 74 92 57 51 57 76 91 86 99 81 57 89 54 50 63 91 89 58 77 97 52 92 71 53 74 97 72 97 51 66 50 
52 89 64 87 54 62 68 79 86 95 91 59 59 53 70 70 98 52 97 95 55 82 88 95 81 83 88 98 60 66 82 89 62 76 86 59 95 94 91 79 65 89 64 75 55 81 58 81 80 77 67 93 71 58 69 69 64 56 53 94 61 50 62 87 78 79 62 97 61 53 86 79 74 50 81 74 56 82 92 55 
72 81 65 84 76 91 54 54 99 57 62 95 93 88 82 56 53 97 87 65 68 81 98 93 63 70 88 91 50 55 76 99 61 60 94 86 51 93 94 55 59 84 58 80 92 76 63 61 96 55 56 86 62 91 59 80 50 87 93 65 54 71 52 70 92 92 95 93 67 58 68 59 56 97 61 98 83 55 62 88 
67 88 99 60 61 57 67 52 66 60 88 59 87 90 52 98 88 67 88 83 74 97 86 88 78 92 56 89 87 95 69 85 95 95 74 82 77 70 58 61 73 57 60 53 84 54 59 98 71 91 71 52 96 75 73 72 95 88 80 55 85 67 71 70 87 83 98 71 93 89 75 85 61 81 96 95 88 85 71 72 
90 79 58 71 50 69 82 81 93 60 67 57 60 88 61 58 68 54 99 89 88 71 87 90 74 88 54 66 66 83 96 94 51 81 68 99 87 74 61 80 85 91 60 68 94 70 59 65 91 95 66 93 51 65 73 59 99 65 80 78 98 75 83 62 77 80 52 50 80 74 59 50 80 87 90 89 68 82 93 87 
82 78 83 77 97 63 87 59 91 95 72 95 53 75 99 93 87 94 60 60 50 88 88 80 72 62 97 67 51 96 81 70 79 70 83 99 82 52 71 96 56 71 79 85 90 59 71 62 76 79 83 66 77 94 96 88 85 64 73 57 95 87 80 70 64 57 75 94 72 74 61 76 67 84 66 63 65 62 66 61 
67 54 93 67 87 61 75 62 82 61 68 78 74 86 97 70 69 90 99 53 76 57 65 64 51 93 77 95 91 56 75 89 76 97 65 64 88 93 97 91 65 52 61 55 50 60 95 81 63 80 92 53 70 90 75 92 50 93 64 56 61 66 94 92 89 80 54 63 72 66 65 86 70 88 70 52 93 65 97 72 
86 95 50 84 64 73 75 65 72 85 81 88 91 71 62 88 88 51 61 69 50 79 62 76 54 83 72 91 98 51 66 83 50 68 53 71 63 55 91 97 96 80 58 52 67 98 71 56 61 86 94 62 82 80 88 87 78 85 72 77 80 61 63 52 79 53 77 67 54 75 62 71 56 88 86 91 51 65 98 78 
77 95 69 59 96 66 71 74 52 96 67 98 73 62 52 66 67 87 55 68 82 60 68 71 63 67 92 52 57 78 54 76 58 98 97 98 67 76 60 92 84 76 78 92 68 85 56 85 78 81 87 62 62 91 78 63 74 51 77 54 50 70 51 85 73 75 65 89 62 78 99 53 98 89 66 95 50 96 53 73 
85 78 80 84 92 95 75 68 80 80 84 51 67 64 85 61 57 85 76 75 76 74 65 77 80 83 50 50 70 51 72 57 93 51 73 70 50 57 88 61 97 60 94 97 96 64 75 85 65 90 82 66 90 65 95 73 60 97 58 90 81 99 59 57 75 72 70 82 87 54 66 87 55 75 97 70 62 86 90 66 
57 74 77 86 90 87 69 86 52 66 95 55 99 54 79 83 61 85 87 91 59 59 75 55 85 51 73 72 99 71 90 83 86 83 53 95 88 68 96 56 54 71 82 94 91 84 69 95 63 99 55 79 75 84 80 61 63 91 99 82 51 82 68 84 96 80 74 51 73 56 53 96 63 90 91 90 76 55 97 90 
55 86 52 92 62 75 65 73 93 82 78 64 97 94 98 67 60 52 62 71 93 96 61 99 63 68 74 64 98 52 90 99 65 87 76 81 87 93 65 74 55 60 65 73 81 68 91 72 54 52 94 96 83 89 72 60 51 88 78 93 66 95 71 73 65 99 66 92 88 66 73 98 94 52 76 50 56 80 59 84 
62 74 94 99 98 70 74 62 51 61 68 69 90 84 59 77 53 87 76 70 64 87 53 82 52 98 91 97 54 55 80 96 80 69 79 77 78 68 55 99 63 93 51 95 58 55 89 95 67 79 76 67 66 81 55 87 86 76 92 82 64 95 65 56 81 88 83 75 74 99 84 62 67 73 88 86 92 75 77 98 
86 90 74 60 74 52 63 62 85 63 87 98 63 82 68 98 95 80 96 86 91 64 54 91 89 76 78 72 87 58 84 64 86 58 69 84 87 71 61 65 51 88 87 84 51 94 52 77 93 95 66 96 90 87 59 59 97 52 90 87 90 89 99 57 63 53 84 54 97 57 96 71 51 67 50 72 76 62 54 77 
62 75 98 89 89 75 61 70 96 64 95 80 74 58 59 53 86 71 73 73 56 82 57 69 90 58 68 80 83 98 74 91 84 72 93 76 66 59 63 67 62 98 55 99 55 71 68 86 85 61 62 86 56 58 67 93 78 73 57 69 79 57 99 63 64 79 79 87 93 71 90 94 52 52 69 90 91 83 59 76 
72 89 80 55 85 88 91 97 52 62 50 65 95 58 89 87 75 98 99 78 52 56 55 58 76 58 83 54 95 66 93 63 97 95 60 96 97 69 70 89 67 61 70 57 78 68 52 73 50 69 76 73 59 60 76 61 78 77 80 98 75 59 95 98 66 86 97 96 74 90 81 54 64 80 86 71 95 50 83 89 
88 64 67 89 82 69 76 56 98 53 73 70 80 83 54 98 69 57 97 71 61 88 65 73 71 96 51 72 55 72 95 53 71 60 80 83 88 56 78 85 58 60 96 98 94 55 83 93 97 83 51 75 56 55 50 80 81 81 80 53 72 68 59 71 60 54 53 59 69 86 86 70 99 67 92 55 80 66 50 83 
92 76 58 71 75 92 74 93 85 75 73 74 83 74 92 97 53 86 61 75 61 66 53 68 77 99 66 62 69 65 58 93 84 87 97 75 56 51 98 83 83 93 51 79 78 92 84 98 62 53 97 58 69 92 67 62 59 98 65 91 66 54 67 98 61 60 73 98 81 99 64 65 54 68 60 75 80 79 61 58 
94 86 84 99 75 70 54 56 85 99 84 99 88 67 63 50 70 86 69 99 52 85 99 53 69 57 54 99 83 74 66 51 50 89 60 53 67 91 80 83 63 94 60 71 67 65 68 95 97 90 99 77 52 50 97 55 63 50 85 52 93 82 97 50 74 62 99 77 86 96 85 94 57 83 63 81 83 99 77 53 
78 58 74 55 85 80 71 72 52 99 52 92 84 89 97 53 52 57 52 88 98 74 83 53 52 50 95 86 76 68 71 64 71 72 61 99 69 94 99 98 79 53 94 53 83 61 62 81 52 63 63 63 55 59 57 92 80 67 79 97 84 79 50 87 76 73 68 57 96 98 71 52 83 60 65 54 52 71 81 62 
92 79 97 53 72 59 84 52 97 56 74 78 55 74 73 93 86 77 80 81 73 72 93 84 53 96 99 89 57 84 97 92 75 82 88 79 61 89 92 67 77 54 83 55 57 60 91 74 95 66 65 69 57 71 80 93 68 60 93 96 89 78 62 55 92 77 86 78 62 85 70 72 77 53 80 84 50 76 83 62 
54 68 74 89 54 96 99 58 79 60 79 80 52 87 66 99 64 60 60 57 81 67 52 92 53 55 52 99 56 62 96 52 94 63 66 74 53 85 79 52 83 79 78 70 77 66 98 87 61 61 99 87 98 61 70 69 85 65 63 54 91 70 70 87 97 58 81 81 84 94 73 75 52 61 71 78 69 64 89 71 
72 84 70 96 63 87 67 55 93 62 70 75 67 67 56 56 69 69 63 56 87 61 57 85 56 82 65 83 57 84 59 95 76 60 79 61 59 61 53 96 86 74 95 51 95 68 52 56 82 91 91 62 87 59 88 80 91 95 87 70 86 73 66 63 81 84 57 59 51 78 62 87 91 80 60 85 83 81 58 66 
85 74 93 68 81 52 63 82 69 86 70 60 59 94 88 79 83 51 58 85 70 64 94 53 90 89 55 74 79 53 94 56 86 50 65 50 82 62 78 66 94 89 76 90 77 51 83 57 81 67 85 70 99 57 70 69 89 97 97 97 78 69 91 92 91 59 54 83 65 57 98 91 91 64 87 76 92 54 67 68 
53 62 80 72 90 94 50 89 69 97 73 55 87 84 97 86 71 96 78 94 88 73 92 82 60 95 97 56 51 73 84 87 68 52 75 68 59 52 62 54 70 83 74 70 85 67 61 55 81 92 98 68 81 82 53 66 74 98 64 80 59 76 51 66 64 84 52 97 95 80 91 94 66 74 78 75 60 53 62 62 
88 86 93 85 52 53 75 54 65 84 66 93 76 68 91 65 86 78 68 54 96 90 98 63 90 90 81 63 70 90 95 95 96 79 69 79 64 58 92 72 79 57 52 87 55 84 94 97 89 51 94 65 62 55 65 90 73 52 97 51 72 68 86 71 57 92 67 97 87 74 54 97 81 56 64 59 95 97 82 56 
90 88 86 68 82 99 87 73 51 76 69 50 57 58 81 85 64 81 91 97 51 55 85 77 65 86 68 51 71 69 69 70 73 81 67 96 75 61 76 66 82 62 53 78 74 80 80 66 98 66 73 79 84 57 67 93 74 64 57 61 57 75 99 92 96 54 56 71 87 90 63 50 71 60 94 82 72 69 91 54 
60 70 61 94 70 60 97 54 53 64 88 50 65 54 91 95 78 64 60 52 76 53 60 77 76 59 86 97 57 95 99 80 94 84 78 81 55 57 83 97 89 91 82 64 71 74 99 64 63 50 79 51 91 95 97 93 69 57 85 78 71 87 97 73 69 64 95 95 73 60 59 70 88 96 96 74 87 91 57 89 
65 53 66 84 64 72 68 51 81 96 62 65 84 55 56 99 88 95 76 53 80 95 79 50 91 50 64 52 78 86 93 87 66 98 53 55 72 62 99 66 59 90 88 87 50 74 59 87 72 51 93 73 77 68 96 85 74 51 61 85 71 94 59 58 81 72 97 95 77 65 91 84 51 81 51 57 91 68 74 68 
84 99 61 55 96 56 76 53 87 91 52 56 64 83 77 95 95 51 65 94 75 98 55 53 89 61 59 97 53 87 91 78 72 64 52 72 80 99 62 74 82 75 98 54 72 68 58 53 61 93 67 99 81 81 79 79 66 61 92 92 61 73 99 66 73 79 82 83 95 89 57 99 67 54 53 86 80 93 97 64 
58 69 58 90 66 69 74 93 93 66 90 88 75 86 64 98 54 54 63 69 58 62 56 93 62 83 69 74 86 63 78 64 97 84 52 92 71 90 50 96 64 55 57 63 66 85 65 56 54 93 76 97 75 62 53 81 96 91 89 64 61 82 72 84 87 73 90 93 82 81 86 75 51 51 71 66 84 66 96 97 
93 69 50 86 90 69 99 95 98 90 98 56 76 61 95 56 69 83 59 72 95 81 97 63 81 64 90 53 65 81 94 86 55 51 94 60 91 96 58 89 52 54 67 76 79 94 55 68 71 54 84 70 60 73 83 75 59 76 69 95 69 84 90 68 87 84 61 63 84 95 69 89 76 72 93 98 55 77 96 98 
65 99 64 80 71 73 50 81 99 93 52 92 58 82 93 62 63 88 80 62 80 86 52 74 92 55 67 65 99 60 76 69 86 61 88 89 83 52 98 58 90 56 84 93 52 57 94 63 91 84 65 55 64 92 66 85 85 54 76 84 59 53 62 71 60 73 62 73 92 60 52 75 79 82 96 95 54 87 50 69 
87 52 68 59 66 67 90 94 70 89 68 97 51 94 96 61 52 85 76 68 83 52 58 59 91 63 74 58 63 54 98 50 99 68 92 93 88 82 86 84 55 51 71 79 56 98 84 79 56 99 98 66 74 61 96 88 50 78 74 97 98 80 68 94 86 80 85 91 87 89 61 94 83 80 76 67 71 98 80 87 
64 83 76 58 52 65 62 57 95 60 79 65 91 78 78 65 96 67 61 80 83 55 79 80 90 64 69 78 57 61 76 77 75 95 77 92 86 86 55 82 56 92 72 98 97 84 81 78 54 70 92 97 97 51 73 88 55 62 58 75 63 64 98 55 62 83 52 56 85 53 95 92 65 59 77 67 93 50 66 89 
97 88 90 96 96 73 67 89 81 85 50 69 91 53 95 60 61 77 94 90 66 96 57 61 52 70 79 91 70 64 87 99 61 98 88 65 86 57 99 55 66 59 78 68 88 64 76 67 79 50 60 55 86 82 51 53 63 76 67 97 75 73 58 81 53 71 92 50 61 84 83 78 96 53 65 60 54 95 63 54 
80 57 70 52 90 55 88 87 76 77 82 65 80 55 96 99 79 50 63 80 54 67 59 63 71 58 77 68 86 92 75 72 81 59 51 65 53 51 99 64 75 76 71 71 58 72 52 50 67 68 51 51 69 65 96 63 70 65 70 54 52 67 92 73 93 62 61 78 91 56 67 58 59 81 56 64 64 73 64 79 
93 50 74 93 83 99 50 66 91 58 93 57 76 78 80 78 88 93 98 59 66 75 56 56 73 80 50 91 63 51 85 54 74 62 91 93 85 95 53 59 85 56 63 76 58 99 82 92 97 83 95 51 93 92 70 67 87 91 56 95 88 93 82 86 98 67 79 68 58 58 98 65 59 63 86 99 54 88 66 51 
78 56 81 64 66 57 67 73 54 76 62 64 77 77 59 88 59 99 81 89 68 71 50 72 55 87 56 98 59 97 59 98 59 59 76 88 53 63 59 84 86 94 75 61 83 61 58 69 97 87 83 75 73 79 73 77 92 95 98 61 64 70 87 82 54 64 82 67 65 74 90 68 58 98 89 91 96 62 97 79 
70 73 83 84 85 63 81 58 64 86 73 82 96 99 87 86 79 51 97 83 94 86 63 94 99 85 64 88 93 59 92 61 90 62 98 52 58 64 63 77 97 84 61 96 97 77 78 56 65 87 92 68 83 80 97 83 91 69 73 95 76 89 79 73 55 72 55 66 60 52 90 80 73 97 75 54 76 79 97 54 
96 69 54 57 76 52 86 79 95 74 58 78 83 68 76 91 66 62 88 66 98 74 98 86 56 63 75 75 95 56 79 57 52 93 88 92 98 55 73 54 85 71 97 92 98 74 67 81 71 55 75 63 88 99 84 79 62 92 79 88 59 89 74 79 61 86 68 66 95 94 82 57 63 94 77 52 53 64 71 96 
71 66 66 78 86 80 59 56 89 96 60 64 85 61 56 99 96 92 94 99 61 55 63 97 77 75 72 86 92 78 51 85 69 98 80 55 77 55 51 68 78 57 51 63 91 83 71 94 88 78 86 58 85 77 67 57 97 51 78 80 58 72 89 67 68 71 89 77 63 55 95 95 55 88 73 56 92 66 96 92 
79 71 65 53 69 75 75 58 84 86 72 73 58 62 82 91 69 74 70 79 86 81 83 83 70 76 55 64 59 52 60 76 60 58 55 63 63 75 80 86 64 93 82 81 97 67 57 92 74 96 65 98 95 59 61 53 61 72 78 95 81 90 61 83 68 93 71 92 51 93 73 82 93 67 95 53 57 86 73 87 
93 83 67 57 50 73 75 65 56 90 64 93 97 74 84 59 63 97 82 69 91 83 81 64 78 96 93 55 60 79 63 66 63 60 68 54 85 61 66 96 94 51 59 83 78 63 75 67 60 95 56 52 90 50 50 52 91 76 99 77 86 84 71 58 77 97 80 78 82 73 52 88 54 82 87 90 79 58 64 63 
77 81 77 76 72 50 51 80 85 96 95 57 72 76 87 58 50 77 54 80 85 86 69 90 50 53 85 80 86 69 69 66 50 77 79 86 56 50 51 87 68 72 59 53 62 54 93 57 70 72 55 71 57 88 78 56 84 90 89 61 57 72 95 52 66 95 56 98 66 51 72 98 64 79 79 91 54 88 76 98 
97 60 91 74 66 92 90 64 63 83 54 92 61 64 72 52 52 60 57 87 66 80 52 59 57 75 65 56 63 51 58 99 80 51 81 82 96 61 74 96 68 82 94 59 67 99 83 64 93 71 55 89 73 79 93 53 86 88 50 62 93 96 65 51 76 67 93 83 93 95 70 58 95 78 70 61 95 92 87 80 
92 84 78 53 87 55 65 72 53 58 87 96 61 74 51 94 80 83 71 68 86 92 89 95 53 66 58 56 61 92 96 72 76 80 50 87 73 63 92 75 72 55 89 99 76 70 90 98 63 69 99 98 54 85 74 98 50 68 85 82 75 86 69 82 75 64 80 92 63 57 71 97 85 75 70 61 79 53 65 93 
50 56 58 74 99 89 57 88 63 89 94 62 67 95 77 92 73 65 80 58 64 77 89 84 70 76 67 52 59 53 76 50 85 61 61 94 72 88 81 82 55 92 74 54 93 82 77 81 72 90 78 70 79 87 85 66 89 68 83 81 91 74 72 59 51 55 97 71 50 81 65 84 54 83 60 75 50 55 58 92 
52 68 84 82 73 55 89 97 70 78 52 56 61 75 85 89 54 61 94 67 87 67 75 85 68 56 58 94 87 68 82 96 54 70 67 87 56 97 87 62 88 79 63 57 71 78 79 62 86 77 98 65 70 94 65 87 78 71 87 84 80 88 78 82 78 67 95 89 84 92 77 60 55 59 55 58 73 96 93 78 
60 76 58 59 72 90 79 60 75 85 68 93 79 79 63 54 95 87 58 65 88 58 55 56 81 75 68 54 90 68 59 64 50 58 79 70 87 67 50 65 88 79 63 93 80 61 53 96 67 89 77 58 89 79 68 55 93 56 77 75 89 67 69 59 93 85 56 81 91 51 78 63 70 98 52 54 92 68 98 90 
68 78 55 66 86 68 62 93 84 52 82 76 97 66 57 56 59 90 93 58 55 75 76 55 80 52 98 60 88 82 79 77 91 95 71 77 74 66 92 61 75 76 62 92 78 92 69 59 61 57 60 83 72 90 96 62 79 90 96 64 95 92 91 94 59 76 64 91 84 60 86 65 84 65 66 91 77 61 65 82 
70 80 59 63 74 56 51 55 98 87 57 80 92 60 53 77 88 65 62 55 74 58 55 99 75 62 55 58 65 52 93 61 66 70 73 74 52 72 50 91 90 97 78 85 89 58 89 91 58 62 51 72 95 64 91 54 89 57 92 79 57 65 58 69 66 74 97 88 52 56 88 90 96 61 97 67 96 50 65 82 
89 92 98 90 99 95 98 65 64 70 76 84 69 93 65 50 80 88 53 76 94 81 72 55 98 56 54 66 64 71 99 65 99 93 96 92 78 95 98 93 63 74 78 56 55 61 66 75 64 95 88 91 74 81 88 79 99 87 88 71 76 89 61 61 79 58 57 95 78 52 82 53 99 62 66 50 90 50 89 61 
75 69 70 92 86 84 74 59 51 66 84 93 88 63 66 93 52 63 75 98 78 99 97 94 66 58 60 95 60 67 63 60 81 58 65 53 76 60 93 92 63 64 81 65 97 95 53 94 56 85 94 68 85 98 88 89 89 71 86 72 86 97 99 53 77 96 73 86 76 71 67 65 72 62 94 50 83 61 64 58 
99 85 73 97 94 74 82 81 88 53 58 56 72 75 55 76 69 62 51 55 50 67 61 88 61 78 93 89 95 95 74 50 67 93 53 61 98 69 95 59 67 71 65 83 94 52 90 53 71 89 56 79 92 80 54 88 58 71 92 95 56 71 83 78 96 66 87 71 74 67 55 90 86 70 77 59 76 95 67 88 
85 77 82 58 84 85 86 82 93 81 63 97 81 60 52 91 83 98 96 62 72 81 51 57 88 69 94 89 85 80 93 81 81 68 72 52 71 65 82 86 85 95 59 93 53 70 90 75 55 89 57 55 60 51 95 66 91 65 60 98 96 66 59 52 74 80 69 99 98 56 55 66 53 91 91 63 83 61 57 96 
96 79 60 90 70 86 51 93 50 66 76 90 72 51 91 85 87 68 99 55 81 77 84 50 99 90 60 97 83 70 83 77 74 97 82 87 59 80 50 70 94 81 57 77 67 65 73 99 66 96 71 51 81 63 90 72 52 72 98 51 81 77 52 96 80 51 61 98 91 50 93 74 73 68 63 71 65 79 92 86 
51 71 92 93 88 60 56 71 88 76 57 77 67 97 71 63 53 69 72 81 93 91 93 69 84 74 94 68 82 57 61 64 57 78 64 54 76 69 68 90 64 57 91 99 78 85 64 93 85 64 78 70 91 69 91 77 50 83 92 52 74 59 61 61 60 95 58 52 63 68 63 66 59 51 83 82 65 52 64 85 
69 76 66 69 92 68 99 82 54 66 81 68 72 58 66 72 74 50 81 70 96 84 97 76 85 61 66 81 66 88 88 92 81 55 85 95 74 83 76 99 63 98 96 95 57 53 89 63 59 73 74 65 58 58 93 96 57 77 90 51 79 78 85 56 63 58 87 65 91 95 67 91 94 77 61 93 73 89 53 93 
91 50 88 55 67 70 99 87 58 69 70 54 88 84 62 83 72 77 55 52 63 83 53 85 82 66 98 75 60 72 72 81 72 87 51 69 57 99 87 60 52 54 93 79 82 53 97 88 83 88 93 81 76 87 57 82 88 88 71 80 89 83 65 82 95 99 95 76 84 64 50 84 75 54 75 73 93 62 53 88 
76 92 55 97 84 75 94 74 59 54 90 80 93 73 71 71 99 99 88 54 60 90 87 84 63 67 95 65 85 99 97 79 66 80 84 81 65 59 67 63 87 55 84 93 89 76 80 99 70 69 94 90 99 95 77 63 63 86 60 94 74 98 57 72 71 70 91 71 63 77 62 50 81 58 53 73 79 97 96 99 
98 88 81 62 95 80 57 58 59 79 52 77 81 71 62 62 96 56 64 52 56 84 51 51 91 53 52 55 64 83 57 79 74 91 89 92 64 61 72 88 89 68 87 96 77 83 77 91 74 61 72 58 75 59 80 99 59 50 79 70 72 88 94 58 64 73 74 64 64 72 50 59 89 86 63 51 64 84 50 76 
50 81 94 55 71 78 94 62 72 51 65 75 94 55 78 80 63 89 62 56 92 96 76 84 51 82 68 60 95 71 51 67 87 72 67 88 74 63 94 63 71 73 71 90 50 58 51 56 77 69 99 73 75 80 68 98 66 95 58 56 93 54 88 97 92 90 58 90 82 83 93 74 79 76 85 93 59 62 60 82 
90 86 84 57 62 68 56 89 83 68 71 96 98 95 79 79 71 98 59 67 69 82 81 81 83 62 68 62 52 72 51 61 81 66 88 94 60 91 60 88 68 79 75 69 94 62 75 65 87 96 57 86 87 94 55 93 53 59 65 84 95 85 62 57 67 94 54 90 95 90 68 75 55 98 67 76 81 61 96 61 
77 96 94 95 64 55 52 89 89 61 96 61 68 87 69 71 52 94 71 95 76 79 66 92 58 62 64 75 53 94 70 60 75 68 76 53 81 54 89 64 76 78 71 87 79 89 94 86 85 80 57 65 92 68 82 68 73 72 53 89 56 81 72 64 83 70 92 50 55 99 94 88 97 76 73 81 82 70 70 77 
71 56 57 82 73 52 55 76 55 83 83 67 75 53 91 67 62 65 83 61 78 93 92 94 60 58 93 83 85 53 92 71 78 76 91 50 88 58 80 71 99 70 87 92 70 82 58 93 54 75 57 69 66 77 94 63 53 73 68 53 56 64 73 71 60 87 91 54 89 57 53 80 73 74 92 76 58 92 87 71 
86 54 58 62 73 58 59 95 82 71 84 74 51 68 80 81 76 67 81 68 84 58 84 80 88 60 98 97 68 91 70 72 93 58 73 73 75 95 82 66 67 77 76 65 73 90 50 98 99 94 72 51 52 50 90 80 89 59 84 59 88 59 79 61 96 78 69 59 96 69 74 73 70 84 71 65 85 68 81 80 
93 91 58 70 94 77 73 95 59 52 95 71 70 79 84 91 58 98 77 66 51 72 90 54 88 95 59 79 92 97 91 75 59 89 57 75 80 60 57 50 64 72 61 85 97 68 79 82 67 83 58 71 71 77 87 69 94 78 68 92 90 54 93 81 81 96 58 79 70 91 64 64 50 96 73 71 68 74 97 58 
64 87 63 74 68 54 80 54 94 67 87 85 78 53 57 90 70 84 50 82 96 85 66 85 88 65 59 94 89 91 71 77 86 69 55 74 70 56 67 96 52 65 64 82 88 75 93 67 51 58 95 96 97 58 95 63 84 75 95 98 61 62 77 84 75 51 81 95 96 50 76 94 79 55 56 55 70 81 61 68 
63 52 98 98 95 58 66 59 54 68 94 70 55 94 59 87 69 55 66 62 75 59 79 72 82 57 99 68 88 78 73 74 92 54 91 79 81 88 60 98 88 92 63 92 93 96 81 87 95 66 82 52 76 96 71 72 69 71 95 93 97 82 62 85 60 57 81 68 93 53 62 92 81 75 94 67 85 77 69 60 
88 51 57 91 82 78 64 69 68 90 55 93 57 76 65 75 59 82 57 99 68 98 80 88 87 93 79 86 87 81 83 78 64 90 57 94 50 84 95 94 54 82 52 96 84 95 67 55 61 58 93 88 63 57 68 78 53 76 53 54 87 61 81 54 55 71 72 67 74 88 90 87 56 70 59 91 68 99 63 96 
62 56 55 94 60 86 59 58 63 65 65 88 92 84 79 99 93 51 74 80 55 75 70 93 77 73 62 87 67 50 85 76 83 87 72 56 51 83 82 64 76 51 58 56 94 81 59 73 93 56 96 95 85 71 60 55 99 53 73 86 96 73 64 96 62 73 98 63 90 86 76 60 87 73 78 93 98 69 53 89 
86 59 78 75 76 53 53 51 88 81 54 87 53 71 51 53 86 59 78 73 89 94 83 95 76 96 96 78 71 75 53 87 62 80 73 63 76 69 59 82 70 77 80 52 79 82 57 82 61 86 88 73 66 50 64 84 70 69 72 86 52 54 98 72 56 86 75 62 58 76 65 51 68 83 55 62 55 97 87 51 
88 98 79 84 91 97 85 87 84 99 74 57 54 68 72 68 72 62 55 93 80 84 74 82 82 83 90 59 60 61 56 88 75 72 66 65 91 78 93 59 69 85 51 89 68 97 83 57 80 64 67 81 91 96 80 67 71 73 98 66 65 89 97 96 66 81 68 97 81 75 57 78 95 57 53 58 77 69 97 60 
66 81 91 92 55 50 89 90 98 80 76 63 57 51 82 93 84 87 88 54 70 57 86 60 93 66 60 57 82 88 91 81 73 91 86 63 76 95 72 79 83 82 53 92 95 86 91 80 85 64 90 62 78 86 73 61 78 97 78 51 83 57 71 87 97 75 52 77 58 52 96 93 75 76 54 87 53 61 91 65 
81 50 53 72 72 81 50 94 76 95 72 81 98 95 72 75 81 64 65 74 98 79 55 87 56 56 58 65 82 81 68 76 98 62 72 71 94 70 78 67 97 86 74 83 90 79 96 54 88 98 65 58 84 62 51 97 80 89 97 75 72 92 83 76 66 61 73 63 52 95 82 91 98 63 61 81 91 53 78 57 
93 62 82 91 56 93 86 66 97 87 89 68 94 58 60 63 86 52 84 63 76 59 97 73 91 59 90 72 96 53 81 64 89 65 77 99 84 54 84 72 84 82 94 62 86 79 70 88 81 56 83 93 73 51 59 68 74 79 97 92 97 67 63 62 99 90 83 91 60 56 70 84 95 78 69 57 96 52 88 64 
99 80 56 78 83 52 99 88 78 81 64 79 50 94 90 62 91 76 75 54 82 54 83 73 62 92 71 98 87 67 59 82 65 67 87 99 51 65 75 72 84 81 83 98 69 55 84 62 60 90 59 51 54 84 52 63 54 99 95 85 57 54 86 82 55 96 66 77 70 84 66 63 91 82 56 75 91 53 76 71 

50 82 90 89 63 56 95 65 55 85 72 90 96 56 66 75 85 88 54 67 50 75 99 56 91 94 97 80 80 74 82 72 50 58 83 59 55 97 60 87 78 88 74 59 99 73 62 98 68 62 54 83 75 59 73 61 93 84 68 95 77 83 73 69 50 66 70 95 79 94 92 99 64 78 70 70 51 91 62 95 
91 77 56 76 52 58 85 57 81 92 61 67 53 67 63 63 70 80 82 97 98 86 78 75 54 85 52 76 90 97 79 96 60 65 63 83 69 84 75 77 68 73 54 98 73 76 94 51 66 95 64 56 63 80 57 83 79 92 65 57 55 87 51 75 69 59 90 98 67 72 51 77 97 90 60 84 61 75 64 55 
75 99 53 59 90 87 97 54 76 70 72 66 94 66 57 79 68 61 71 74 72 78 93 54 58 72 81 65 52 84 67 94 80 90 99 96 88 59 71 51 69 52 86 51 74 63 93 87 80 96 92 66 52 74 54 66 51 57 88 68 99 97 84 51 91 74 58 92 58 85 53 52 56 64 59 80 57 72 72 99 
88 52 79 69 94 80 60 88 77 66 51 77 72 61 99 79 96 61 89 62 91 73 81 54 96 99 70 57 72 97 83 77 63 89 53 79 84 73 75 83 74 82 57 97 97 86 99 80 61 96 75 76 58 91 81 89 84 52 91 86 62 79 65 78 94 75 53 58 71 56 67 97 77 85 77 88 80 54 72 62 
99 59 57 57 97 71 92 96 81 65 60 79 66 51 77 72 79 60 58 81 65 87 80 64 64 53 88 90 84 68 93 95 65 94 77 87 77 65 79 62 74 91 91 83 84 68 92 85 78 84 78 72 74 55 55 95 52 85 80 56 66 93 74 55 72 58 88 71 61 70 58 68 52 64 88 80 62 67 56 69 
65 63 55 83 99 53 85 94 56 75 64 78 84 63 60 86 67 91 93 72 99 80 55 76 79 81 90 55 80 86 83 51 67 98 71 59 70 66 97 54 85 55 99 81 88 74 84 64 89 73 60 55 99 60 66 76 93 68 58 59 79 79 50 50 83 78 51 97 55 65 90 52 54 83 98 79 78 79 69 76 
61 92 87 59 62 62 82 79 55 56 69 51 80 59 80 99 72 78 90 97 89 81 54 77 80 83 65 65 91 78 56 79 79 53 88 93 66 64 88 95 99 74 64 58 88 76 67 76 93 84 78 62 95 71 83 61 71 98 85 51 75 58 57 66 64 57 93 83 66 80 74 73 65 74 64 91 93 51 80 65 
80 59 86 51 70 72 50 89 81 65 90 56 68 57 53 83 77 88 87 67 84 50 72 70 80 56 89 91 59 73 83 52 98 69 64 85 78 93 69 69 76 87 60 61 98 57 91 86 90 92 88 83 70 67 96 64 62 58 62 93 60 98 85 93 54 56 86 62 98 68 69 63 82 58 57 91 71 52 70 99 
75 94 74 61 60 76 77 78 99 70 67 57 89 99 82 86 54 72 65 59 68 62 70 53 69 60 89 96 51 78 68 53 58 99 74 89 98 69 65 64 80 87 79 96 51 76 53 82 51 82 60 50 54 90 93 80 95 70 82 52 73 56 50 87 61 50 72 97 88 66 51 96 86 61 65 85 97 91 81 87 
75 77 74 54 60 94 84 54 98 79 91 97 56 54 74 70 98 86 76 88 55 75 77 76 51 95 89 80 87 53 73 53 92 68 72 56 50 70 56 54 75 89 74 61 61 89 62 70 71 58 51 95 68 92 76 78 90 65 96 58 98 93 63 50 90 94 83 58 96 79 85 82 52 67 52 81 99 59 92 94 
55 60 99 54 68 91 58 57 50 74 91 86 93 60 92 61 72 61 75 57 51 98 78 76 68 63 83 86 75 61 69 80 54 58 63 69 54 97 65 73 82 64 69 70 97 62 58 51 78 74 57 83 63 88 54 57 72 81 53 80 87 55 85 86 82 72 87 73 56 64 93 64 70 60 85 99 54 58 62 62 
93 73 86 75 68 58 58 63 97 50 78 66 60 52 68 50 66 91 59 87 58 55 58 67 77 60 77 75 84 78 83 60 58 89 71 56 75 64 71 57 61 61 99 53 80 52 56 99 68 86 94 95 74 51 99 91 62 53 98 82 85 63 97 76 72 88 89 78 56 53 86 61 71 66 94 66 73 87 91 83 
50 92 88 50 79 70 58 88 88 53 86 96 89 76 78 98 68 93 94 93 59 68 65 70 93 68 82 74 97 86 72 98 60 57 50 52 60 56 59 87 69 62 81 65 69 84 73 78 71 74 88 58 86 94 59 82 79 63 90 64 56 84 79 74 60 64 71 92 93 76 92 69 72 67 91 61 79 85 59 57 
95 99 61 56 79 54 84 79 61 99 53 71 85 53 81 73 79 78 63 68 81 54 79 74 88 87 50 75 79 87 93 98 60 56 83 65 88 71 96 52 66 70 67 98 52 56 99 53 89 52 56 52 72 82 88 58 66 91 84 65 65 67 54 63 81 71 54 78 75 70 91 69 91 64 58 80 96 97 87 70 
99 76 80 75 79 57 53 51 79 97 62 76 97 89 67 55 97 99 71 50 52 82 66 62 98 66 69 90 81 88 82 51 78 76 91 82 69 71 54 67 91 58 50 63 64 86 86 77 85 72 64 63 83 73 98 79 68 69 93 99 54 94 83 72 50 68 51 76 57 91 70 83 90 63 77 69 84 71 82 52 
72 97 60 55 93 70 55 73 88 53 57 67 97 98 89 97 69 86 81 75 70 78 74 51 67 69 65 53 70 77 71 90 73 85 76 55 51 67 89 74 70 85 80 67 69 73 81 76 61 99 61 67 76 54 85 60 72 85 73 54 76 56 84 54 76 72 73 96 50 98 73 75 74 51 61 91 63 84 85 50 
57 50 65 59 77 53 75 54 90 93 69 73 69 84 59 87 55 79 60 99 59 98 91 85 89 55 57 61 54 51 86 99 77 65 78 71 67 82 90 66 74 95 97 77 56 58 54 69 62 98 93 59 88 53 61 57 52 57 66 69 67 51 81 50 76 95 79 74 62 83 93 68 97 64 90 52 67 52 96 64 
81 80 59 83 76 61 50 66 91 87 98 75 75 80 60 56 88 93 61 64 72 96 85 99 89 76 59 82 84 64 63 95 60 75 80 67 58 86 83 55 82 96 67 78 58 81 68 56 71 99 86 94 92 94 75 85 68 92 75 55 50 57 76 74 93 93 73 85 61 93 96 63 79 78 68 99 80 96 92 57 
97 61 68 55 85 88 69 73 81 88 92 67 73 98 65 84 64 78 63 74 99 68 66 97 97 88 83 64 81 60 51 75 62 95 58 95 84 78 57 69 50 76 77 64 66 94 50 74 97 77 99 83 86 60 61 88 52 88 63 87 66 72 91 53 68 71 91 52 54 66 86 89 55 95 73 69 80 77 95 96 
93 52 54 81 58 57 83 61 86 50 53 74 76 73 74 82 57 84 61 60 61 80 81 56 86 96 93 57 84 75 78 64 91 92 94 66 92 92 96 59 92 81 87 77 51 87 60 92 96 93 71 70 82 96 96 66 82 65 59 75 89 66 62 50 69 79 88 54 94 57 85 72 72 81 54 96 58 99 56 54 
52 61 51 53 78 72 66 70 97 65 52 90 93 80 89 82 65 66 87 90 84 70 70 67 82 83 52 88 81 84 91 50 74 54 53 75 99 92 98 77 76 62 50 79 80 73 78 90 68 85 52 57 74 62 74 74 83 67 92 74 56 62 68 80 73 50 91 55 80 84 56 98 97 80 82 97 72 82 55 56 
83 86 66 88 92 83 86 68 81 57 74 88 92 77 78 94 84 99 66 64 74 81 60 65 62 81 51 75 50 90 98 71 57 63 60 73 77 62 58 95 69 91 73 85 67 88 89 93 86 72 87 81 58 87 90 78 85 54 54 51 98 98 82 53 63 94 67 84 56 73 90 80 69 82 61 88 78 95 90 67 
68 65 60 55 78 81 65 76 88 68 90 75 76 74 60 74 66 89 71 51 93 87 59 97 51 60 93 58 51 50 93 74 52 71 59 90 79 83 66 74 63 88 87 75 52 50 78 90 65 99 97 96 62 56 78 90 85 54 87 66 82 79 52 60 65 89 94 75 53 72 53 93 86 83 58 50 65 81 89 69 
54 84 65 50 87 61 63 51 99 69 98 63 65 62 77 90 64 76 97 66 96 60 88 90 75 77 98 58 60 75 83 89 71 93 78 78 60 55 99 73 65 67 73 80 74 86 55 72 80 64 93 88 94 63 70 68 67 54 94 75 73 73 87 67 82 76 81 62 51 83 84 61 87 61 85 71 89 78 91 58 
51 51 50 64 79 57 70 98 94 53 82 62 55 97 88 50 98 64 69 57 92 73 60 85 54 62 88 51 50 58 88 89 55 96 82 76 76 94 82 69 90 55 85 54 63 64 56 79 85 65 91 73 95 95 81 75 91 77 56 91 71 66 56 85 87 50 51 61 60 89 69 50 56 95 86 64 72 84 83 61 
65 68 54 55 93 63 67 71 63 58 56 99 70 73 71 72 97 65 55 67 53 79 62 68 87 87 76 77 96 93 99 96 88 51 50 68 77 70 78 99 65 75 71 66 53 71 68 72 73 60 94 61 54 82 64 88 61 54 60 77 82 76 83 91 62 58 75 55 80 92 51 58 87 63 94 68 81 98 58 57 
96 57 95 57 64 51 64 75 82 75 87 75 94 77 71 50 92 63 86 58 60 95 92 60 67 76 95 72 51 77 61 68 62 80 54 52 71 97 69 75 70 72 54 70 71 51 50 50 63 64 57 77 86 59 71 73 78 76 94 63 79 91 96 84 53 85 93 90 75 71 57 76 56 62 98 96 53 53 71 62 
87 76 84 71 99 57 50 74 50 66 77 76 58 92 88 74 85 80 86 59 92 53 75 94 96 65 66 91 58 77 67 76 88 85 78 95 76 65 72 91 67 99 93 64 76 66 99 61 96 79 54 90 88 72 81 89 92 97 80 54 88 55 88 74 75 67 96 83 92 89 62 54 55 97 92 98 67 83 93 51 
66 83 93 92 72 81 79 71 84 50 53 82 77 79 85 93 90 57 82 51 87 52 62 87 64 88 61 72 90 93 86 77 55 78 53 73 78 54 66 55 89 83 83 66 92 82 57 80 65 71 59 59 95 65 81 89 54 73 69 53 90 86 78 87 68 70 71 71 58 83 59 77 68 53 86 55 58 84 78 62 
69 54 86 95 64 98 99 89 94 59 51 56 78 88 80 54 86 58 79 75 57 66 92 58 94 58 64 99 59 62 86 75 75 50 84 59 97 80 94 59 51 93 67 97 97 78 68 92 87 86 68 50 92 68 69 54 59 86 76 67 95 75 97 87 98 68 91 61 99 76 50 98 51 78 78 54 77 84 77 60 
50 89 81 97 98 77 82 61 60 82 66 78 60 60 84 68 89 95 52 95 78 84 78 93 66 87 69 52 95 81 64 78 88 51 62 83 62 78 86 74 75 90 65 50 51 85 86 85 64 63 82 62 60 65 68 90 95 79 53 58 70 81 77 88 76 50 94 82 61 66 56 81 93 50 88 71 65 53 70 79 
62 70 75 85 95 85 95 53 94 82 98 66 87 95 58 83 99 93 95 63 65 58 83 84 67 91 97 77 76 79 97 54 84 52 90 52 95 92 61 80 59 76 50 53 63 65 72 89 83 97 78 65 67 58 73 79 96 60 88 86 79 83 79 76 84 69 89 86 60 70 87 80 63 73 90 73 58 52 98 59 
77 70 83 77 94 57 80 93 82 89 60 59 92 56 73 77 68 58 50 61 88 55 62 83 70 86 82 69 76 82 78 83 51 52 57 82 50 64 51 66 62 71 51 76 94 74 64 63 53 82 96 55 51 53 59 56 52 52 84 61 98 83 99 52 57 58 57 82 80 61 88 51 58 50 76 70 89 51 84 90 
94 95 56 75 66 66 77 93 90 64 73 84 73 84 68 75 59 59 88 98 91 57 82 72 97 81 50 58 57 54 68 94 92 95 51 52 52 67 77 63 53 69 69 76 69 71 55 67 76 86 96 88 60 63 88 62 87 70 86 92 92 99 56 65 70 93 57 85 77 69 66 67 85 51 99 74 66 91 75 50 
68 62 51 82 53 62 62 84 53 90 94 84 66 55 91 94 96 66 63 64 53 55 52 62 80 74 55 56 56 67 93 68 89 69 66 52 96 58 97 77 60 58 79 50 87 75 75 67 97 82 99 71 68 71 70 84 53 88 77 66 93 75 75 76 69 96 58 70 53 96 54 65 76 65 59 93 84 74 63 71 
89 59 65 59 59 84 67 79 86 99 96 65 86 97 61 75 73 50 79 64 55 87 52 85 62 96 68 87 70 50 51 73 55 56 89 98 74 77 56 56 85 57 89 65 73 71 72 86 98 77 68 77 52 88 54 58 82 75 91 83 50 92 94 75 50 76 83 99 52 79 91 78 81 82 83 54 87 87 62 98 
66 91 69 81 69 83 70 78 99 68 69 83 89 71 55 86 60 66 93 76 99 78 63 99 96 62 97 72 87 69 69 88 65 71 65 89 53 69 81 87 55 87 82 59 68 51 97 71 69 91 78 86 96 83 85 68 85 70 68 75 64 92 98 58 73 55 83 98 51 89 89 96 64 76 81 74 99 85 67 91 
86 96 89 55 60 56 65 63 97 53 64 67 93 90 60 59 74 62 88 77 64 93 86 77 64 56 65 87 62 70 73 84 69 99 93 59 97 80 97 82 90 76 63 56 59 57 60 55 50 86 60 69 64 51 87 79 91 69 90 76 82 58 94 86 69 53 78 70 71 81 90 57 75 85 73 86 93 78 54 86 
59 60 51 69 99 58 56 59 95 93 89 58 74 79 60 86 58 58 88 93 89 57 96 95 68 62 63 56 87 80 73 80 51 62 99 64 86 60 54 76 78 81 89 65 82 72 73 78 61 61 62 85 62 64 83 66 53 72 96 83 62 73 98 52 82 59 70 61 59 67 92 51 56 79 60 97 95 80 71 58 
56 69 71 54 66 59 86 80 53 91 71 93 77 83 66 82 91 98 91 84 56 60 77 59 98 59 51 64 55 78 88 75 98 59 66 52 51 95 72 52 63 91 79 52 86 68 98 98 53 62 84 55 81 87 55 72 94 79 52 86 87 52 99 96 95 78 87 61 83 84 76 76 99 69 63 97 67 82 62 84 
55 72 84 52 88 51 91 78 69 82 76 79 91 50 65 77 55 68 58 72 84 61 69 53 72 71 52 98 82 74 55 62 53 90 51 53 83 58 87 96 78 85 71 75 83 94 73 92 62 96 56 93 72 52 73 54 78 60 82 98 54 53 55 67 82 54 61 73 89 87 54 81 65 59 75 92 99 97 82 50 
57 58 99 61 50 50 99 89 67 89 63 73 62 53 94 54 94 54 52 64 83 77 83 72 68 65 67 66 75 83 81 88 51 83 71 90 52 77 79 81 78 89 54 83 56 59 69 96 87 86 97 52 93 64 59 92 55 54 58 57 63 68 69 71 89 65 62 90 50 97 90 68 55 52 95 73 78 97 54 95 
57 51 79 78 93 98 91 59 74 92 88 79 97 79 78 67 59 89 70 96 64 50 54 57 55 74 90 82 83 64 69 87 58 87 91 95 73 83 55 81 62 73 79 99 89 71 80 50 55 73 90 92 76 66 59 98 94 85 92 89 85 99 82 85 88 98 64 59 92 58 77 92 70 88 96 55 73 81 63 74 
67 96 87 76 73 97 52 54 95 95 77 78 62 66 59 50 68 66 66 90 64 57 56 56 64 77 60 75 75 79 62 72 63 79 75 71 97 93 90 83 68 89 66 91 91 53 68 96 81 69 61 76 89 50 92 54 67 55 74 77 55 54 70 69 64 53 55 80 66 71 83 71 77 91 81 93 92 86 75 61 
59 86 65 75 59 83 93 57 83 95 53 60 80 80 83 81 73 99 54 74 73 86 98 66 64 69 88 64 94 93 80 84 67 97 90 86 61 86 65 50 75 98 77 62 74 82 57 83 51 66 85 91 60 86 58 53 83 64 89 94 91 94 94 74 68 96 51 52 97 51 86 69 73 54 89 62 82 95 58 51 
83 79 88 76 97 90 95 67 65 76 94 88 55 73 83 77 50 89 88 64 88 51 50 59 81 76 61 51 51 61 55 84 70 92 56 56 61 91 50 63 63 85 89 64 99 94 55 62 86 55 84 90 89 74 80 95 80 95 64 77 52 60 81 61 84 77 70 63 66 51 56 60 50 90 53 92 97 98 73 92 
83 91 61 90 92 66 72 76 71 91 98 96 86 91 97 86 87 74 81 74 75 62 91 96 62 91 84 58 67 82 61 69 91 52 60 87 87 75 71 50 83 80 78 94 64 54 54 61 84 83 91 63 57 63 84 53 58 93 71 80 54 86 60 82 53 50 63 93 78 79 69 76 88 66 86 71 52 53 95 54 
84 60 76 83 61 81 70 91 79 96 73 76 64 84 96 86 50 92 88 85 68 86 76 67 55 68 98 73 81 67 81 70 62 69 90 57 54 55 87 98 57 64 76 77 95 95 61 77 97 71 96 64 67 90 70 69 92 60 70 86 59 82 87 90 87 62 78 62 54 64 99 88 74 65 74 75 88 95 90 74 
51 98 86 94 90 64 84 73 60 65 53 60 70 70 62 92 67 54 72 93 67 59 87 88 70 53 79 79 93 58 93 53 79 86 89 86 96 54 90 74 69 51 99 75 50 83 83 99 93 98 54 80 50 96 80 65 82 67 66 72 66 93 69 62 58 77 80 77 51 79 62 90 79 52 65 57 80 75 89 86 
60 50 55 90 86 54 57 81 90 99 96 63 93 54 72 86 50 73 54 81 81 97 51 94 53 62 80 62 97 54 58 79 66 96 64 98 73 84 73 80 78 89 51 68 60 60 69 98 64 98 85 77 65 59 98 96 55 94 50 85 80 93 57 89 67 91 80 58 65 99 99 99 61 98 99 97 70 95 91 95 
50 93 70 90 54 50 66 79 92 56 98 83 73 73 94 97 89 65 83 74 57 75 59 66 98 59 52 95 93 52 69 79 94 95 58 69 73 68 60 83 73 69 87 85 86 84 73 54 63 98 90 71 62 53 92 84 78 91 73 63 87 52 69 63 82 97 75 70 98 78 72 51 81 64 69 77 92 83 97 95 
59 53 98 66 94 90 98 63 80 95 55 51 55 98 63 86 87 62 77 60 50 60 53 92 72 79 89 62 69 53 86 72 94 84 74 74 98 95 53 51 57 98 90 69 78 76 78 67 80 82 84 96 61 82 68 95 55 56 79 84 88 51 97 61 57 65 60 61 72 58 55 94 60 90 86 96 99 51 56 72 
81 98 68 61 68 88 76 66 64 68 60 50 72 77 90 51 79 84 52 66 87 58 82 71 98 56 98 82 61 55 58 89 69 89 82 99 52 95 66 76 67 58 72 51 84 93 97 71 84 70 93 95 65 72 59 62 50 52 58 77 71 60 69 86 50 68 80 80 55 50 55 59 71 74 77 97 85 72 77 74 
70 76 50 63 88 95 88 53 77 74 87 55 86 74 74 72 68 65 76 51 60 52 66 74 60 72 77 54 88 82 60 88 93 87 69 96 55 89 91 79 67 53 73 91 64 98 62 67 88 90 71 75 58 64 63 52 74 73 85 73 50 57 84 55 56 92 54 87 81 99 88 96 62 67 50 99 68 78 81 50 
70 98 76 53 86 77 70 77 80 59 68 65 88 62 86 84 55 61 79 72 82 67 99 70 57 80 97 89 83 91 75 58 97 91 78 66 58 54 88 94 80 59 59 97 70 93 75 92 63 66 79 95 88 92 60 99 82 97 92 73 82 74 61 59 53 68 74 71 63 65 90 50 81 63 59 90 77 76 93 58 
87 99 55 76 60 60 56 70 97 56 65 66 83 86 64 83 64 60 50 70 99 82 98 75 91 98 69 86 83 63 61 95 52 95 63 50 92 68 84 74 64 64 99 52 98 83 95 72 58 64 78 52 68 92 82 64 63 76 88 53 74 74 52 95 70 54 97 52 82 84 59 88 67 64 63 76 68 80 64 96 
84 89 63 50 75 51 67 94 65 77 82 99 94 82 78 64 86 66 57 62 96 98 68 95 79 99 85 53 64 52 93 71 94 66 95 97 86 55 74 75 75 93 67 57 87 68 62 77 70 74 93 57 52 81 99 90 81 63 86 53 77 83 89 65 95 78 98 70 74 51 93 58 87 60 61 89 57 74 63 74 
92 71 82 69 98 70 61 53 75 53 80 57 84 90 55 73 71 57 65 71 90 60 81 93 58 77 88 62 91 97 81 60 91 94 69 78 66 85 71 55 86 51 84 74 72 60 56 70 86 73 71 75 72 53 71 75 82 89 84 68 68 97 73 57 82 93 79 58 93 52 97 73 72 93 88 60 65 73 86 66 
93 61 86 68 61 78 84 81 96 58 74 57 58 57 98 92 91 97 95 69 92 92 92 68 76 55 61 63 52 56 98 91 96 54 89 80 77 91 59 60 56 70 78 66 50 94 82 98 75 55 72 69 81 94 76 62 60 93 98 95 57 92 56 58 89 98 89 80 96 53 65 61 83 71 66 75 78 77 55 71 
58 83 66 81 76 92 99 81 70 82 55 93 52 61 70 91 57 58 93 74 94 65 95 71 98 92 82 85 83 50 67 50 56 63 72 58 98 72 63 79 80 68 50 50 97 91 67 94 73 68 65 75 86 71 77 54 74 99 86 88 96 82 74 55 95 95 51 88 87 78 92 72 95 61 82 50 66 93 83 65 
89 81 78 70 50 71 81 90 55 82 62 71 83 59 92 60 79 83 78 57 57 83 77 73 69 66 81 77 99 75 82 76 87 76 92 89 50 66 83 83 78 52 86 62 84 66 51 67 89 73 93 51 79 88 94 75 65 56 61 50 81 58 51 99 74 63 83 75 53 91 67 62 59 57 67 69 85 73 94 74 
62 98 91 62 91 66 82 82 96 97 60 55 91 84 94 66 60 86 58 89 56 70 76 99 84 91 92 51 61 61 85 86 58 87 62 54 96 74 95 53 91 82 97 82 60 64 86 78 79 75 77 78 56 81 55 71 68 62 84 74 78 80 60 67 63 73 96 78 72 63 59 95 97 88 77 85 63 66 87 72 
97 69 57 52 61 88 68 80 61 81 76 53 59 64 87 52 72 57 75 65 66 81 62 67 89 81 93 68 71 97 73 97 84 70 65 84 92 64 91 95 86 80 54 60 89 69 81 60 74 79 76 56 94 76 99 74 92 65 53 78 92 60 68 73 77 97 64 85 91 56 57 68 77 89 74 77 74 92 99 83 
57 87 50 76 62 86 90 56 76 70 74 77 68 85 92 96 94 79 50 75 78 76 95 93 84 56 81 66 80 88 99 73 80 84 52 62 90 56 63 81 81 96 91 59 75 56 94 56 95 60 81 64 84 94 62 59 66 75 66 79 89 53 71 66 64 75 66 87 99 74 58 70 52 85 80 78 57 62 56 77 
76 84 60 60 54 73 74 55 92 58 67 75 54 72 69 84 65 78 92 95 72 72 84 81 56 86 57 53 69 72 81 56 81 80 80 53 86 60 87 62 57 94 63 96 93 69 88 71 50 83 80 96 58 84 92 84 51 58 93 98 96 99 78 73 68 87 66 55 98 76 56 67 96 76 67 66 82 94 98 87 
89 63 98 83 80 70 91 75 82 60 69 52 85 63 53 92 92 61 92 63 99 54 55 83 52 79 54 80 52 68 60 81 62 61 55 80 55 82 80 96 82 54 79 91 71 92 81 89 72 72 52 62 50 82 88 56 58 62 72 78 50 70 52 95 56 66 95 71 68 63 86 98 51 80 72 69 88 66 88 60 
60 99 58 64 61 67 60 54 87 75 98 79 85 60 72 98 82 90 55 76 93 66 69 86 64 89 86 87 50 81 85 83 85 58 69 62 87 63 90 78 55 61 87 51 90 78 73 81 96 84 98 58 85 94 62 93 77 67 97 92 86 83 86 64 87 62 53 98 93 97 78 51 90 79 99 86 83 51 61 78 
92 52 76 88 50 58 71 60 97 83 73 99 81 93 94 52 81 64 78 51 64 74 95 94 84 71 72 51 80 86 57 67 80 99 85 97 94 80 54 90 68 72 92 71 58 54 92 89 93 95 67 99 77 90 53 66 93 99 61 90 58 88 92 85 81 99 55 56 63 66 89 87 63 77 84 91 83 50 59 91 
51 67 94 66 88 55 67 78 50 80 99 62 65 54 85 51 56 67 79 55 65 54 95 53 55 90 99 78 51 97 94 67 96 90 50 69 63 73 63 63 96 73 63 95 51 78 77 63 70 79 63 77 74 99 70 86 98 73 64 68 80 99 83 95 91 83 62 98 50 64 91 75 71 63 94 91 72 71 76 73 
56 96 60 64 83 87 60 92 79 86 95 63 61 82 82 74 61 52 58 87 98 72 91 55 91 98 75 93 58 87 92 72 96 93 67 92 99 51 71 95 63 89 97 72 76 74 82 74 71 84 98 57 85 62 91 83 94 54 56 76 57 50 50 72 57 82 61 63 86 74 89 73 69 63 55 92 72 82 78 57 
52 75 98 88 53 54 81 63 61 85 75 93 73 88 74 54 78 60 68 91 57 63 74 88 94 95 73 85 66 80 93 67 60 71 66 97 51 86 83 68 95 69 88 62 90 80 58 58 56 74 59 85 88 81 80 86 67 54 81 91 89 70 81 61 96 97 54 59 56 97 83 65 79 70 94 54 84 92 93 66 
63 83 57 54 62 60 56 94 53 80 67 95 87 79 99 51 70 86 74 52 50 68 51 81 50 58 66 83 60 88 63 77 76 75 87 66 55 58 98 74 52 77 54 78 93 64 82 81 87 54 52 72 63 57 93 75 69 98 70 93 75 80 70 95 96 59 70 60 89 81 99 91 87 73 78 91 84 90 83 81 
69 76 96 75 52 62 92 60 64 90 62 62 55 59 90 75 78 84 60 54 92 90 70 83 70 51 55 54 73 52 50 98 79 71 85 62 76 89 80 62 79 63 90 88 55 98 62 90 94 50 91 85 98 76 76 55 74 77 63 72 82 73 92 56 98 91 76 82 77 83 96 85 91 92 91 70 90 75 78 79 
66 86 73 60 79 77 56 68 98 74 61 59 60 94 70 73 73 95 54 62 52 85 75 97 99 80 92 89 59 54 59 71 89 90 70 69 57 85 58 63 70 54 68 93 75 82 50 53 71 53 62 65 95 89 94 56 69 83 82 98 80 57 76 74 73 71 54 78 60 61 99 51 59 59 59 69 86 75 92 70 
76 62 88 54 97 93 81 51 80 72 96 59 92 80 80 65 55 55 72 85 65 73 74 81 84 77 68 70 77 93 74 61 75 55 85 93 78 81 88 75 97 70 56 96 96 97 57 97 87 82 61 64 73 90 50 89 53 89 91 61 76 97 93 68 81 93 99 62 72 50 63 55 73 66 87 83 83 51 86 98 
94 76 99 51 95 55 93 97 71 56 56 51 69 50 70 86 61 88 54 60 53 50 70 78 67 90 89 52 51 98 94 71 63 85 63 75 98 87 84 81 62 62 88 99 83 85 57 51 98 91 94 50 93 76 55 62 89 75 76 73 58 53 75 90 78 92 95 76 74 66 89 74 70 62 66 61 67 58 99 89 
94 87 96 86 98 89 95 92 69 74 80 90 72 96 95 81 93 53 75 96 96 93 82 94 78 57 54 78 66 77 91 78 54 73 87 61 57 84 70 64 73 72 54 84 62 96 84 92 60 61 81 57 82 75 55 70 63 80 56 60 54 66 66 96 77 90 79 56 76 84 74 50 92 63 61 91 79 72 60 95 
56 97 71 55 56 98 70 89 56 50 93 81 59 76 97 88 79 78 74 50 97 79 50 81 65 81 85 88 80 80 50 84 53 77 73 86 52 83 96 73 93 65 80 66 87 58 83 67 94 76 62 60 90 68 61 61 50 79 79 62 52 55 92 57 91 84 76 51 70 81 79 68 52 92 91 85 92 96 72 99 
80 63 90 75 78 53 94 61 95 86 57 72 91 65 76 81 62 88 90 63 90 59 50 74 92 90 78 62 86 73 71 95 76 69 91 54 82 86 90 85 86 87 98 66 80 66 91 67 70 85 67 73 88 87 58 74 59 56 51 77 62 51 58 80 52 68 83 80 58 69 86 67 73 67 68 90 98 83 78 92 
53 77 50 99 90 75 94 64 55 87 67 63 72 84 92 71 67 94 91 99 50 56 86 90 74 66 89 82 81 62 78 97 90 79 54 71 90 63 65 79 93 55 98 79 96 94 75 66 76 99 75 72 53 70 86 91 62 84 83 52 77 80 91 64 69 97 68 78 69 55 96 90 53 59 95 93 76 64 59 53 

