0,186,240,251,133,183,459,400,311,14,425,137,334,246,47,281,501,415,217,490,425,417,351,179,404,202,129,118,25,439,236,284,275,289,360,342,322,247,389,1,174,395,496,336,394,98,380,257,191,132,503,0
0,15,9,5,5,18,19,9,10,7,13,12,9,8,16,7,14,10,11,17,2,8,6,19,13,16,9,19,8,10,13,14,2,10,8,14,7,20,8,19,4,7,12,3,19,10,5,15,12,16,18,0
0,215,432,266,293,225,570,512,355,187,615,329,470,322,73,314,669,572,238,659,627,598,500,208,427,375,148,147,80,628,259,423,349,390,524,425,486,277,443,81,311,547,518,389,488,190,472,454,213,158,708,0
0,223,437,269,296,234,580,517,360,191,622,335,475,326,81,318,676,577,244,668,628,602,503,218,434,383,153,157,84,633,266,430,350,395,528,432,490,287,447,91,313,551,524,391,498,195,475,462,219,166,717,0
0,13,6,6,12,15,11,5,14,7,15,17,17,5,20,19,19,8,11,8,4,16,7,18,6,16,10,16,5,17,7,11,10,14,18,2,17,6,11,17,12,14,19,20,4,7,15,9,14,9,19,0
0,1.625,1.2,2.0,4.0,1.6667,1.1,1.0,2.8,1.75,2.1429,2.8333,3.4,1.25,2.5,4.75,2.7143,1.6,1.8333,0.88889,4.0,4.0,2.3333,1.8,0.85714,2.0,2.0,1.6,1.25,3.4,1.0,1.5714,10.0,2.8,4.5,0.28571,4.25,0.6,2.75,1.7,6.0,3.5,3.1667,10.0,0.4,1.4,5.0,1.125,2.3333,1.125,2.1111,0
0,35,54,28,97,63,6,97,33,73,8,36,42,61,66,92,86,74,7,40,88,5,19,46,85,26,85,95,53,11,34,74,66,55,11,57,18,33,33,85,39,28,33,63,22,3,12,68,45,53,1,0
0,6,8,6,3,7,7,7,4,2,7,2,9,7,3,10,10,4,6,10,8,4,4,10,2,7,6,3,10,9,7,4,9,6,3,3,4,3,3,10,6,10,8,6,2,4,8,3,2,9,9,0
0,0,10,8,2,6,6,5,3,8,10,6,7,9,2,8,7,3,8,6,3,2,9,2,9,4,8,4,10,10,5,10,5,3,4,7,9,3,9,5,6,3,6,8,3,3,9,9,10,8,9,0
0,5,0,3,2,6,4,3,10,6,8,7,10,2,2,9,6,10,4,9,7,2,2,6,9,7,7,4,5,8,10,7,2,7,10,8,10,6,7,2,6,5,9,5,5,5,3,2,6,9,3,0
0,8,8,0,6,2,6,9,4,5,7,5,4,5,3,4,3,2,9,10,2,10,10,9,5,6,9,2,6,7,6,9,8,2,4,8,4,7,8,10,10,7,3,2,3,8,6,3,4,4,10,0
0,8,5,6,0,2,4,4,9,6,7,8,6,5,6,9,9,9,10,7,5,10,7,9,9,3,9,4,6,2,8,7,6,5,3,4,3,9,3,7,3,3,3,7,2,4,9,2,9,10,6,0
0,8,8,5,10,0,6,10,6,6,10,3,10,6,6,6,8,10,7,4,8,2,9,2,4,2,9,10,6,5,10,7,5,2,2,7,6,3,5,2,6,2,10,3,7,3,5,8,7,4,4,0
0,6,4,3,9,7,0,10,4,2,5,3,6,10,9,9,7,3,8,4,4,2,6,9,9,5,7,9,5,9,6,3,5,4,3,4,8,4,6,10,8,6,5,5,10,10,6,4,5,7,4,0
0,3,4,5,4,9,5,0,8,7,3,4,5,4,4,8,6,4,3,7,2,6,4,2,2,4,5,10,8,3,3,10,10,10,5,4,8,3,10,8,10,10,2,9,5,2,7,8,9,6,3,0
0,8,2,5,6,10,5,7,0,4,5,3,2,2,9,8,8,6,2,3,2,8,2,2,4,4,2,9,2,4,3,3,3,5,5,3,4,3,7,4,4,3,10,2,6,4,9,4,3,6,10,0
0,9,4,4,2,5,6,10,3,0,4,3,7,9,6,7,4,9,3,5,4,6,8,7,7,5,3,4,4,10,2,10,6,2,9,4,3,4,6,2,3,5,2,2,9,5,4,5,7,10,3,0
0,8,4,7,6,7,7,7,5,2,0,9,3,4,2,2,5,8,7,5,8,6,8,8,5,5,5,5,4,7,4,4,5,2,7,6,2,9,6,8,10,2,9,6,7,9,7,5,3,10,6,0
0,5,4,2,2,5,2,9,2,4,4,0,2,2,5,8,7,9,7,7,5,7,4,2,5,3,8,6,9,2,2,8,4,6,6,3,6,8,2,10,2,6,2,5,3,7,9,9,7,3,7,0
0,8,8,6,3,3,6,9,2,9,3,6,0,4,4,5,7,2,9,5,3,3,4,5,6,10,7,10,8,3,7,3,9,3,4,10,7,9,8,8,9,2,4,3,6,4,4,8,5,10,3,0
0,9,10,9,2,6,2,5,2,5,8,7,9,0,6,7,9,7,2,7,2,7,6,4,4,7,9,8,8,6,10,8,6,5,7,2,4,2,4,8,6,4,2,8,8,2,4,3,6,3,10,0
0,8,10,3,8,3,7,8,8,3,2,3,2,8,0,7,10,7,6,5,6,2,8,10,4,4,2,2,4,5,4,10,7,10,9,6,6,8,9,8,9,2,7,5,5,2,9,8,4,6,2,0
0,3,4,2,5,6,5,2,6,9,4,4,4,5,3,0,5,4,10,6,2,8,8,8,5,3,5,7,3,8,6,5,3,2,9,5,7,4,10,6,3,2,5,8,8,4,2,4,9,5,6,0
0,8,2,10,8,7,9,6,6,4,8,4,2,2,6,10,0,9,3,2,7,10,2,8,6,7,6,9,5,9,9,4,5,5,8,2,8,7,8,3,10,10,2,4,7,2,2,4,2,4,6,0
0,7,4,3,4,4,8,5,5,5,4,10,4,2,7,3,2,0,5,9,3,7,10,8,8,2,9,2,3,4,8,9,9,9,4,3,2,2,5,2,2,3,9,5,10,6,8,3,5,4,7,0
0,8,7,7,10,4,10,9,9,5,6,6,6,3,7,7,3,10,0,6,9,7,10,10,3,3,6,2,5,6,4,4,4,9,3,2,6,6,7,6,7,8,2,5,2,4,8,10,7,2,6,0
0,8,9,8,6,10,8,10,6,3,8,8,10,7,10,2,3,2,4,0,6,6,4,7,3,2,6,4,3,7,3,7,7,6,9,9,4,7,4,2,3,10,6,4,6,9,7,2,2,8,7,0
0,4,2,5,9,10,7,10,2,9,7,4,9,2,8,2,5,5,7,8,0,4,6,9,7,9,4,2,9,4,2,2,3,7,7,3,8,10,4,3,7,9,5,2,7,3,4,2,3,7,2,0
0,10,7,3,4,3,3,4,9,3,4,8,8,4,8,7,8,4,2,7,4,0,3,10,2,5,4,3,10,7,8,8,10,2,9,9,3,8,8,10,7,3,8,5,7,9,3,6,6,9,7,0
0,6,8,2,7,8,5,10,2,6,10,3,9,4,6,5,10,6,5,6,6,9,0,8,2,6,4,3,8,3,9,7,10,2,3,10,8,8,6,10,5,4,8,2,9,7,8,7,2,10,7,0
0,2,10,8,2,9,8,9,10,3,3,6,8,5,4,10,9,2,4,4,6,7,3,0,2,8,2,2,5,2,7,9,8,10,6,8,10,4,2,10,9,7,6,4,6,10,7,4,2,9,2,0
0,4,4,2,10,2,9,6,8,7,10,9,2,9,9,9,6,8,7,6,3,7,6,4,0,3,7,6,3,3,7,7,5,2,9,10,6,8,10,3,7,5,4,9,8,2,9,6,7,6,10,0
0,2,2,2,10,6,8,7,3,9,3,9,10,9,8,7,7,10,8,6,9,4,6,8,9,0,4,4,7,9,4,8,7,9,5,7,7,5,5,9,5,7,3,10,9,10,7,3,9,6,4,0
0,7,8,10,9,6,8,6,4,4,6,9,9,10,7,5,7,10,8,9,10,10,9,4,4,8,0,10,5,8,7,8,7,4,3,6,5,9,2,4,3,6,6,5,4,6,6,6,2,8,6,0
0,7,10,3,7,6,4,9,7,8,2,7,3,9,5,3,3,4,2,10,6,6,9,8,4,4,5,0,10,8,5,2,4,7,7,10,5,5,5,3,10,8,6,10,3,6,5,3,7,8,10,0
0,3,5,10,4,8,4,10,10,8,3,5,9,8,8,4,4,2,7,2,7,7,2,6,7,8,10,8,0,9,4,9,3,3,9,8,8,2,6,3,4,7,3,2,3,5,5,9,5,7,10,0
0,7,9,10,4,8,7,5,8,4,2,9,4,5,7,6,5,2,3,6,5,9,10,10,6,5,3,6,6,0,9,8,7,5,2,10,7,4,4,10,3,3,9,10,4,7,10,5,3,8,9,0
0,10,6,10,3,2,4,9,3,4,7,6,8,4,2,9,9,10,4,2,4,4,10,8,9,2,5,7,9,10,0,6,8,6,10,2,7,6,2,8,8,9,7,10,3,9,10,10,4,7,4,0
0,5,5,7,2,8,7,5,4,10,8,2,9,7,2,10,10,3,2,6,4,10,2,7,4,6,5,6,9,3,4,0,5,6,3,6,5,10,9,3,5,3,5,7,9,5,8,10,2,9,5,0
0,3,2,6,4,6,9,3,6,2,4,8,4,4,4,5,6,5,5,6,10,6,2,6,9,8,4,4,9,3,5,3,0,3,5,8,10,10,2,4,4,4,2,8,7,7,5,2,4,9,10,0
0,8,4,5,8,7,6,2,9,9,8,7,6,6,4,4,6,5,6,8,3,9,7,9,7,10,5,4,3,9,7,4,3,0,3,7,5,5,6,5,2,8,6,5,2,5,6,9,5,6,10,0
0,7,7,6,9,2,5,5,4,8,8,10,2,6,6,7,4,3,10,8,10,4,5,4,5,6,4,9,5,5,10,8,10,9,0,3,3,7,2,3,7,5,5,9,9,2,4,2,7,3,6,0
0,2,2,4,8,5,4,2,7,7,3,7,2,5,7,3,6,7,3,2,4,4,2,6,6,5,5,2,3,3,10,9,5,2,8,0,6,2,4,3,10,4,4,6,10,7,6,9,5,7,4,0
0,6,9,4,3,7,5,7,7,2,6,10,4,2,7,8,2,8,7,3,3,10,4,7,5,2,3,6,6,5,6,2,5,9,7,8,0,6,9,8,6,3,10,9,4,4,4,7,10,3,4,0
0,3,10,4,3,5,9,2,5,8,7,10,8,9,10,8,5,4,2,4,3,3,6,6,9,9,7,9,4,6,7,2,6,7,10,3,3,0,10,5,10,9,10,2,10,3,4,3,2,7,2,0
0,8,10,7,9,10,4,3,3,7,2,6,4,10,2,4,4,4,10,5,10,5,3,5,8,5,5,6,4,10,4,3,10,8,6,2,9,2,0,4,2,6,7,5,6,7,8,5,5,10,5,0
0,5,3,6,10,3,4,10,7,2,6,4,4,6,8,7,7,3,6,2,5,6,10,3,2,3,6,2,5,3,3,4,2,8,7,6,10,10,2,0,7,9,5,7,2,9,3,3,10,4,6,0
0,3,3,9,9,3,7,4,4,6,7,6,6,3,8,5,5,2,7,2,8,7,8,2,4,5,2,4,7,6,9,9,3,5,3,10,4,8,8,8,0,5,7,6,10,2,3,5,5,6,4,0
0,7,3,3,2,3,8,7,5,8,8,10,10,3,4,5,4,7,3,10,10,4,10,5,3,6,6,3,9,8,2,3,7,5,7,8,7,4,9,6,3,0,7,3,5,8,7,5,6,7,5,0
0,8,7,2,3,2,3,7,9,9,4,3,10,5,4,5,7,2,4,10,5,2,2,9,5,4,4,10,6,5,2,7,2,2,3,6,7,2,4,5,10,10,0,4,6,10,7,7,3,5,8,0
0,6,9,5,9,8,9,6,4,3,9,8,4,5,6,3,3,3,9,4,3,10,3,6,5,5,7,8,5,8,10,10,3,7,8,8,7,8,3,7,9,5,4,0,4,4,3,4,10,10,3,0
0,6,7,6,2,8,4,3,2,9,8,7,6,2,4,7,5,6,2,6,2,7,3,6,10,10,3,3,7,4,2,5,6,2,5,6,9,10,10,5,4,8,10,7,0,3,5,6,4,8,8,0
0,10,6,8,10,5,9,8,8,9,9,8,8,9,4,6,6,9,3,7,7,2,6,7,8,6,9,8,4,9,5,2,3,2,10,10,10,7,7,9,10,7,7,8,3,0,6,6,7,2,6,0
0,9,6,5,7,5,5,6,3,4,6,5,10,4,7,10,7,3,9,5,5,9,6,9,6,7,4,9,6,7,3,2,8,4,4,2,5,4,7,6,9,2,6,7,8,5,0,3,8,5,6,0
0,9,6,8,3,8,10,2,5,2,4,9,10,7,4,8,8,7,7,8,7,4,10,8,7,8,3,7,5,4,4,9,6,8,4,2,7,4,8,5,9,7,10,3,6,6,4,0,2,3,8,0
0,8,4,3,8,8,2,2,4,8,2,8,8,2,7,9,2,8,9,4,10,7,10,2,4,10,7,8,10,4,7,6,7,4,10,7,9,5,5,4,5,4,2,5,7,7,2,6,0,5,8,0
0,3,10,7,9,6,2,8,8,8,10,8,4,8,9,3,3,4,7,3,5,7,2,7,10,4,9,10,3,5,6,7,3,6,7,9,4,8,3,3,4,5,3,8,2,3,4,10,4,0,4,0
0,10,3,2,9,3,2,4,7,7,4,4,10,3,8,10,8,3,8,3,4,8,3,6,9,10,10,10,9,2,2,3,10,10,10,5,6,4,8,7,7,2,8,5,7,10,9,4,10,3,0,0
0,0,0,0,0,0,0,0,0,0,0,0
