0,227,112,202,116,256,37,244,76,15,234,38,48,165,69,70,175,125,45,168,231,14,138,114,86,26,89,40,1,4,20,120,237,51,161,151,99,39,81,68,2,243,123,248,212,136,182,117,74,41,167,0
0,9,8,6,4,2,10,10,17,16,18,15,6,19,18,2,10,17,17,2,5,9,11,4,16,11,6,14,20,16,18,20,9,2,11,11,2,4,7,20,4,10,13,10,9,7,19,5,13,3,2,0
0,424,441,403,343,510,324,544,378,210,456,309,303,484,348,383,470,369,304,478,518,263,394,381,404,258,382,365,206,252,243,350,457,258,466,438,299,347,289,362,230,484,352,557,426,417,482,370,363,373,486,0
0,427,444,405,345,511,327,547,384,215,462,314,305,490,354,384,473,375,310,479,520,266,398,383,409,262,384,370,212,257,249,356,460,259,470,442,300,349,292,368,232,487,356,560,429,420,488,372,367,374,487,0
0,4,13,2,18,10,7,18,8,13,8,13,9,16,10,15,12,18,15,7,11,9,5,9,15,10,5,15,3,4,6,20,4,4,6,12,2,15,13,17,7,5,20,3,18,13,11,9,2,13,9,0
0,1.3333,4.3333,1.0,9.0,10.0,2.3333,6.0,1.3333,2.6,1.3333,2.6,4.5,2.6667,1.6667,15.0,4.0,3.0,2.5,7.0,5.5,3.0,1.25,4.5,3.0,2.5,2.5,3.0,0.5,0.8,1.0,3.3333,1.3333,4.0,1.5,3.0,2.0,7.5,4.3333,2.8333,3.5,1.6667,5.0,1.0,6.0,4.3333,1.8333,4.5,0.5,13.0,9.0,0
0,39,78,87,61,33,53,95,67,81,59,13,55,90,53,96,11,3,31,32,57,2,71,95,53,21,47,1,71,19,3,73,38,86,81,12,2,12,85,1,46,56,9,9,88,29,80,56,33,21,99,0
0,9,3,3,9,2,2,8,6,8,2,9,8,6,10,10,8,7,7,8,8,3,3,4,9,6,10,10,6,10,6,2,3,2,9,10,5,8,3,3,6,7,6,6,9,6,8,6,10,2,5,0
0,0,5,4,7,10,8,7,10,9,4,7,10,4,7,9,3,9,7,5,10,3,7,10,9,9,3,7,5,5,3,3,3,9,9,8,4,6,5,7,2,5,9,10,3,4,5,6,7,8,6,0
0,10,0,7,9,2,3,8,8,3,6,2,9,9,4,4,5,8,4,8,5,10,9,7,6,4,10,6,6,8,8,10,4,3,8,9,6,7,8,8,5,10,3,10,8,2,5,7,4,8,4,0
0,7,10,0,2,4,6,6,3,4,5,9,3,8,4,8,4,10,9,10,9,9,10,4,10,9,2,10,8,7,4,3,10,4,5,7,3,3,3,8,5,2,6,4,7,3,4,3,6,4,8,0
0,7,10,10,0,7,5,2,9,4,10,4,10,7,7,2,5,10,9,8,5,9,4,9,6,4,10,5,5,9,10,7,2,7,9,2,2,9,2,8,5,4,10,8,7,7,9,2,10,9,4,0
0,10,9,10,9,0,9,9,2,5,5,2,5,3,9,4,2,2,6,7,4,10,2,7,9,7,10,3,7,7,4,3,2,2,2,2,4,7,7,4,7,10,2,2,8,8,4,3,8,7,8,0
0,2,7,2,4,4,0,3,5,2,8,2,5,4,9,4,8,9,4,7,8,9,8,5,7,5,10,8,4,4,7,7,3,3,5,6,4,8,8,6,2,3,2,3,9,3,3,2,9,9,7,0
0,5,9,4,2,9,7,0,9,9,3,10,4,6,6,6,3,2,8,4,3,5,10,8,10,5,5,5,5,6,4,4,5,10,10,9,3,4,3,9,9,6,8,5,2,2,4,2,8,8,3,0
0,8,3,4,9,5,6,5,0,5,5,10,10,9,9,6,4,3,5,9,2,9,10,3,4,7,5,7,2,4,9,2,10,8,9,10,3,9,10,3,2,8,9,3,2,7,9,9,5,4,8,0
0,2,2,4,9,5,9,9,10,0,10,7,7,6,2,6,7,5,2,2,8,5,7,6,9,8,5,8,7,5,8,4,7,5,3,10,6,4,4,2,6,8,6,10,2,2,4,7,3,8,3,0
0,8,4,5,8,3,4,8,2,3,0,8,10,7,2,9,2,5,9,3,3,5,8,7,5,7,9,10,3,3,8,2,3,5,9,10,3,9,4,5,6,3,9,7,2,2,10,8,4,7,8,0
0,10,8,3,10,9,4,4,6,10,10,0,3,9,10,7,6,6,6,9,10,5,9,9,2,9,2,7,3,5,7,3,10,2,2,2,10,3,9,8,6,8,3,3,6,2,8,6,9,6,5,0
0,8,3,4,5,7,2,5,7,7,8,7,0,2,8,5,7,9,5,5,3,6,8,2,3,9,2,5,4,4,7,2,2,7,6,5,8,5,3,2,7,6,5,6,2,7,6,4,5,8,2,0
0,3,2,10,9,8,2,7,6,5,4,3,3,0,4,6,9,5,10,7,8,6,9,8,2,10,4,9,5,4,8,10,5,4,9,7,8,7,9,8,8,4,5,7,5,3,6,4,6,9,6,0
0,10,5,9,9,2,9,9,6,5,8,2,10,5,0,9,7,7,2,7,8,4,3,7,2,6,2,5,9,9,3,9,3,2,10,9,9,6,9,7,8,7,10,9,5,10,9,9,7,7,3,0
0,2,8,10,8,10,2,6,4,7,8,8,4,2,2,0,3,9,3,4,2,9,5,8,3,5,2,6,4,2,3,7,5,9,6,8,6,8,7,9,10,3,2,10,10,4,10,10,4,4,3,0
0,6,8,6,10,6,10,4,4,3,4,4,5,8,8,7,0,6,2,10,4,7,4,4,10,8,3,10,10,4,6,7,5,2,8,6,5,6,6,7,2,7,7,3,2,7,7,6,10,4,3,0
0,3,10,9,5,4,4,10,10,3,4,7,5,4,10,10,7,0,2,6,6,5,9,6,6,4,5,6,9,4,9,8,2,5,7,2,10,10,7,3,5,7,6,4,9,3,7,9,4,8,7,0
0,6,5,8,4,6,8,5,3,4,9,5,10,4,4,3,3,2,0,3,6,9,5,9,9,8,8,6,8,4,2,3,3,10,4,4,9,5,4,8,6,8,4,7,10,9,4,7,4,6,3,0
0,5,10,10,7,4,9,2,6,8,10,10,3,5,10,7,8,4,4,0,2,4,2,10,8,4,9,7,5,6,4,2,4,8,5,4,7,5,3,7,3,8,6,7,4,7,4,5,6,6,9,0
0,10,7,2,2,8,5,8,2,9,10,7,9,7,8,6,6,3,2,6,0,4,3,10,10,10,9,4,7,10,4,5,8,6,2,2,9,8,6,9,3,8,2,6,10,9,5,5,7,10,10,0
0,7,4,9,7,5,2,9,2,8,10,6,5,3,2,8,8,7,7,2,5,0,4,4,6,10,3,10,5,6,4,2,6,8,5,3,4,10,8,10,8,8,9,9,5,5,2,10,5,3,5,0
0,4,10,9,6,9,3,2,6,5,5,2,8,4,4,6,8,6,3,3,3,6,0,2,6,9,7,6,5,2,2,9,7,9,8,6,10,3,5,3,8,9,5,6,3,10,4,4,8,6,6,0
0,4,8,6,5,6,7,8,8,3,5,10,2,3,6,4,7,9,9,6,8,9,8,0,6,3,5,6,3,6,5,4,5,2,5,3,2,5,9,4,4,5,9,3,6,3,6,6,7,2,7,0
0,8,3,5,3,8,7,10,6,10,3,4,2,4,2,10,6,2,2,10,6,5,10,7,0,2,3,2,4,6,8,6,3,3,6,9,5,6,6,6,8,5,2,9,7,9,9,9,8,10,5,0
0,10,8,3,8,7,3,8,2,4,7,6,9,7,7,5,8,4,3,5,9,6,6,3,2,0,6,8,6,8,6,10,10,10,2,7,7,10,7,3,5,6,7,10,4,8,6,8,7,6,5,0
0,8,2,6,9,9,2,10,9,3,5,6,4,9,5,3,10,3,4,2,10,8,4,7,2,6,0,4,5,7,2,2,9,6,2,6,9,3,9,7,3,8,3,2,8,2,3,6,5,9,6,0
0,8,7,2,7,8,3,4,9,7,10,10,7,7,10,6,3,8,3,5,2,9,10,6,7,3,4,0,10,5,3,6,8,4,4,4,9,2,5,6,8,9,7,6,7,5,5,5,5,9,8,0
0,4,10,8,8,5,5,6,9,7,6,7,10,10,4,8,2,10,4,10,6,8,3,8,5,6,6,6,0,3,9,10,4,4,2,10,5,2,4,3,7,4,4,2,4,2,3,3,6,9,8,0
0,8,3,8,2,9,2,2,7,2,6,4,7,9,7,7,2,7,5,8,4,8,6,2,6,10,9,4,9,0,5,10,3,4,2,10,4,4,10,4,2,5,10,10,10,4,2,9,3,10,7,0
0,6,5,2,6,2,3,6,8,10,9,9,9,10,6,3,3,6,6,5,10,8,8,3,4,2,8,9,4,6,0,10,2,5,8,8,9,3,2,6,2,4,4,4,6,6,5,5,4,9,6,0
0,5,6,7,3,9,10,5,5,5,6,3,8,10,2,6,3,6,4,10,7,3,5,3,4,4,9,2,4,2,2,0,4,6,9,7,5,2,3,8,6,2,3,6,3,2,10,9,4,5,6,0
0,3,5,6,3,7,7,4,8,2,6,7,8,8,7,6,3,4,10,10,2,7,4,6,3,9,4,2,9,10,4,10,0,6,2,2,8,5,7,5,5,3,2,8,7,4,2,10,10,6,9,0
0,2,10,8,2,2,9,10,3,2,4,7,2,8,7,2,2,6,4,2,4,9,5,5,9,3,4,8,10,2,10,5,7,0,4,5,6,5,9,10,9,5,4,9,2,3,5,2,3,5,7,0
0,2,8,9,2,10,8,9,10,6,8,5,8,8,3,4,8,3,8,7,3,9,4,6,5,2,5,8,10,8,2,5,10,9,0,9,6,8,8,2,9,7,10,9,10,6,5,9,6,6,3,0
0,3,5,3,6,7,8,9,6,5,10,10,9,6,8,6,5,2,10,5,8,7,3,7,4,8,2,5,6,4,2,5,4,3,10,0,8,3,8,3,10,5,4,6,5,3,3,3,4,8,8,0
0,3,4,10,2,5,2,3,9,2,10,2,6,6,2,8,10,2,3,5,8,7,5,6,3,4,5,8,7,5,9,7,10,7,2,6,0,5,4,5,3,8,7,4,10,8,6,6,10,4,6,0
0,5,5,9,8,10,9,3,4,5,9,7,10,3,4,4,3,8,6,8,5,2,2,2,9,4,3,9,9,6,9,2,10,5,9,2,8,0,8,9,9,4,4,4,4,8,8,8,10,4,5,0
0,3,2,2,6,5,7,8,3,2,6,4,5,7,5,4,2,9,10,6,7,3,9,8,9,7,4,6,4,4,2,5,3,10,4,8,5,7,0,3,7,5,9,3,2,2,6,5,7,5,8,0
0,3,5,10,3,6,3,6,2,7,3,2,5,4,10,7,7,7,4,5,8,10,5,5,9,7,6,5,3,8,10,2,6,5,6,8,5,10,7,0,7,2,9,8,2,8,9,4,6,6,8,0
0,6,6,4,10,6,4,2,3,7,2,10,2,2,9,5,4,7,7,9,8,2,2,6,4,4,6,5,8,8,2,9,5,10,2,6,6,10,6,7,0,2,2,5,10,7,3,2,5,8,4,0
0,2,3,8,6,6,6,5,6,10,10,2,3,9,2,10,7,4,10,8,8,9,4,4,7,5,6,10,8,6,8,10,9,5,5,2,2,2,4,7,10,0,5,5,2,7,8,4,4,10,4,0
0,10,5,5,2,5,10,5,9,4,7,8,9,7,2,8,6,5,5,4,4,5,5,10,3,10,9,5,8,3,6,7,10,4,3,7,10,6,3,4,10,10,0,9,9,6,6,4,4,7,8,0
0,2,9,7,4,5,7,5,2,5,3,7,8,9,9,10,4,8,9,7,8,7,2,5,10,8,4,7,2,3,3,6,2,7,6,10,9,4,5,6,2,5,4,0,6,3,9,3,3,10,8,0
0,3,5,10,3,3,7,10,5,9,2,3,6,7,9,8,10,9,8,8,6,8,6,7,6,3,6,6,8,10,5,6,3,3,6,6,8,4,7,10,8,5,5,4,0,5,3,2,6,8,7,0
0,2,3,2,3,6,3,10,6,8,3,9,6,9,10,8,3,3,4,9,3,7,5,7,5,6,2,5,5,8,8,7,2,10,7,10,6,7,4,6,4,3,6,4,2,0,10,2,9,8,6,0
0,8,6,7,2,7,8,2,8,9,8,9,7,8,8,7,7,2,10,2,7,3,8,8,10,8,8,8,5,2,2,6,6,9,4,10,7,2,10,7,3,2,6,7,2,8,0,7,2,9,6,0
0,10,4,4,10,8,6,2,8,6,7,5,9,3,4,5,2,2,2,2,5,9,6,2,10,6,4,8,4,4,7,4,7,8,3,7,7,8,9,10,9,10,10,2,2,10,4,0,6,7,9,0
0,9,5,4,2,4,10,6,7,9,8,8,10,3,10,4,4,3,10,6,4,5,5,2,8,9,5,3,6,5,5,8,3,5,2,3,5,5,10,3,4,3,9,6,3,5,4,4,0,7,10,0
0,5,3,2,2,10,4,7,7,3,6,10,8,9,7,7,8,10,5,3,4,6,10,3,2,7,5,9,3,10,6,7,2,4,5,4,8,4,5,5,10,5,9,5,6,2,8,6,7,0,6,0
0,4,7,2,6,9,7,8,9,10,5,2,3,2,9,8,3,9,6,5,7,8,2,6,3,3,10,6,9,7,5,4,6,8,10,6,5,5,7,6,10,10,2,9,10,7,5,10,4,6,0,0
0,0,0,0,0,0,0,0,0,0,0,0
