0,144,223,249,178,35,106,207,79,160,96,203,109,238,184,60,119,11,219,207,134,201,63,180,31,222,245,48,205,137,119,3,129,167,2,15,186,27,58,153,172,206,246,41,138,178,202,118,99,203,183,0
0,8,3,5,8,3,2,12,12,6,9,12,16,17,12,9,14,15,2,18,14,12,10,3,10,12,12,4,16,19,9,16,5,12,5,18,9,4,17,7,7,7,2,8,2,6,4,20,19,11,20,0
0,391,469,412,240,224,371,622,116,430,386,405,166,401,539,539,244,434,398,505,578,508,210,496,181,325,389,485,444,570,394,434,265,535,211,218,530,99,465,259,292,428,531,283,368,612,372,188,544,641,325,0
0,399,472,417,248,227,373,633,127,436,395,416,181,417,550,548,257,448,400,522,591,519,219,499,190,336,400,489,459,588,403,449,270,546,216,235,539,103,481,266,299,435,533,291,370,618,376,206,562,651,343,0
0,9,5,14,14,13,8,13,5,12,6,5,15,9,17,6,5,5,11,7,10,8,11,8,13,13,15,18,20,4,16,10,3,6,11,14,20,10,18,19,5,7,10,8,3,8,2,2,16,5,3,0
0,1.125,1.6667,2.8,1.75,4.3333,4.0,1.1818,0.45455,2.0,0.66667,0.45455,1.0,0.5625,1.5455,0.66667,0.38462,0.35714,5.5,0.41176,0.76923,0.72727,1.2222,2.6667,1.4444,1.1818,1.3636,4.5,1.3333,0.22222,1.7778,0.66667,0.6,0.54545,2.2,0.82353,2.2222,2.5,1.125,2.7143,0.71429,1.0,5.0,1.0,1.5,1.3333,0.5,0.11111,0.88889,0.5,0.16667,0
0,58,77,24,35,61,82,99,52,2,30,76,11,26,15,76,71,30,67,46,64,26,21,70,74,89,38,47,63,88,70,43,35,1,57,34,86,8,34,56,98,51,31,28,21,92,13,91,18,54,78,0
0,10,6,3,5,8,3,8,7,2,6,2,5,5,10,6,3,9,6,5,4,9,9,5,3,5,5,8,3,9,7,4,10,2,8,7,3,3,2,5,7,8,5,3,8,2,5,2,8,3,6,0
0,0,2,8,4,3,5,9,7,10,9,6,7,2,3,7,9,2,8,2,10,4,6,4,3,8,4,7,8,2,10,4,2,7,5,9,2,6,10,5,10,10,10,8,5,10,10,2,10,9,6,0
0,9,0,9,7,7,2,9,6,5,7,10,3,4,3,7,9,8,3,5,8,2,10,5,10,7,4,5,7,3,10,6,3,7,9,10,10,10,3,6,2,7,4,3,4,6,2,7,4,6,9,0
0,3,4,0,6,2,8,8,9,3,4,10,7,7,2,3,3,7,3,8,10,6,2,8,5,9,3,6,10,2,10,8,10,2,5,5,8,3,9,9,2,9,10,8,7,5,6,3,4,5,8,0
0,8,10,6,0,4,10,6,9,6,7,2,6,3,6,2,5,7,2,5,7,4,6,5,8,2,3,3,3,4,7,3,3,4,3,10,2,3,6,4,8,2,3,6,9,6,9,3,3,7,3,0
0,7,5,4,9,0,3,7,2,9,8,10,5,3,9,7,10,3,7,5,8,5,5,7,7,2,8,9,3,3,5,3,10,3,3,3,5,2,3,4,10,8,5,7,10,4,5,6,2,10,8,0
0,6,10,5,7,5,0,5,8,3,7,10,5,2,4,4,7,4,10,4,6,5,5,3,6,10,7,6,6,3,9,8,4,4,9,10,9,3,4,2,2,2,7,5,7,10,7,3,4,6,5,0
0,9,8,3,10,10,6,0,7,10,6,5,8,5,3,4,9,3,4,10,5,7,4,9,6,9,2,8,4,10,9,2,6,3,10,5,5,7,9,5,10,3,10,4,8,7,2,10,6,7,3,0
0,6,4,6,10,10,7,4,0,8,5,9,10,9,6,5,5,2,6,2,8,10,6,8,3,6,9,4,9,9,9,9,6,10,2,4,8,5,8,7,2,8,8,2,3,9,2,3,7,9,9,0
0,4,6,6,5,9,7,2,5,0,8,6,6,2,5,4,2,3,2,4,10,5,10,3,7,5,4,9,8,5,2,6,3,10,9,6,9,4,6,7,3,7,6,9,8,10,2,6,2,4,10,0
0,9,8,4,4,8,4,5,2,9,0,7,4,2,2,4,8,2,10,9,4,7,5,10,6,3,6,2,5,3,10,10,7,9,6,9,8,9,9,7,6,8,5,10,5,6,6,2,8,7,6,0
0,5,7,9,2,3,3,6,10,2,2,0,3,9,5,3,9,10,9,5,7,9,9,10,10,2,4,6,5,8,9,6,3,7,10,7,7,2,3,9,5,10,7,10,4,10,8,8,5,9,8,0
0,10,3,7,7,5,3,9,8,3,8,7,0,10,7,2,7,4,6,6,7,8,5,4,10,7,7,9,10,2,3,2,9,6,10,3,6,7,10,9,3,10,8,3,7,6,6,8,5,5,5,0
0,3,6,2,4,8,4,7,3,10,4,4,9,0,3,5,10,3,2,5,2,6,3,9,5,6,8,7,10,6,3,2,3,3,5,4,3,10,4,8,8,9,3,7,10,8,4,9,10,7,7,0
0,8,6,6,2,3,8,6,9,8,8,10,5,5,0,8,8,4,9,2,3,4,2,3,4,4,10,9,9,7,6,7,8,4,4,4,2,6,2,8,9,7,2,7,5,4,5,3,8,8,4,0
0,4,2,7,9,9,6,8,6,9,5,2,10,6,4,0,5,8,5,10,5,7,6,9,5,7,2,4,9,2,7,3,3,3,5,10,4,6,5,10,8,5,2,9,10,4,5,5,3,10,9,0
0,10,3,3,6,7,4,3,5,4,9,2,9,7,4,10,0,7,4,5,2,6,8,6,4,8,5,7,10,5,7,2,4,9,2,5,3,5,5,8,3,5,2,4,7,4,7,10,5,6,3,0
0,7,9,10,2,8,5,3,9,10,8,6,9,7,7,6,7,0,3,8,4,3,2,8,5,5,5,6,7,2,8,7,7,10,4,5,5,3,7,2,2,9,7,7,10,5,9,7,9,6,10,0
0,9,9,4,3,5,9,10,7,3,6,2,3,6,7,3,7,8,0,3,7,2,8,2,3,8,4,10,5,5,3,9,6,6,6,6,7,5,3,2,6,8,6,3,8,8,3,5,9,3,10,0
0,4,2,2,5,9,9,3,7,6,5,6,8,6,8,8,7,9,9,0,9,9,2,4,4,10,7,7,4,10,3,9,7,7,4,4,4,4,7,8,3,8,4,2,3,9,5,6,6,6,3,0
0,9,9,6,3,2,3,5,3,2,6,3,3,8,9,9,8,10,10,3,0,6,7,7,2,2,7,8,7,2,8,5,3,4,7,2,3,7,8,7,4,9,8,7,10,7,9,3,8,8,9,0
0,8,5,2,6,4,3,7,9,5,9,3,4,4,4,5,10,6,9,9,2,0,7,6,9,4,6,2,8,2,9,7,2,2,5,8,6,2,3,5,3,7,5,7,2,7,2,9,4,5,6,0
0,6,9,3,8,5,7,4,10,10,8,3,4,8,6,10,4,5,7,5,7,8,0,10,10,9,6,8,8,8,10,6,5,6,4,10,8,4,2,2,3,6,7,8,3,4,5,2,5,7,7,0
0,2,6,9,3,2,9,4,7,10,8,8,7,8,5,9,4,4,7,10,10,7,7,0,10,7,3,10,2,9,6,6,10,10,2,3,3,3,5,3,2,8,2,7,9,8,7,9,5,9,6,0
0,8,9,6,3,3,3,8,4,8,2,6,5,5,8,3,4,2,2,4,6,5,4,9,0,7,2,4,7,10,10,9,10,7,9,6,10,4,9,7,2,5,6,9,5,2,8,2,5,8,10,0
0,9,7,2,3,6,2,2,10,6,3,5,10,4,4,2,5,6,9,2,5,10,3,2,5,0,3,2,7,8,9,10,6,9,4,10,9,2,5,9,2,5,10,8,8,3,6,3,9,2,8,0
0,2,4,9,6,7,2,7,4,3,3,5,4,4,4,2,8,4,10,5,8,4,9,7,8,4,0,10,2,4,4,4,2,4,3,3,4,10,5,3,5,8,7,10,8,6,9,2,9,8,8,0
0,2,7,7,10,2,3,5,10,7,4,3,9,4,3,2,10,2,8,2,6,9,9,3,4,5,4,0,8,10,6,6,6,2,10,5,10,8,6,10,2,10,10,9,3,9,5,9,5,9,5,0
0,9,5,5,9,10,7,4,4,4,7,2,10,6,4,7,2,9,8,9,6,9,7,5,7,9,6,2,0,4,2,8,5,6,5,4,9,8,4,4,7,10,6,3,2,3,4,5,2,8,2,0
0,5,5,5,8,6,4,10,3,9,4,5,6,8,2,4,6,9,8,6,8,10,6,4,8,8,9,2,2,0,9,8,5,5,7,5,9,9,8,5,9,8,10,10,9,3,10,2,10,2,3,0
0,3,8,5,6,9,5,4,7,7,4,2,6,8,5,6,8,6,7,3,7,2,4,2,2,3,8,3,5,7,0,7,6,10,7,6,9,10,7,7,3,8,3,5,9,8,7,3,10,2,4,0
0,4,7,7,6,2,4,4,10,6,2,8,5,5,8,10,7,9,6,4,4,6,7,3,7,7,6,6,8,4,4,0,8,3,2,4,2,6,6,4,8,7,4,5,7,3,5,3,6,9,6,0
0,9,3,6,10,10,2,2,10,3,6,2,3,3,8,3,9,8,6,8,6,8,3,8,2,5,2,6,2,9,8,7,0,3,9,9,2,4,7,3,10,7,4,9,2,9,2,8,8,10,6,0
0,4,9,7,7,9,10,4,9,7,5,8,10,9,2,8,4,8,8,7,9,10,7,3,9,4,7,6,5,10,2,2,2,0,7,4,3,4,5,2,3,7,3,6,10,9,9,5,3,8,2,0
0,9,5,5,6,7,8,6,8,8,9,2,9,10,3,9,6,7,4,2,7,4,3,8,2,10,3,5,3,8,10,8,6,5,0,9,10,7,4,4,3,3,9,10,6,9,8,8,6,6,4,0
0,7,3,8,2,6,9,7,9,7,8,4,9,7,10,6,6,6,4,2,4,8,8,7,10,4,10,10,7,8,10,6,3,4,2,0,8,2,3,5,2,3,4,5,9,4,10,3,10,5,5,0
0,3,3,6,3,7,3,9,3,7,3,7,10,3,7,4,9,3,2,8,3,10,7,4,3,3,10,4,6,3,5,6,8,6,3,7,0,4,9,3,9,5,5,9,9,4,10,3,5,4,3,0
0,2,4,9,6,7,6,10,7,8,8,4,7,7,8,10,8,3,10,6,6,5,6,9,2,2,7,4,4,2,5,10,8,2,6,8,5,0,3,6,8,4,5,6,6,6,8,7,5,8,4,0
0,9,10,3,5,9,5,9,2,4,3,3,10,8,5,8,6,6,10,9,10,8,3,7,3,9,5,4,10,2,5,4,5,4,2,5,2,6,0,4,4,8,6,10,4,7,10,2,10,8,6,0
0,8,9,5,4,5,3,6,7,8,5,9,5,5,4,9,9,5,8,9,2,9,5,6,7,4,5,8,2,10,10,5,8,7,7,2,9,10,4,0,8,3,2,9,8,10,7,10,5,9,10,0
0,5,2,10,9,8,2,9,7,3,9,5,10,3,8,7,3,5,8,6,6,5,10,10,5,8,2,8,9,9,5,6,6,3,5,7,8,7,8,3,0,4,10,3,5,9,7,8,7,8,8,0
0,4,5,4,8,2,9,8,5,3,3,4,4,2,8,10,10,7,10,7,2,10,10,4,8,5,7,4,5,4,6,6,3,6,2,6,6,8,2,5,10,0,5,10,3,7,3,7,4,9,5,0
0,4,7,3,9,6,8,3,9,2,8,10,8,3,7,6,10,8,8,5,9,2,9,7,5,10,4,7,8,7,8,10,5,5,7,8,9,4,5,4,7,10,0,7,6,4,9,10,7,3,4,0
0,10,7,8,5,8,7,5,5,3,8,4,9,6,2,4,8,10,9,9,5,10,8,6,10,5,9,7,7,10,8,10,7,2,4,10,10,3,7,10,9,8,4,0,2,9,3,3,4,10,9,0
0,5,9,2,10,4,5,8,4,8,9,9,10,5,5,10,10,3,3,7,6,5,7,8,8,3,9,6,10,5,5,4,5,5,2,4,7,6,3,4,5,9,4,6,0,5,3,5,8,9,5,0
0,2,7,9,5,9,2,7,3,2,5,10,3,8,9,3,9,6,6,10,7,8,6,10,8,5,10,3,3,5,10,6,7,7,5,8,3,10,6,9,3,6,2,10,8,0,4,2,10,9,9,0
0,3,9,8,9,3,9,2,5,4,8,3,3,2,7,7,5,5,8,3,5,2,2,7,8,3,7,3,6,7,5,9,4,7,8,2,3,4,4,6,2,10,7,5,3,4,0,8,6,2,2,0
0,8,4,4,9,6,8,9,8,10,2,2,3,10,4,3,9,4,10,3,6,2,5,4,10,2,7,7,4,6,4,7,4,9,8,6,8,2,6,6,5,7,10,8,2,8,8,0,8,3,8,0
0,9,8,3,9,6,7,3,5,10,9,3,7,4,7,5,2,7,7,9,3,7,3,6,10,8,7,8,2,2,8,10,7,9,7,5,9,3,8,9,6,5,6,8,4,8,6,5,0,6,4,0
0,5,2,8,7,8,6,9,6,8,7,2,5,7,3,6,4,9,6,9,8,7,7,8,3,6,6,9,3,8,4,2,3,8,9,9,4,10,10,5,8,5,9,6,9,10,5,8,8,0,9,0
0,9,10,6,6,4,5,10,5,10,6,3,8,7,5,2,5,4,10,6,2,7,2,6,5,4,2,9,2,3,10,10,10,5,10,4,4,2,7,10,6,2,6,2,7,7,6,5,5,3,0,0
0,0,0,0,0,0,0,0,0,0,0,0
