40
88 0 713 5 3
44 0 581 3 2
41 0 667 5 2
63 0 542 5 5
81 0 522 3 5
35 0 708 5 1
71 0 481 2 5
50 0 706 1 1
86 0 372 5 4
21 0 507 2 4
94 0 593 5 5
98 0 305 2 3
34 0 676 4 4
63 0 611 3 1
29 0 468 4 3
52 0 281 2 5
40 0 506 5 1
93 0 705 2 3
72 0 415 1 4
40 0 655 1 5
93 0 545 4 1
90 0 382 2 3
28 0 558 2 3
87 0 753 4 5
61 0 536 3 5
45 0 545 2 2
64 0 462 5 1
43 0 605 4 5
80 0 360 3 5
89 0 345 3 5
89 0 427 2 1
68 0 546 1 4
86 0 642 4 2
30 0 611 3 3
84 0 352 1 5
67 0 645 2 1
55 0 526 1 2
55 0 605 1 5
70 0 688 3 5
94 0 634 2 4
