40
33 0 859 1 2
51 0 1136 4 5
21 0 835 4 3
51 0 1087 3 4
64 0 1177 4 4
23 0 1143 1 3
36 0 972 2 2
38 0 1058 1 4
36 0 968 3 1
59 0 900 1 2
75 0 1137 2 4
13 0 903 1 3
43 0 1012 4 1
41 0 1124 5 5
78 0 1021 4 4
63 0 1007 2 4
43 0 1036 4 2
10 0 1066 5 2
77 0 1170 3 4
43 0 862 1 1
21 0 1101 1 2
37 0 1070 3 4
89 0 863 1 2
12 0 923 1 2
57 0 940 1 2
16 0 890 3 4
49 0 941 3 2
78 0 1198 2 3
64 0 925 4 2
89 0 1127 4 2
19 0 878 3 3
49 0 854 2 2
40 0 1167 3 2
83 0 824 4 4
90 0 877 2 4
57 0 1111 5 3
58 0 1024 1 1
78 0 1002 3 4
85 0 860 3 2
46 0 945 1 2
