50
28 0 2318 4 2
53 0 1797 1 1
66 0 1972 3 4
31 0 1821 1 3
42 0 1930 3 1
21 0 2008 3 5
52 0 2064 2 1
92 0 2160 1 5
51 0 2175 5 1
84 0 1789 2 3
83 0 2316 1 4
88 0 2448 1 1
59 0 2233 4 4
95 0 1891 3 1
30 0 2309 3 3
96 0 2507 5 2
61 0 1992 3 3
58 0 2233 1 5
65 0 2350 1 4
77 0 2328 1 2
13 0 2500 5 5
78 0 2123 4 5
23 0 2049 1 5
10 0 2348 3 3
71 0 1746 1 2
97 0 2049 5 2
95 0 1865 4 1
23 0 1927 4 2
10 0 2153 4 2
47 0 2088 3 2
44 0 1826 4 3
29 0 1743 1 1
90 0 2494 3 1
11 0 1928 3 5
12 0 1734 5 3
84 0 2275 1 2
22 0 2071 4 5
54 0 2417 5 4
77 0 2149 2 4
25 0 1925 2 1
90 0 2180 4 1
22 0 2116 2 1
14 0 2030 4 3
49 0 1838 1 2
69 0 2502 1 3
86 0 2369 3 4
46 0 1843 3 2
30 0 1775 4 3
45 0 2244 5 4
63 0 2488 5 1
