50
33 0 1085 2 4
54 0 1557 4 5
25 0 1966 3 2
32 0 1044 2 1
83 0 1306 5 5
24 0 1045 3 5
94 0 938 4 5
84 0 1267 3 2
24 0 935 3 3
64 0 2014 3 1
88 0 1152 3 2
97 0 1906 3 2
53 0 1452 4 2
52 0 1042 4 3
82 0 2172 5 4
62 0 1353 3 1
92 0 1176 4 2
14 0 1686 5 4
21 0 1080 2 3
15 0 1086 3 2
29 0 1127 5 4
82 0 1144 2 4
48 0 1746 4 2
91 0 1217 5 2
19 0 1440 5 4
12 0 1504 5 3
79 0 1119 1 2
77 0 1955 3 3
76 0 1271 5 1
96 0 1575 3 3
41 0 1043 3 4
10 0 1184 4 1
13 0 1368 4 1
19 0 1411 5 5
84 0 1459 3 2
86 0 1881 1 1
33 0 1644 5 3
41 0 2037 1 5
71 0 2141 3 1
10 0 2026 2 3
95 0 1558 4 2
21 0 951 5 1
59 0 1285 4 1
10 0 1790 2 1
25 0 1393 3 3
41 0 1368 4 1
62 0 918 4 2
17 0 1605 1 4
97 0 1680 2 1
36 0 1358 1 4
