50
23 0 370 3 5
33 0 1184 3 2
86 0 523 2 3
56 0 525 2 5
85 0 778 1 3
68 0 640 2 4
95 0 157 1 4
38 0 931 2 5
41 0 1655 5 2
86 0 856 5 5
22 0 966 1 5
14 0 841 5 2
40 0 1497 5 5
99 0 1520 4 2
21 0 659 2 4
23 0 1161 1 2
51 0 377 5 4
19 0 1449 3 1
20 0 857 3 5
77 0 1541 5 4
74 0 1432 1 2
15 0 1103 5 1
45 0 1268 3 5
37 0 376 4 5
26 0 1163 5 2
78 0 1419 2 2
59 0 1407 1 3
54 0 93 3 3
79 0 498 1 5
30 0 1303 5 2
55 0 365 5 2
54 0 653 2 1
53 0 1552 4 4
93 0 1715 3 4
11 0 1450 3 3
39 0 785 1 1
61 0 177 2 3
58 0 1493 2 5
29 0 186 3 2
92 0 1636 2 1
44 0 1833 4 3
94 0 138 1 4
59 0 813 4 4
37 0 900 4 2
93 0 1886 5 1
32 0 1462 2 2
50 0 100 2 5
44 0 741 1 1
93 0 1248 3 4
22 0 489 4 2
