50
24 0 689 4 5
51 0 668 3 1
94 0 1155 4 5
75 0 111 4 2
12 0 315 3 1
65 0 790 4 2
48 0 1105 2 3
72 0 522 2 1
10 0 14 3 4
42 0 1440 3 1
25 0 1464 5 1
92 0 984 5 1
64 0 1314 1 1
98 0 1337 1 1
78 0 301 4 3
31 0 1051 4 1
41 0 90 2 4
27 0 556 5 5
63 0 628 4 5
58 0 97 1 2
81 0 327 4 3
52 0 227 2 2
70 0 1293 3 3
74 0 1403 3 5
71 0 710 4 5
60 0 264 3 5
73 0 340 3 2
54 0 609 2 1
13 0 467 3 1
85 0 1392 4 2
50 0 738 5 2
79 0 405 5 5
36 0 1288 1 2
96 0 1018 1 4
54 0 491 2 3
91 0 1015 3 2
61 0 1283 1 1
92 0 351 4 2
63 0 676 2 1
23 0 597 1 4
34 0 749 1 5
78 0 838 4 4
68 0 1257 3 4
50 0 764 3 2
76 0 648 2 3
98 0 1498 5 2
72 0 1338 5 4
17 0 648 1 3
77 0 101 5 4
35 0 45 4 5
