50
84 0 1837 2 4
31 0 1839 3 3
89 0 1530 3 3
75 0 983 5 5
65 0 755 3 4
55 0 1704 2 2
39 0 1851 3 3
18 0 1072 1 1
62 0 798 3 4
40 0 1645 2 2
34 0 1556 4 3
31 0 1874 3 2
15 0 1817 4 2
32 0 1482 1 1
38 0 814 5 4
60 0 1209 1 2
97 0 1160 5 4
33 0 1131 1 4
76 0 1600 5 1
16 0 1568 1 4
27 0 1406 1 2
57 0 1147 1 1
96 0 798 1 1
71 0 1679 4 2
84 0 645 5 1
60 0 863 4 3
10 0 1259 1 3
13 0 1223 3 5
59 0 1631 5 1
35 0 1861 4 4
42 0 740 3 4
96 0 1525 3 4
18 0 1605 4 2
31 0 696 2 2
71 0 1203 5 1
73 0 1189 3 1
38 0 1723 5 1
62 0 1083 4 4
44 0 977 1 5
91 0 1177 5 4
55 0 1811 2 3
68 0 864 4 5
22 0 1726 5 5
60 0 1371 1 1
52 0 1037 2 5
13 0 1390 4 2
73 0 851 5 3
49 0 1705 5 3
36 0 1902 1 3
49 0 1134 3 2
