2
120

147 169 
140 154 
155 174 
141 146 
161 135 
143 167 
143 134 
125 151 
143 173 
134 146 
173 169 
159 157 
152 173 
153 147 
154 126 
150 137 
168 126 
130 164 
131 139 
167 137 
169 171 
157 130 
167 142 
154 150 
169 149 
159 158 
154 161 
144 157 
167 134 
134 132 
128 151 
147 174 
146 125 
139 136 
147 146 
145 161 
172 129 
165 170 
167 172 
142 151 
157 168 
155 148 
137 142 
131 169 
172 146 
168 144 
165 172 
154 129 
168 144 
135 132 
144 160 
138 167 
144 155 
170 174 
163 149 
127 148 
159 156 
142 164 
143 137 
144 152 
129 163 
127 138 
130 160 
137 132 
136 157 
139 169 
127 136 
169 153 
149 134 
130 148 
133 140 
142 157 
148 134 
155 132 
167 128 
171 127 
132 127 
143 131 
129 166 
162 151 
141 141 
140 128 
162 138 
139 157 
155 171 
167 169 
131 125 
134 159 
151 160 
147 142 
149 173 
169 145 
137 140 
160 151 
148 138 
166 138 
169 170 
159 164 
125 145 
155 161 
171 146 
142 126 
145 138 
134 147 
139 174 
168 128 
146 159 
169 130 
130 125 
173 155 
168 168 
135 136 
151 134 
170 155 
140 169 
168 152 
156 154 
170 170 
146 169 
137 160 

69 99 98 98 66 96 54 93 97 86 89 53 64 72 90 63 76 77 63 74 67 69 52 89 54 80 66 59 95 81 92 86 58 52 80 76 78 73 94 70 62 79 73 57 91 79 51 90 78 84 94 72 91 99 72 97 53 79 56 74 50 84 78 95 96 52 53 88 67 72 63 86 80 74 74 77 94 89 71 83 72 52 55 62 88 81 87 84 85 77 78 75 84 62 69 73 64 96 76 99 67 91 74 80 92 75 66 80 94 90 67 63 65 97 53 51 54 86 82 80 
67 91 74 80 92 75 66 80 94 90 67 63 65 97 53 51 54 86 82 80 70 68 99 70 72 69 67 96 52 87 95 61 94 51 94 98 79 89 81 84 88 79 63 87 77 58 53 53 68 65 93 80 74 57 92 56 96 53 65 54 56 73 59 85 59 83 98 84 68 88 68 52 95 95 52 89 87 78 74 96 98 87 95 61 51 89 96 76 82 51 72 56 69 82 93 88 71 78 99 55 84 93 87 69 93 73 88 70 72 90 55 79 81 76 72 80 88 52 95 58 
84 93 87 69 93 73 88 70 72 90 55 79 81 76 72 80 88 52 95 58 83 69 60 64 87 80 50 70 69 65 92 97 66 80 94 96 52 72 79 68 50 76 56 92 52 61 78 73 84 58 73 76 64 78 83 91 70 60 74 59 68 98 56 64 78 67 90 56 66 52 90 77 50 55 81 56 89 56 52 53 88 63 84 81 58 73 67 59 75 98 58 90 59 50 56 87 80 65 80 72 54 57 56 88 71 89 71 82 92 81 84 96 76 97 63 51 93 50 63 66 
54 57 56 88 71 89 71 82 92 81 84 96 76 97 63 51 93 50 63 66 89 59 64 85 74 99 77 91 55 72 57 64 65 96 57 54 95 80 94 50 77 92 77 88 71 79 84 69 90 81 77 53 58 83 74 55 63 85 71 75 80 69 91 75 69 99 87 99 85 50 65 90 82 76 95 57 78 62 67 85 53 83 57 99 69 77 86 86 93 77 87 77 73 75 86 92 52 86 60 87 71 63 98 52 63 51 75 93 69 75 93 73 77 91 62 70 89 76 85 89 
71 63 98 52 63 51 75 93 69 75 93 73 77 91 62 70 89 76 85 89 63 79 91 73 70 58 58 80 73 73 58 57 85 69 61 55 52 75 94 84 93 82 74 73 66 55 91 64 62 50 62 88 76 75 62 73 87 69 98 63 76 54 78 80 96 79 64 86 53 70 53 97 75 77 74 63 95 62 98 78 65 59 52 75 79 92 52 90 90 69 87 88 88 70 89 56 90 50 99 68 60 76 79 89 83 83 73 84 60 77 94 67 84 97 62 62 77 81 72 74 
60 76 79 89 83 83 73 84 60 77 94 67 84 97 62 62 77 81 72 74 82 66 69 95 81 98 51 54 72 54 88 83 97 86 58 72 69 76 87 67 71 51 61 51 96 97 88 55 55 86 67 53 63 63 96 59 91 87 60 51 51 89 87 71 56 62 78 53 72 87 94 73 78 50 91 85 86 79 60 69 64 88 65 75 88 83 70 82 97 85 62 99 71 60 58 50 51 87 70 97 78 68 55 93 85 85 56 60 54 99 94 81 56 80 76 58 50 76 72 61 
78 68 55 93 85 85 56 60 54 99 94 81 56 80 76 58 50 76 72 61 83 68 54 72 81 90 65 65 60 98 69 67 67 80 66 78 82 61 66 60 59 82 93 87 61 60 74 81 67 94 62 92 77 70 84 83 91 90 59 64 95 98 63 85 61 76 81 68 67 92 77 61 91 59 51 64 85 96 68 76 80 81 64 70 77 63 84 54 72 60 95 94 71 79 55 76 63 59 92 80 64 98 95 67 64 85 68 61 84 50 62 78 60 72 96 52 73 65 80 55 
64 98 95 67 64 85 68 61 84 50 62 78 60 72 96 52 73 65 80 55 76 56 63 54 90 99 63 59 62 72 54 78 80 69 78 87 98 53 71 60 58 94 98 85 53 67 71 93 68 63 53 90 78 86 84 71 77 57 99 72 75 93 71 58 51 59 62 73 91 55 62 66 82 64 88 79 63 96 80 67 76 63 88 61 88 55 84 88 58 85 99 52 67 57 73 78 83 63 95 62 60 95 91 59 84 59 69 60 73 93 75 67 86 57 92 52 86 76 59 75 
60 95 91 59 84 59 69 60 73 93 75 67 86 57 92 52 86 76 59 75 54 73 89 98 61 70 65 70 64 73 84 60 61 93 66 76 70 65 83 66 80 98 61 76 65 93 81 52 62 87 63 69 62 69 63 86 96 84 57 57 61 77 56 96 65 76 87 57 51 87 96 62 89 63 93 83 66 53 86 54 50 61 56 74 58 88 84 67 87 68 60 66 99 93 94 63 52 96 77 94 59 70 86 98 58 93 51 89 95 54 73 90 70 51 95 86 80 88 85 82 
59 70 86 98 58 93 51 89 95 54 73 90 70 51 95 86 80 88 85 82 78 75 59 71 55 79 82 84 51 66 74 66 51 75 94 97 89 58 91 52 93 56 73 64 88 52 92 62 63 88 56 90 94 62 89 74 53 91 80 96 95 52 92 89 89 51 76 94 84 81 68 95 92 89 77 59 56 75 70 86 71 67 73 82 73 58 61 83 60 60 82 82 93 94 99 80 63 63 94 89 70 99 65 78 77 53 73 53 65 76 81 65 92 96 90 69 99 68 51 83 
70 99 65 78 77 53 73 53 65 76 81 65 92 96 90 69 99 68 51 83 65 95 90 62 86 68 56 65 60 92 62 91 91 88 68 99 97 88 63 65 71 52 96 68 82 78 72 74 69 75 97 51 89 77 78 84 90 80 62 77 90 69 58 50 73 57 77 77 56 85 51 68 90 86 57 91 91 62 87 77 71 54 88 75 91 83 83 51 70 86 89 83 74 52 90 99 87 60 60 62 83 92 85 92 71 55 56 55 97 80 93 61 87 61 57 88 99 85 90 53 
83 92 85 92 71 55 56 55 97 80 93 61 87 61 57 88 99 85 90 53 62 52 60 99 99 81 98 99 63 63 78 75 85 77 68 82 91 76 63 69 78 91 50 60 65 85 92 50 52 65 98 92 74 55 84 95 94 88 81 70 57 93 81 64 53 89 97 93 86 56 78 81 79 97 56 97 53 58 83 83 61 76 59 69 51 99 76 76 69 73 58 74 51 60 86 89 71 54 71 59 55 90 68 71 75 95 83 60 91 82 76 97 81 53 85 59 93 67 59 85 
55 90 68 71 75 95 83 60 91 82 76 97 81 53 85 59 93 67 59 85 64 51 62 53 53 88 57 63 90 72 71 72 79 69 53 74 69 81 73 94 89 59 81 97 91 79 82 64 56 76 99 60 78 90 88 73 96 99 90 94 73 80 82 84 63 94 81 93 71 53 66 66 65 86 67 69 95 86 91 68 79 84 94 94 82 86 87 53 98 95 51 85 95 59 82 51 61 75 55 76 52 86 64 64 81 71 95 50 85 57 90 78 73 57 89 59 76 81 65 57 
52 86 64 64 81 71 95 50 85 57 90 78 73 57 89 59 76 81 65 57 90 90 68 91 91 93 70 83 78 72 62 78 96 58 65 98 66 88 92 57 61 60 73 62 79 71 57 98 53 70 67 80 58 80 67 78 61 63 71 55 74 50 94 81 68 75 69 70 72 69 64 81 63 73 63 84 55 61 87 60 62 66 61 98 50 69 65 78 77 93 83 89 60 55 63 68 79 96 90 62 57 54 50 97 76 71 63 94 76 69 72 68 80 82 51 88 76 58 86 53 
57 54 50 97 76 71 63 94 76 69 72 68 80 82 51 88 76 58 86 53 99 66 92 85 63 77 72 95 55 60 52 69 81 90 54 92 76 72 52 72 65 51 51 68 51 94 99 57 93 81 95 93 85 54 51 52 69 76 52 65 93 79 59 56 75 70 71 55 69 61 77 96 83 98 71 78 84 63 99 63 92 75 55 92 80 91 99 74 52 63 84 87 69 75 85 96 65 65 70 61 51 94 94 60 85 89 52 58 98 63 74 50 86 91 91 96 53 84 96 54 
51 94 94 60 85 89 52 58 98 63 74 50 86 91 91 96 53 84 96 54 63 92 51 60 59 56 71 95 51 71 58 76 98 65 93 52 56 88 85 64 55 90 54 76 86 53 63 54 85 95 71 79 80 82 85 62 55 87 81 97 59 57 54 76 90 69 95 93 52 61 70 68 76 91 98 84 51 80 74 87 97 72 99 91 85 96 84 83 99 74 63 70 89 54 73 96 76 95 68 87 59 90 70 57 51 72 81 93 54 50 69 58 75 58 91 89 83 55 54 84 
59 90 70 57 51 72 81 93 54 50 69 58 75 58 91 89 83 55 54 84 67 96 95 96 71 92 94 98 80 96 97 77 93 64 51 89 72 83 83 74 67 57 54 75 51 78 76 72 58 64 60 67 90 67 81 65 58 59 65 56 67 81 93 53 53 91 73 69 79 50 95 72 97 94 52 73 98 70 90 88 87 92 99 70 92 73 72 73 60 68 75 53 62 53 68 92 90 96 89 74 95 61 55 61 64 84 78 97 62 75 66 62 95 99 85 50 91 88 75 76 
95 61 55 61 64 84 78 97 62 75 66 62 95 99 85 50 91 88 75 76 51 92 75 92 59 76 62 59 81 79 55 53 52 64 82 67 69 94 50 83 66 59 51 55 94 93 62 59 71 82 90 52 54 93 63 91 96 96 78 65 88 50 90 79 88 99 65 60 56 54 51 66 90 64 82 76 60 62 63 84 81 55 76 93 56 91 51 67 60 78 90 93 57 79 79 54 86 73 82 76 72 51 89 97 81 71 60 91 54 82 96 87 77 62 50 75 52 93 96 80 
72 51 89 97 81 71 60 91 54 82 96 87 77 62 50 75 52 93 96 80 90 85 73 56 98 95 68 65 71 64 61 57 59 81 64 58 69 56 98 57 85 98 51 87 98 62 77 83 72 79 99 96 81 68 61 97 65 70 58 62 75 51 86 75 61 53 71 54 96 74 68 57 80 55 77 89 72 56 85 90 78 73 51 74 72 97 97 52 84 81 66 75 73 80 94 84 88 87 93 63 70 64 55 74 56 69 92 93 87 75 82 70 87 53 56 70 54 68 98 64 
70 64 55 74 56 69 92 93 87 75 82 70 87 53 56 70 54 68 98 64 95 52 98 58 99 63 58 68 94 85 82 69 97 86 93 60 63 79 50 65 65 54 86 64 98 85 79 52 94 81 62 73 89 68 81 95 58 70 89 88 68 86 73 57 60 97 65 74 80 83 73 57 63 62 51 67 80 60 87 57 53 54 56 77 52 55 95 75 89 99 93 55 85 87 72 79 68 51 99 92 57 54 53 89 69 95 58 74 94 52 85 58 57 74 91 99 95 92 86 52 
57 54 53 89 69 95 58 74 94 52 85 58 57 74 91 99 95 92 86 52 65 90 87 90 58 76 68 61 50 98 72 84 76 51 87 99 72 81 64 50 94 68 59 88 76 61 61 51 50 79 54 87 50 90 96 75 66 73 95 98 65 96 94 98 99 71 60 89 51 57 94 65 76 70 94 67 51 77 72 62 53 68 64 60 66 99 74 50 69 63 82 55 89 91 90 68 93 84 50 98 94 78 98 74 73 87 81 91 87 57 94 88 57 55 94 98 65 86 72 96 
94 78 98 74 73 87 81 91 87 57 94 88 57 55 94 98 65 86 72 96 59 54 73 84 51 65 96 52 67 83 66 84 52 58 93 70 99 65 72 99 79 91 91 57 77 89 55 94 67 83 77 95 56 70 62 89 71 55 99 95 84 81 94 57 58 62 52 91 99 85 50 60 75 52 72 62 58 91 72 82 84 51 62 83 75 88 93 98 59 97 92 71 52 65 53 65 70 65 88 91 74 70 58 80 71 91 89 54 68 98 56 91 85 70 66 52 88 88 99 64 
74 70 58 80 71 91 89 54 68 98 56 91 85 70 66 52 88 88 99 64 82 58 81 50 59 96 63 95 76 50 97 87 72 91 59 68 72 50 68 59 53 77 77 52 67 88 88 85 88 94 94 94 60 78 75 93 69 63 77 99 64 51 50 72 87 61 91 84 72 63 67 65 67 80 88 81 96 78 60 58 91 90 56 62 55 52 99 67 85 77 90 55 65 85 91 75 67 89 95 59 57 60 99 62 58 96 69 74 77 89 93 57 62 57 61 63 64 61 80 86 
57 60 99 62 58 96 69 74 77 89 93 57 62 57 61 63 64 61 80 86 87 77 93 81 63 86 97 70 51 58 82 64 73 73 67 75 58 51 79 72 79 87 75 98 99 57 83 91 50 75 76 90 58 90 71 55 95 94 61 88 77 91 64 88 56 86 69 60 75 73 73 75 57 66 82 82 55 94 53 57 52 91 79 85 71 71 68 53 53 84 57 67 76 68 80 95 95 74 65 68 60 71 77 82 57 51 85 70 60 87 70 83 63 78 84 61 55 93 89 96 
60 71 77 82 57 51 85 70 60 87 70 83 63 78 84 61 55 93 89 96 53 87 84 93 54 84 58 76 58 84 65 84 64 72 64 62 50 66 76 96 55 80 76 69 75 56 75 94 93 80 81 54 90 67 55 80 93 92 62 82 53 93 92 80 96 98 78 74 70 92 72 85 75 86 80 96 73 59 52 91 62 91 99 60 77 91 96 97 68 88 79 75 79 60 62 82 99 95 53 78 93 55 99 87 93 85 62 89 54 89 69 53 80 63 69 56 91 69 95 93 
93 55 99 87 93 85 62 89 54 89 69 53 80 63 69 56 91 69 95 93 90 65 82 93 86 66 75 53 75 54 50 76 98 69 78 89 84 50 83 95 52 95 87 80 92 66 56 94 57 80 88 73 99 75 80 85 75 61 77 64 66 64 52 89 97 75 94 57 93 93 97 50 82 50 73 87 80 81 92 54 74 68 63 85 98 54 59 80 80 62 93 96 55 57 57 62 84 63 87 96 83 95 63 96 64 85 76 53 63 63 94 72 58 71 95 94 63 68 59 51 
83 95 63 96 64 85 76 53 63 63 94 72 58 71 95 94 63 68 59 51 75 72 93 75 68 60 63 79 59 80 75 55 55 90 79 53 82 92 75 67 54 58 76 55 70 90 80 76 73 58 72 82 98 50 71 52 50 79 85 58 91 54 59 95 80 95 52 88 62 61 87 60 70 70 65 77 91 60 65 72 63 51 95 76 86 77 78 60 68 94 71 59 67 82 63 67 84 63 74 64 71 96 69 98 79 87 53 93 96 91 97 71 50 61 93 92 71 72 84 57 
71 96 69 98 79 87 53 93 96 91 97 71 50 61 93 92 71 72 84 57 58 75 74 60 83 64 89 80 79 86 88 85 51 59 57 61 90 66 54 74 78 53 92 99 52 84 95 98 98 69 53 65 79 88 66 88 73 74 79 55 59 62 50 57 62 62 65 95 51 99 64 55 54 52 74 97 83 79 58 53 68 83 76 66 53 65 78 81 50 54 94 62 69 56 58 69 53 56 53 81 63 78 73 52 85 78 97 51 96 59 65 53 76 90 81 57 73 88 99 80 
63 78 73 52 85 78 97 51 96 59 65 53 76 90 81 57 73 88 99 80 91 93 55 50 68 82 95 77 79 85 58 71 63 93 80 50 73 81 91 58 89 70 88 72 71 61 61 93 57 93 92 91 89 66 72 67 53 84 78 70 91 96 61 71 83 95 94 68 93 98 81 88 82 87 70 95 67 57 63 62 73 65 72 75 69 73 72 75 86 89 96 71 76 99 53 96 63 94 66 84 93 96 70 51 99 85 74 77 96 91 95 81 94 54 64 88 95 98 93 82 
93 96 70 51 99 85 74 77 96 91 95 81 94 54 64 88 95 98 93 82 91 72 54 50 72 76 91 92 76 83 75 84 61 76 69 95 92 68 98 96 98 72 65 71 96 69 90 77 71 62 70 94 57 94 86 60 62 51 56 91 88 93 64 92 93 93 88 50 63 73 82 82 89 94 62 99 74 88 69 51 58 80 85 71 80 70 92 57 73 77 94 89 66 89 56 87 52 88 55 65 74 92 82 67 72 92 95 73 81 56 61 60 74 61 68 90 83 67 96 51 
74 92 82 67 72 92 95 73 81 56 61 60 74 61 68 90 83 67 96 51 53 97 88 54 87 51 68 96 75 78 82 97 50 65 98 72 97 62 67 89 86 60 71 69 78 71 62 99 97 67 59 74 97 63 95 80 56 55 66 96 75 81 91 52 53 79 80 62 66 60 87 53 91 70 82 84 96 71 73 99 58 52 71 69 65 90 61 57 89 59 50 89 92 76 57 63 83 93 74 86 83 66 73 72 87 59 87 77 93 53 73 66 57 62 69 69 90 97 73 66 
83 66 73 72 87 59 87 77 93 53 73 66 57 62 69 69 90 97 73 66 72 77 77 75 76 89 85 84 66 52 89 65 89 81 82 87 60 50 75 78 70 77 82 67 91 69 62 68 62 87 60 64 69 94 57 55 74 61 50 98 93 78 51 61 51 51 61 78 78 50 71 78 66 99 87 85 95 99 92 97 98 62 67 89 91 75 52 54 84 74 91 56 94 90 53 70 95 93 84 64 59 78 74 83 98 82 52 93 81 70 86 80 82 74 67 72 65 94 81 87 
59 78 74 83 98 82 52 93 81 70 86 80 82 74 67 72 65 94 81 87 96 70 64 82 54 51 97 82 60 65 82 95 88 93 58 79 91 71 58 66 68 79 97 55 77 73 93 59 66 92 92 71 53 68 86 65 77 59 94 84 52 97 64 51 58 65 68 88 75 98 86 93 87 69 85 97 60 65 57 92 78 93 74 58 83 81 99 85 62 75 80 93 79 65 65 75 87 90 77 90 57 73 76 74 83 91 72 59 79 58 99 97 60 58 64 73 52 50 77 76 
57 73 76 74 83 91 72 59 79 58 99 97 60 58 64 73 52 50 77 76 97 63 96 93 81 73 95 68 58 54 59 99 83 58 84 70 51 85 54 66 50 67 56 74 59 73 84 71 91 52 54 90 94 84 93 76 73 92 51 65 98 60 58 81 96 52 97 99 62 51 93 95 88 95 64 93 66 88 95 50 96 73 62 70 50 60 61 94 82 56 87 65 93 52 52 84 99 72 56 51 52 97 64 60 76 94 67 60 85 70 64 50 59 92 51 54 63 63 54 91 
52 97 64 60 76 94 67 60 85 70 64 50 59 92 51 54 63 63 54 91 50 56 88 89 88 95 77 88 86 56 86 99 60 79 99 70 99 70 68 95 58 83 80 92 57 54 69 51 87 92 68 70 60 75 50 85 85 59 50 54 50 74 98 78 54 89 86 86 84 79 73 93 94 99 50 90 62 72 94 98 98 53 81 60 58 51 54 59 64 76 99 65 53 94 71 53 99 50 87 62 85 73 89 79 53 50 80 99 66 96 67 63 74 70 59 62 65 76 54 77 
85 73 89 79 53 50 80 99 66 96 67 63 74 70 59 62 65 76 54 77 99 93 74 92 59 83 95 67 85 92 82 66 63 79 95 84 74 90 66 80 56 69 82 70 82 65 66 98 71 81 58 74 68 51 82 98 53 56 94 98 56 72 65 50 84 76 57 93 72 87 62 80 80 84 74 60 53 94 90 66 95 92 54 66 73 97 99 87 80 92 80 81 50 71 73 90 78 93 65 55 67 54 89 88 96 81 83 63 83 78 56 56 93 72 54 70 95 57 91 55 
67 54 89 88 96 81 83 63 83 78 56 56 93 72 54 70 95 57 91 55 79 95 66 71 90 64 66 72 61 65 59 97 50 76 90 80 97 86 50 74 75 56 92 96 53 94 87 66 83 90 83 73 92 53 98 81 87 75 57 78 99 61 76 58 94 80 56 70 66 95 90 90 62 91 68 70 73 62 79 54 54 77 82 71 57 73 79 85 51 51 90 62 55 54 80 66 82 57 77 96 91 79 63 55 97 71 70 87 73 84 55 87 55 59 74 82 85 64 89 69 
91 79 63 55 97 71 70 87 73 84 55 87 55 59 74 82 85 64 89 69 59 71 81 58 57 71 66 65 78 77 86 53 72 70 67 80 87 61 63 53 52 95 75 68 99 98 79 55 55 68 54 92 69 85 97 99 71 88 87 94 78 54 76 79 98 60 90 55 91 65 53 92 60 78 85 84 89 87 54 96 98 60 90 66 94 74 95 59 67 96 83 75 76 53 53 95 72 61 85 57 66 94 90 93 89 91 65 69 56 68 89 83 87 80 98 64 64 81 66 56 
66 94 90 93 89 91 65 69 56 68 89 83 87 80 98 64 64 81 66 56 66 74 92 77 82 76 53 59 75 53 83 79 75 70 69 69 53 77 60 65 97 76 90 70 76 98 91 60 89 55 96 80 96 94 78 84 70 58 90 61 58 88 91 67 85 54 69 93 61 59 54 79 83 86 86 76 73 78 92 90 55 51 60 81 93 83 71 71 75 95 89 64 53 72 87 94 84 92 97 93 98 90 84 88 52 64 67 96 72 98 76 69 99 60 83 93 82 94 55 74 
98 90 84 88 52 64 67 96 72 98 76 69 99 60 83 93 82 94 55 74 73 74 63 89 64 61 89 70 58 63 51 88 93 70 82 68 62 82 71 51 99 52 84 68 69 53 84 78 66 80 86 70 52 87 82 74 82 68 92 96 80 62 79 58 98 94 84 59 67 78 99 99 55 85 57 53 83 83 55 68 61 57 61 66 58 75 76 77 75 94 53 57 65 82 60 71 93 54 74 78 99 74 66 84 55 52 83 93 98 82 78 75 97 99 87 77 68 72 78 81 
99 74 66 84 55 52 83 93 98 82 78 75 97 99 87 77 68 72 78 81 58 76 69 62 85 80 60 93 83 91 70 80 79 78 93 99 67 69 54 69 99 83 63 57 55 70 93 69 71 59 99 87 85 74 91 88 96 97 91 84 71 59 98 58 67 61 70 68 63 96 99 74 77 89 78 88 92 57 74 64 74 95 73 86 57 57 99 87 54 66 50 75 60 74 58 64 82 66 62 78 68 70 50 94 55 52 99 75 50 63 86 95 73 55 93 81 81 68 60 50 
68 70 50 94 55 52 99 75 50 63 86 95 73 55 93 81 81 68 60 50 66 79 87 76 55 50 66 95 50 87 94 61 51 65 84 73 87 80 76 73 86 80 67 58 55 73 86 69 70 81 67 69 68 81 70 84 92 57 65 94 72 99 95 70 57 85 86 50 95 83 80 95 87 74 77 51 52 87 63 87 98 69 77 70 64 63 96 66 52 73 98 81 84 62 65 93 54 99 89 60 97 89 93 84 77 57 95 84 99 89 90 85 74 56 54 57 79 61 89 70 
97 89 93 84 77 57 95 84 99 89 90 85 74 56 54 57 79 61 89 70 55 54 62 69 92 84 75 97 67 59 77 97 57 71 50 52 93 66 95 94 51 52 92 83 51 93 50 55 67 54 84 61 99 85 93 67 88 87 58 61 58 92 55 66 56 93 62 89 95 80 56 81 62 62 50 97 99 71 79 96 99 68 96 78 86 63 83 70 94 90 91 85 97 85 68 91 64 61 91 60 61 90 74 51 72 65 96 54 95 88 84 77 98 86 80 56 90 63 70 58 
61 90 74 51 72 65 96 54 95 88 84 77 98 86 80 56 90 63 70 58 51 82 61 57 54 50 72 85 64 99 62 82 58 72 87 96 67 71 57 56 52 64 52 85 77 57 60 67 88 98 83 50 76 93 81 90 83 77 82 57 94 55 82 62 77 80 83 89 93 72 59 90 62 83 79 88 58 89 94 72 56 83 71 52 51 66 52 70 84 96 62 71 81 94 73 65 71 64 67 91 85 86 54 62 57 85 80 90 68 89 54 50 57 89 95 57 74 63 75 68 
85 86 54 62 57 85 80 90 68 89 54 50 57 89 95 57 74 63 75 68 78 95 83 87 71 80 59 87 64 74 81 81 74 87 99 84 86 80 96 77 82 81 53 87 76 70 58 58 99 86 57 91 52 81 85 98 63 67 91 69 72 89 89 71 61 52 91 62 59 91 65 59 64 57 78 66 83 76 93 98 80 88 54 91 93 94 78 83 64 53 74 96 78 94 75 89 73 78 89 95 68 95 58 77 69 58 54 76 52 55 54 68 83 67 53 59 74 91 62 77 
68 95 58 77 69 58 54 76 52 55 54 68 83 67 53 59 74 91 62 77 60 58 94 99 95 82 72 73 87 66 54 63 67 83 93 96 80 64 79 59 82 73 51 63 81 75 69 75 99 74 76 78 69 65 80 61 78 52 97 99 67 83 74 71 51 68 62 88 73 83 77 67 50 97 67 80 50 56 99 90 94 96 53 90 50 92 55 83 70 99 82 74 86 77 98 93 79 74 53 77 54 54 80 92 56 88 53 98 61 74 71 95 58 53 63 99 76 70 68 66 
54 54 80 92 56 88 53 98 61 74 71 95 58 53 63 99 76 70 68 66 63 86 86 51 69 51 60 88 79 78 65 55 79 87 80 72 69 81 60 84 64 56 84 92 93 99 88 55 87 89 88 97 52 58 56 75 50 92 91 70 60 95 96 53 86 90 76 51 69 58 51 59 81 68 79 87 51 82 94 90 58 55 85 72 65 52 66 68 55 99 95 71 64 99 95 67 87 62 60 89 50 85 79 82 71 93 56 51 70 63 69 91 62 86 89 89 59 75 81 56 
50 85 79 82 71 93 56 51 70 63 69 91 62 86 89 89 59 75 81 56 81 91 79 55 85 83 78 80 85 51 64 59 50 63 51 65 79 94 73 77 61 95 55 80 64 82 90 56 56 51 64 88 63 88 72 64 93 51 82 89 76 56 96 75 71 80 92 55 80 59 96 93 99 73 74 77 60 85 67 88 56 91 93 58 57 75 50 74 83 85 62 77 78 54 67 57 78 88 68 80 69 77 99 79 91 82 52 82 55 88 64 81 65 70 53 93 72 55 51 93 
69 77 99 79 91 82 52 82 55 88 64 81 65 70 53 93 72 55 51 93 96 51 84 89 79 84 89 67 65 71 71 90 92 51 52 97 58 71 74 81 64 81 88 84 59 95 83 62 84 61 86 56 93 84 61 77 57 59 99 55 76 55 65 99 66 83 60 63 71 88 50 96 92 57 59 90 86 85 75 83 86 97 74 58 92 54 89 83 82 63 50 55 97 75 79 99 54 97 64 63 70 58 70 83 96 94 93 97 81 61 67 53 59 80 89 74 69 65 51 69 
70 58 70 83 96 94 93 97 81 61 67 53 59 80 89 74 69 65 51 69 64 68 52 52 94 85 58 74 59 66 70 77 51 63 96 97 76 59 60 58 75 82 85 78 79 51 53 66 90 89 53 88 78 71 50 74 65 90 69 61 55 71 57 59 51 67 57 79 92 73 81 70 67 99 55 98 80 95 92 93 78 71 65 88 66 64 58 63 88 99 82 91 61 51 69 79 83 96 79 93 85 80 64 80 51 53 73 56 55 89 65 59 70 91 83 90 93 58 74 81 
85 80 64 80 51 53 73 56 55 89 65 59 70 91 83 90 93 58 74 81 53 95 77 66 62 56 99 66 98 60 77 92 92 92 56 68 63 87 82 88 88 95 95 98 71 93 59 55 79 99 63 51 50 85 60 83 51 59 77 53 52 64 83 53 68 59 98 73 73 78 64 56 94 57 87 56 84 72 62 76 59 83 60 66 81 79 83 88 68 55 79 65 80 58 64 50 96 92 92 67 68 54 93 83 85 52 99 67 78 85 81 73 64 82 52 66 76 98 91 80 
68 54 93 83 85 52 99 67 78 85 81 73 64 82 52 66 76 98 91 80 80 64 75 52 81 59 81 85 82 89 61 59 53 76 61 57 81 53 84 78 86 61 53 71 58 58 88 69 53 81 62 75 75 60 59 90 53 75 98 83 71 61 88 67 80 52 66 84 79 80 74 57 72 57 66 92 90 55 72 77 89 59 54 88 89 62 84 52 97 83 83 56 97 92 77 96 54 93 79 98 56 96 92 58 67 87 68 70 96 83 52 80 50 84 99 81 79 99 57 99 
56 96 92 58 67 87 68 70 96 83 52 80 50 84 99 81 79 99 57 99 83 71 85 78 94 97 98 98 65 95 94 75 90 70 92 54 82 60 65 65 54 67 53 87 87 79 65 68 82 84 62 65 81 56 76 93 89 99 83 53 54 79 67 94 78 95 84 83 62 75 52 76 85 53 90 95 80 95 51 94 90 90 84 81 90 78 94 71 68 75 54 51 64 82 76 51 66 78 63 69 56 92 75 50 86 52 84 84 98 57 87 85 69 60 67 66 59 68 82 58 
56 92 75 50 86 52 84 84 98 57 87 85 69 60 67 66 59 68 82 58 94 65 65 63 84 86 77 84 69 68 51 68 67 50 94 61 92 99 79 81 68 74 69 66 99 87 56 67 90 76 95 63 72 95 79 50 63 77 61 65 97 90 70 81 51 53 59 63 68 61 80 98 61 81 95 63 72 75 53 77 76 59 84 53 66 77 69 64 67 67 99 85 85 71 90 64 92 81 76 93 84 61 68 80 73 86 65 95 72 50 63 56 93 69 66 61 57 53 86 79 
84 61 68 80 73 86 65 95 72 50 63 56 93 69 66 61 57 53 86 79 97 59 94 58 65 76 97 61 65 90 82 82 55 67 57 79 53 80 85 63 90 55 55 73 61 56 90 58 85 51 87 76 67 88 70 56 80 64 93 87 59 87 59 58 63 91 73 61 74 61 60 83 91 57 93 63 50 76 67 54 98 50 98 72 85 58 71 94 78 52 75 99 92 57 96 63 84 70 76 77 90 93 54 60 90 78 66 53 93 98 70 91 94 70 52 86 94 76 52 54 
90 93 54 60 90 78 66 53 93 98 70 91 94 70 52 86 94 76 52 54 79 89 60 98 95 79 99 65 83 69 92 65 75 96 51 95 91 72 54 83 88 57 55 77 57 56 53 67 67 60 96 83 58 91 97 64 78 80 85 75 73 67 78 99 61 71 97 94 90 79 99 69 78 74 61 59 57 90 54 92 88 53 78 83 56 65 58 83 86 74 88 86 63 81 91 93 81 76 84 77 50 50 72 91 67 96 91 91 95 61 85 75 82 62 71 84 63 96 62 79 
50 50 72 91 67 96 91 91 95 61 85 75 82 62 71 84 63 96 62 79 85 60 97 88 60 96 65 59 90 51 92 89 96 63 83 98 97 97 61 69 56 98 71 80 52 94 70 53 67 97 51 61 51 91 79 59 70 93 80 84 92 98 68 66 70 60 77 83 51 80 58 64 84 50 71 85 88 53 96 95 56 74 75 80 52 59 65 65 58 57 78 75 87 75 66 89 57 82 91 85 92 72 68 50 76 51 71 97 71 91 58 81 53 86 90 62 81 97 69 88 
92 72 68 50 76 51 71 97 71 91 58 81 53 86 90 62 81 97 69 88 69 59 57 92 78 81 95 74 83 93 61 74 74 95 87 68 77 54 75 73 85 67 93 60 76 52 71 72 96 79 80 54 93 85 61 60 75 88 82 63 58 75 94 76 71 59 65 81 93 73 86 68 88 64 56 55 65 62 98 82 50 52 86 80 65 51 73 99 88 69 71 59 58 53 90 72 85 74 81 80 69 91 97 97 74 65 95 97 82 83 86 85 94 63 81 72 57 60 63 89 
69 91 97 97 74 65 95 97 82 83 86 85 94 63 81 72 57 60 63 89 84 81 65 66 89 68 59 64 64 82 95 55 92 68 56 87 97 69 62 71 86 54 55 54 84 78 68 57 59 68 72 88 67 54 52 90 92 88 96 62 72 82 67 72 89 66 71 92 91 58 77 58 64 78 54 68 94 52 81 60 60 97 91 61 63 99 98 63 50 93 67 67 97 63 71 84 65 94 90 71 83 98 55 78 83 84 91 83 79 73 62 54 52 93 54 97 59 78 73 89 
83 98 55 78 83 84 91 83 79 73 62 54 52 93 54 97 59 78 73 89 84 83 63 76 59 82 70 79 67 71 68 90 56 80 90 87 95 68 51 75 81 56 63 72 68 91 97 74 68 97 84 86 63 70 52 83 64 90 90 64 73 95 91 59 66 97 65 91 56 88 59 53 77 84 59 76 62 52 64 87 96 55 61 83 85 55 71 63 82 83 57 85 54 99 78 95 60 50 67 75 80 90 86 81 60 78 59 96 56 92 94 87 64 63 65 96 79 66 61 65 
80 90 86 81 60 78 59 96 56 92 94 87 64 63 65 96 79 66 61 65 98 91 84 88 62 56 97 77 73 51 58 76 64 63 87 87 88 84 63 94 78 90 52 85 78 51 88 63 60 69 50 73 53 72 57 86 61 97 55 57 53 84 66 99 59 87 92 72 97 72 97 79 98 74 64 84 59 56 71 56 60 98 63 50 77 57 98 94 55 70 54 62 63 82 67 77 91 53 78 52 69 89 81 59 85 56 81 70 64 64 92 68 92 68 84 85 57 74 74 73 
69 89 81 59 85 56 81 70 64 64 92 68 92 68 84 85 57 74 74 73 88 63 77 86 88 91 83 54 91 95 81 61 99 86 82 78 56 81 91 89 53 63 71 62 74 85 77 68 86 54 52 82 97 50 78 80 86 85 78 53 65 51 86 94 67 94 95 90 97 64 56 86 60 76 74 68 83 64 61 80 58 81 68 79 61 99 82 84 72 84 54 91 51 91 96 85 69 89 90 95 79 59 91 62 70 75 68 65 88 52 60 99 50 94 89 99 83 85 57 55 
79 59 91 62 70 75 68 65 88 52 60 99 50 94 89 99 83 85 57 55 61 96 60 55 63 50 93 54 58 84 84 94 54 99 66 79 68 88 95 63 57 68 66 90 51 56 99 72 67 54 81 84 66 80 71 60 55 99 96 53 62 99 97 70 56 56 93 60 80 56 63 52 76 98 98 72 87 62 69 56 90 75 56 79 98 80 75 90 77 96 54 53 51 94 98 63 53 80 99 68 67 95 88 60 91 87 64 60 89 56 73 62 81 87 53 84 76 54 88 69 
67 95 88 60 91 87 64 60 89 56 73 62 81 87 53 84 76 54 88 69 53 70 90 80 61 88 61 53 90 83 59 97 63 95 67 66 84 73 87 95 50 59 62 70 93 51 61 73 91 95 56 90 87 95 80 97 97 87 63 96 56 91 58 78 68 78 76 58 87 52 77 59 78 78 95 81 62 73 78 96 82 57 95 78 51 98 78 52 75 62 78 97 56 77 59 64 68 70 80 84 66 88 91 88 55 59 66 51 96 61 92 56 90 57 53 58 97 83 52 99 
66 88 91 88 55 59 66 51 96 61 92 56 90 57 53 58 97 83 52 99 97 54 67 93 74 96 88 98 65 51 68 57 66 94 75 73 50 61 74 98 90 59 97 76 73 76 59 80 51 83 75 95 64 68 74 88 69 63 80 79 71 65 63 62 76 50 60 77 70 58 53 52 92 72 99 89 86 52 54 82 72 56 82 96 68 73 65 68 87 75 85 72 58 73 68 83 51 79 64 67 79 57 82 54 68 72 60 82 86 76 85 72 73 57 63 53 85 90 92 77 
79 57 82 54 68 72 60 82 86 76 85 72 73 57 63 53 85 90 92 77 73 93 81 51 80 52 51 54 95 97 72 72 74 97 83 54 59 67 86 82 73 60 85 90 82 62 98 99 78 67 58 96 93 97 85 70 50 86 94 81 93 90 67 82 80 60 84 89 57 69 69 71 59 61 87 94 74 67 76 65 74 51 99 62 66 85 65 90 73 67 59 97 94 56 57 73 58 84 96 52 75 74 61 99 89 99 84 54 85 55 95 84 72 74 78 79 81 85 83 51 
75 74 61 99 89 99 84 54 85 55 95 84 72 74 78 79 81 85 83 51 80 57 53 67 75 77 87 56 94 76 90 58 74 70 82 55 92 66 52 89 99 52 71 86 53 60 65 87 68 72 83 59 81 98 54 86 74 52 60 61 55 55 84 95 73 99 67 84 53 53 81 66 81 83 99 55 80 91 86 52 85 77 52 92 81 95 57 80 53 85 88 99 96 98 98 74 67 68 65 52 85 72 85 69 73 58 95 59 81 91 93 60 67 85 57 58 70 65 66 77 
85 72 85 69 73 58 95 59 81 91 93 60 67 85 57 58 70 65 66 77 65 57 77 61 88 64 90 70 81 59 61 86 94 79 72 54 93 71 70 77 50 90 54 64 67 54 86 79 79 98 67 52 97 95 68 99 55 59 94 86 95 72 71 98 65 85 70 65 65 74 92 82 78 64 50 58 71 61 88 76 67 50 66 77 79 64 97 67 91 70 77 70 98 73 95 89 99 89 95 62 73 50 66 71 98 52 90 57 63 79 50 77 89 66 54 51 87 93 97 59 
73 50 66 71 98 52 90 57 63 79 50 77 89 66 54 51 87 93 97 59 74 76 60 60 94 51 54 65 95 51 91 53 96 68 58 60 81 78 91 91 64 91 52 95 54 60 55 62 86 52 75 96 88 61 59 94 95 65 67 97 50 79 61 53 79 74 68 62 78 80 77 95 66 88 64 94 69 65 97 91 76 52 50 63 51 98 90 82 68 91 82 61 69 97 63 53 65 84 71 76 52 69 99 59 54 56 97 73 75 87 61 88 99 85 80 95 66 62 72 86 
52 69 99 59 54 56 97 73 75 87 61 88 99 85 80 95 66 62 72 86 77 77 62 72 55 76 54 81 99 65 92 60 89 79 60 85 63 71 54 96 99 83 63 68 78 83 73 68 76 58 88 80 81 65 51 50 72 66 56 82 75 56 92 98 57 58 55 54 92 67 95 89 99 96 60 97 74 80 52 85 99 65 75 86 62 85 51 58 72 84 56 75 52 76 64 63 91 80 86 54 54 97 86 88 51 77 86 92 85 53 70 99 56 65 61 82 97 77 72 87 
54 97 86 88 51 77 86 92 85 53 70 99 56 65 61 82 97 77 72 87 58 61 81 54 69 72 80 65 78 53 91 73 52 64 70 72 96 98 74 53 85 83 94 54 57 75 80 70 74 65 97 75 99 76 79 75 84 70 72 67 52 80 57 64 97 78 79 67 74 60 66 88 83 81 75 52 52 85 74 52 99 72 83 76 80 99 81 89 56 92 98 88 88 85 98 56 65 93 96 85 74 57 93 71 56 82 90 77 79 83 58 52 72 50 99 58 79 89 58 55 
74 57 93 71 56 82 90 77 79 83 58 52 72 50 99 58 79 89 58 55 66 58 64 68 72 81 78 70 89 79 90 52 61 97 90 87 67 73 51 88 79 93 92 79 87 73 54 56 88 65 58 68 58 55 96 77 79 94 51 95 83 57 77 50 52 60 91 72 53 80 77 50 95 54 71 59 62 53 51 61 94 52 55 89 58 68 87 88 62 76 63 54 89 70 62 97 94 56 58 54 56 86 70 91 91 64 93 51 52 84 80 72 71 92 57 57 95 59 57 51 
56 86 70 91 91 64 93 51 52 84 80 72 71 92 57 57 95 59 57 51 79 70 77 83 81 97 59 52 56 62 56 87 73 82 70 58 67 95 78 93 52 85 56 75 67 62 79 73 99 59 74 95 56 61 93 63 68 83 84 80 77 88 73 76 52 76 66 95 66 73 92 70 73 82 62 97 64 60 72 64 93 73 94 80 76 82 68 89 61 95 72 54 71 92 90 88 72 80 87 65 94 68 59 97 79 60 59 72 71 86 86 70 82 50 73 56 97 51 92 57 
94 68 59 97 79 60 59 72 71 86 86 70 82 50 73 56 97 51 92 57 55 85 65 68 81 88 62 92 94 69 82 74 85 87 64 95 72 72 93 61 53 82 60 81 73 60 56 80 75 54 68 99 62 92 83 71 83 55 94 63 68 60 58 59 95 79 65 65 99 95 54 72 97 89 69 69 79 69 68 94 60 67 66 58 50 95 70 57 74 64 87 97 71 52 79 54 96 88 93 90 55 85 62 56 77 75 85 54 53 73 63 64 90 92 75 60 58 91 55 52 
55 85 62 56 77 75 85 54 53 73 63 64 90 92 75 60 58 91 55 52 76 59 56 73 92 81 70 51 62 98 65 56 68 83 91 83 82 63 81 75 74 69 57 80 62 92 68 66 53 58 77 66 96 67 93 86 71 92 58 79 62 92 52 56 76 88 86 76 51 82 76 61 85 90 69 52 62 85 98 98 66 81 76 78 91 55 92 55 96 64 81 85 61 66 94 96 95 87 77 54 89 66 81 66 77 72 67 80 81 93 52 76 73 70 80 92 91 86 79 77 
89 66 81 66 77 72 67 80 81 93 52 76 73 70 80 92 91 86 79 77 86 56 94 77 79 72 70 84 92 70 83 84 74 71 68 72 56 62 57 54 72 82 87 77 51 54 68 62 92 64 80 71 81 67 63 99 60 59 86 60 82 62 97 92 50 86 93 78 89 54 80 78 74 74 79 50 63 81 70 57 67 99 80 74 98 51 68 60 52 90 73 83 80 84 65 99 55 60 77 85 63 61 79 87 90 81 53 66 86 77 56 61 82 81 65 96 62 63 85 82 
63 61 79 87 90 81 53 66 86 77 56 61 82 81 65 96 62 63 85 82 53 95 77 77 57 64 77 56 98 97 84 83 50 57 90 94 56 94 75 68 60 62 62 73 93 67 64 82 86 80 73 78 88 66 99 52 88 50 67 61 55 90 65 96 80 76 59 64 79 85 98 90 63 80 74 53 77 97 95 78 55 86 82 84 83 78 65 72 64 55 52 52 55 75 63 75 73 74 95 86 77 91 65 77 54 93 76 66 88 57 76 75 77 65 56 99 91 88 86 96 
77 91 65 77 54 93 76 66 88 57 76 75 77 65 56 99 91 88 86 96 74 72 95 69 52 80 92 53 94 98 77 91 56 95 92 54 68 88 75 66 75 73 65 79 59 91 66 71 79 70 50 60 52 81 57 82 95 57 63 56 86 61 99 77 99 71 54 83 63 81 85 94 58 87 88 72 89 87 63 64 84 74 72 85 83 80 66 92 68 73 80 89 88 69 94 68 85 51 76 61 88 93 99 98 93 87 70 89 83 58 76 82 65 85 68 50 99 96 56 92 
88 93 99 98 93 87 70 89 83 58 76 82 65 85 68 50 99 96 56 92 56 96 90 65 60 64 72 97 69 72 62 65 56 65 93 85 89 53 79 82 57 65 51 51 85 61 96 52 92 99 50 75 56 50 93 67 50 78 76 70 58 51 99 81 96 50 50 73 86 72 77 92 69 55 96 71 73 52 90 97 50 56 60 66 84 84 94 86 78 85 92 82 55 53 83 68 99 51 89 55 92 73 99 81 79 58 82 62 89 87 55 95 84 62 94 94 58 73 86 96 
92 73 99 81 79 58 82 62 89 87 55 95 84 62 94 94 58 73 86 96 61 55 91 65 64 69 52 71 57 78 88 85 90 93 56 90 55 85 91 51 78 85 55 65 61 87 72 86 63 97 69 67 85 61 96 66 70 92 80 61 63 72 97 97 53 80 65 72 88 53 61 74 65 89 84 58 97 87 56 95 73 83 94 54 93 52 62 99 94 70 89 89 73 79 98 80 98 91 74 88 99 91 81 74 64 57 98 85 51 99 61 57 94 90 61 69 98 51 78 58 
99 91 81 74 64 57 98 85 51 99 61 57 94 90 61 69 98 51 78 58 50 75 87 69 52 65 63 78 95 98 72 72 83 91 88 59 88 57 94 71 84 68 98 51 87 78 56 65 67 59 70 91 69 83 57 71 72 97 82 65 65 67 66 99 97 89 60 81 90 68 88 91 59 78 66 61 78 90 99 88 57 77 55 78 84 55 91 50 65 63 69 86 71 51 73 83 56 54 64 60 78 81 63 63 84 71 51 81 73 85 91 77 88 51 94 83 84 95 52 94 
78 81 63 63 84 71 51 81 73 85 91 77 88 51 94 83 84 95 52 94 93 94 78 81 88 87 53 78 97 83 74 53 82 75 64 81 69 65 52 70 84 99 66 70 89 75 68 63 66 83 67 72 51 95 98 86 99 89 55 89 95 56 53 95 60 65 77 57 81 80 78 85 77 56 78 50 59 59 51 90 76 53 96 89 69 67 61 70 58 63 53 84 51 72 90 58 75 99 68 70 87 68 78 55 65 97 64 97 82 86 97 94 99 79 96 84 99 81 63 69 
87 68 78 55 65 97 64 97 82 86 97 94 99 79 96 84 99 81 63 69 57 53 65 97 70 93 77 74 65 63 71 64 98 59 86 53 84 79 77 78 87 89 70 89 92 68 87 69 97 69 64 72 99 75 83 69 92 83 73 54 75 56 87 73 56 61 70 97 53 78 89 89 82 84 95 79 89 60 54 52 97 80 85 67 94 59 61 63 82 74 53 96 85 53 76 90 85 87 56 76 81 67 94 87 63 83 53 79 52 59 84 61 65 76 77 64 79 94 74 84 
81 67 94 87 63 83 53 79 52 59 84 61 65 76 77 64 79 94 74 84 57 99 79 83 70 67 59 79 84 72 55 81 73 58 54 51 85 88 54 58 64 71 67 52 69 99 81 96 83 73 78 77 70 80 78 81 61 80 56 88 92 54 82 85 53 59 85 83 77 97 68 77 55 68 70 75 87 80 76 77 68 69 61 75 60 74 73 72 60 72 65 61 61 58 52 71 66 81 68 92 90 67 82 96 79 63 72 69 93 60 81 83 65 70 93 70 60 51 90 53 
90 67 82 96 79 63 72 69 93 60 81 83 65 70 93 70 60 51 90 53 71 83 83 86 71 71 86 73 98 71 63 99 77 53 81 86 68 77 94 94 74 94 59 54 57 72 81 58 99 89 71 70 65 57 93 97 81 67 81 86 56 86 89 80 82 50 64 94 82 85 62 62 87 73 89 66 68 60 85 84 87 80 74 51 57 88 79 81 85 83 56 64 70 52 87 84 87 69 84 65 68 90 71 59 57 67 83 68 96 65 86 69 55 70 76 96 50 98 93 59 
68 90 71 59 57 67 83 68 96 65 86 69 55 70 76 96 50 98 93 59 59 94 74 60 80 53 66 61 67 77 57 90 62 71 71 59 72 77 95 97 84 98 65 62 89 82 62 99 71 88 92 89 75 67 56 80 90 68 66 54 63 56 97 50 80 98 91 78 97 56 85 85 82 97 59 60 68 91 50 64 92 98 99 86 89 71 94 96 78 99 82 50 62 74 87 96 87 64 54 89 58 60 65 59 90 65 56 99 51 95 89 83 78 56 57 93 93 98 68 70 
58 60 65 59 90 65 56 99 51 95 89 83 78 56 57 93 93 98 68 70 88 80 88 95 83 53 94 74 93 77 89 74 68 57 78 51 74 60 59 51 98 63 61 50 92 68 81 68 52 53 70 64 51 86 75 69 98 69 55 68 92 99 51 68 96 68 57 89 92 83 69 58 70 84 59 72 77 58 53 96 52 71 69 96 99 64 66 67 57 59 80 58 80 95 57 60 66 81 60 97 89 63 69 84 69 58 71 57 91 82 78 73 56 91 92 92 79 69 68 73 
89 63 69 84 69 58 71 57 91 82 78 73 56 91 92 92 79 69 68 73 92 96 81 98 63 76 59 88 65 62 99 53 82 91 58 99 66 55 71 63 52 57 87 71 93 70 52 50 58 68 56 75 84 96 52 99 88 50 53 63 95 93 73 96 52 80 71 84 70 59 54 83 51 83 82 52 89 79 62 80 58 66 69 73 94 81 83 85 85 52 50 51 95 86 90 86 93 95 68 53 53 61 56 79 75 94 59 56 92 63 82 92 74 89 69 96 73 72 79 83 
53 61 56 79 75 94 59 56 92 63 82 92 74 89 69 96 73 72 79 83 62 86 80 75 99 74 58 64 98 59 86 65 90 59 57 87 73 97 68 82 52 83 94 85 57 75 94 72 99 57 56 82 51 99 83 72 63 66 65 83 95 96 85 56 81 74 53 77 53 54 86 94 54 76 87 82 60 59 77 90 54 90 56 91 63 55 96 50 90 62 71 61 96 73 86 72 64 66 91 78 98 91 92 78 91 55 53 55 84 65 55 50 58 88 93 75 62 68 99 90 
98 91 92 78 91 55 53 55 84 65 55 50 58 88 93 75 62 68 99 90 94 69 66 79 75 94 75 75 55 65 95 82 91 73 59 58 88 54 64 50 55 76 78 98 53 85 89 79 54 97 99 95 80 81 93 94 81 78 90 98 93 84 95 86 74 73 76 69 84 73 95 81 92 79 81 72 81 68 83 77 72 89 65 53 86 67 78 91 91 96 92 64 61 86 50 81 84 82 73 60 52 50 94 99 61 50 77 69 61 80 98 78 70 98 73 79 55 96 85 93 
52 50 94 99 61 50 77 69 61 80 98 78 70 98 73 79 55 96 85 93 75 88 85 51 91 74 77 86 76 88 61 99 66 90 61 63 50 63 83 71 70 90 56 74 58 78 98 63 71 53 70 58 63 56 55 89 84 61 53 92 71 94 53 59 99 96 72 89 67 83 61 79 52 59 61 56 69 68 99 94 76 78 92 74 67 85 74 91 79 69 71 80 89 73 90 81 65 79 85 60 81 81 86 90 50 72 61 86 93 70 87 74 90 83 71 98 63 82 56 94 
81 81 86 90 50 72 61 86 93 70 87 74 90 83 71 98 63 82 56 94 72 62 52 64 70 80 65 90 85 93 69 63 94 71 82 99 89 86 82 76 69 58 83 60 77 96 98 98 66 68 83 61 67 70 62 65 82 63 50 64 80 57 64 89 63 83 94 61 95 78 86 76 78 64 79 61 50 94 86 82 57 73 74 91 65 90 75 50 71 64 69 73 98 69 72 91 81 72 54 64 50 63 73 98 53 57 63 97 83 86 97 84 69 55 76 83 50 81 93 81 
50 63 73 98 53 57 63 97 83 86 97 84 69 55 76 83 50 81 93 81 94 91 81 85 76 98 82 73 78 72 94 87 76 54 93 93 60 52 68 55 64 90 53 82 58 75 65 65 87 76 62 80 63 73 55 90 72 69 65 79 72 70 65 83 58 50 97 80 62 52 71 89 74 71 50 60 58 52 50 81 82 87 95 72 52 71 86 50 55 84 79 89 82 59 87 53 62 68 74 60 77 65 57 68 90 84 57 73 74 92 59 87 69 50 66 74 73 96 68 61 
77 65 57 68 90 84 57 73 74 92 59 87 69 50 66 74 73 96 68 61 73 60 87 99 76 99 86 60 51 72 78 72 58 58 75 82 95 59 55 85 74 56 80 54 90 86 83 92 74 75 81 84 93 76 82 54 64 87 75 80 62 70 69 95 98 65 87 77 84 54 53 73 56 70 91 97 95 85 84 70 98 89 55 56 63 57 93 55 81 67 82 62 69 66 94 96 85 52 85 96 60 82 76 59 68 79 99 61 54 98 86 94 61 82 83 57 91 78 56 73 
60 82 76 59 68 79 99 61 54 98 86 94 61 82 83 57 91 78 56 73 96 66 98 73 90 87 88 90 79 91 71 51 96 66 66 61 51 73 92 57 61 55 53 75 57 69 90 76 61 88 91 62 75 83 69 81 99 72 51 97 57 66 72 90 78 98 84 98 57 52 91 67 78 59 71 52 66 88 56 81 91 90 71 60 99 93 57 99 56 57 83 71 96 72 98 67 61 50 63 62 87 86 91 94 52 77 97 62 70 50 77 75 51 99 98 80 56 69 54 82 
87 86 91 94 52 77 97 62 70 50 77 75 51 99 98 80 56 69 54 82 86 63 84 93 66 54 64 57 62 84 75 93 98 92 92 65 65 68 81 69 83 64 74 65 85 79 71 73 91 89 65 69 81 76 70 56 90 83 55 66 53 89 78 97 61 75 66 63 57 70 61 93 77 91 86 63 62 99 61 91 93 93 79 78 85 90 74 95 77 96 62 66 63 58 65 62 90 66 86 76 71 68 56 90 93 77 93 65 98 92 74 52 64 77 99 83 94 59 74 57 
71 68 56 90 93 77 93 65 98 92 74 52 64 77 99 83 94 59 74 57 99 56 68 99 66 90 76 98 91 71 56 51 88 62 69 77 53 95 66 82 93 53 96 79 70 59 57 93 89 98 72 63 54 62 91 73 93 71 77 79 99 82 78 75 73 73 52 56 74 84 55 88 86 96 50 97 67 81 85 62 64 61 95 76 77 99 83 78 89 69 90 54 56 72 73 64 80 87 86 55 54 59 84 85 93 94 67 89 80 69 67 60 63 56 91 96 78 88 62 75 
54 59 84 85 93 94 67 89 80 69 67 60 63 56 91 96 78 88 62 75 94 62 79 53 59 67 77 98 77 81 72 74 71 62 89 83 50 69 68 89 83 96 90 84 65 99 61 97 66 56 77 84 80 64 62 89 70 89 61 89 77 60 50 95 54 50 67 56 90 86 59 55 84 61 94 94 93 54 80 68 73 73 79 72 74 54 82 73 85 71 85 67 55 52 79 75 64 56 92 60 65 54 53 75 57 85 88 56 96 50 53 66 69 91 94 94 90 76 52 95 
65 54 53 75 57 85 88 56 96 50 53 66 69 91 94 94 90 76 52 95 97 60 51 81 88 95 81 90 97 99 52 99 92 88 53 91 51 73 60 92 58 60 50 98 94 67 89 81 95 55 92 76 57 98 64 77 65 76 61 78 96 67 76 61 79 62 50 90 75 55 91 88 60 64 80 80 56 51 80 55 97 77 62 87 79 96 71 72 76 84 59 74 61 93 56 65 77 57 67 50 97 80 73 58 85 93 95 81 55 70 50 97 71 80 83 74 85 96 77 50 
97 80 73 58 85 93 95 81 55 70 50 97 71 80 83 74 85 96 77 50 83 66 93 50 89 75 75 97 84 71 56 58 80 53 80 72 51 65 99 98 99 79 58 64 93 61 56 93 62 65 86 54 84 80 78 59 73 87 92 82 83 98 72 74 82 52 73 84 63 76 87 58 88 98 67 92 81 71 54 88 75 78 95 92 52 98 99 51 51 89 52 87 66 62 89 88 78 96 56 97 81 69 91 67 81 64 81 94 73 88 92 93 59 70 96 95 56 91 61 92 
81 69 91 67 81 64 81 94 73 88 92 93 59 70 96 95 56 91 61 92 86 74 91 73 99 96 62 62 52 74 74 77 80 95 57 52 84 57 64 65 93 93 95 90 60 53 89 51 61 91 82 67 82 50 91 54 75 52 77 90 72 89 85 84 58 50 94 69 59 63 53 69 98 79 81 63 68 84 96 66 77 74 79 75 77 73 76 63 91 85 85 74 90 64 53 51 61 92 71 69 53 60 51 72 53 78 86 69 92 94 68 74 98 80 51 95 52 88 91 98 
53 60 51 72 53 78 86 69 92 94 68 74 98 80 51 95 52 88 91 98 87 70 81 85 94 79 72 72 95 59 52 75 95 56 75 90 55 71 73 93 64 77 57 85 56 66 61 85 87 50 60 90 61 64 86 71 93 87 90 67 74 73 61 61 53 91 69 79 81 69 51 71 71 69 88 61 91 94 66 63 60 78 83 76 69 90 91 51 96 98 55 95 56 82 83 64 50 61 72 50 58 68 59 53 94 53 78 68 56 79 50 51 69 54 96 80 81 57 53 62 
58 68 59 53 94 53 78 68 56 79 50 51 69 54 96 80 81 57 53 62 74 50 65 87 74 72 74 74 53 69 79 62 73 85 82 82 88 55 87 65 94 90 97 80 97 82 62 59 69 96 51 56 82 98 76 75 81 59 94 86 52 98 89 72 81 67 65 68 75 59 61 50 50 82 65 70 57 88 98 79 70 61 68 82 56 70 53 97 93 51 57 86 54 73 66 90 90 68 69 65 57 77 60 90 77 75 63 74 54 92 78 62 94 58 76 57 71 87 59 83 
57 77 60 90 77 75 63 74 54 92 78 62 94 58 76 57 71 87 59 83 56 60 98 92 87 86 76 94 63 70 91 67 70 68 55 73 92 73 69 73 97 62 50 75 57 65 99 73 96 75 99 95 69 50 54 59 53 80 98 52 55 67 95 83 79 65 67 74 76 64 62 75 58 69 57 59 79 93 88 94 83 71 81 72 64 78 94 96 69 77 88 72 69 54 67 68 60 82 61 51 52 65 70 81 50 99 50 66 96 69 54 65 61 94 81 89 56 56 91 75 
52 65 70 81 50 99 50 66 96 69 54 65 61 94 81 89 56 56 91 75 92 60 55 61 56 66 89 64 99 51 94 89 80 54 74 97 89 67 62 90 78 83 72 66 87 53 93 92 67 74 98 68 54 52 58 73 84 77 85 88 80 97 50 58 88 85 90 81 99 75 83 82 52 83 68 77 53 60 74 55 71 72 90 60 81 65 93 54 77 69 95 65 55 74 86 76 92 67 96 77 53 73 71 53 99 52 66 65 65 88 61 68 58 55 50 95 91 94 90 88 
53 73 71 53 99 52 66 65 65 88 61 68 58 55 50 95 91 94 90 88 74 69 82 98 55 98 79 88 95 53 72 84 55 68 70 84 77 94 74 66 77 93 59 84 90 74 98 58 60 71 98 51 98 58 97 97 92 64 58 86 79 95 60 64 98 91 81 79 77 72 76 73 66 96 55 57 76 87 78 66 98 51 71 70 94 58 53 84 65 94 68 62 62 87 60 90 86 73 63 87 58 88 97 87 53 52 79 99 51 66 51 98 67 86 91 68 81 73 74 71 
58 88 97 87 53 52 79 99 51 66 51 98 67 86 91 68 81 73 74 71 50 52 69 68 79 57 65 66 80 66 90 96 55 98 92 50 95 64 91 50 55 63 52 82 63 77 82 50 92 61 68 55 71 91 85 54 68 68 57 86 51 71 85 78 86 92 71 74 64 67 79 77 94 89 81 71 62 92 64 81 77 78 82 95 50 85 92 86 83 53 62 94 80 69 96 95 75 64 74 64 59 61 85 66 71 94 81 55 59 91 95 55 76 95 59 63 63 97 50 76 
59 61 85 66 71 94 81 55 59 91 95 55 76 95 59 63 63 97 50 76 89 67 78 60 63 69 90 62 84 71 66 91 96 64 76 57 58 80 76 52 96 74 98 64 73 90 55 67 68 90 57 50 98 52 94 57 89 53 78 68 82 54 72 72 65 90 97 58 98 84 89 83 64 69 87 60 52 82 61 54 86 79 63 96 54 69 96 67 71 94 71 76 62 95 88 62 56 84 98 60 53 84 78 51 97 69 75 77 82 98 81 94 72 58 98 70 99 57 83 81 
53 84 78 51 97 69 75 77 82 98 81 94 72 58 98 70 99 57 83 81 94 97 93 69 77 99 82 86 84 92 81 76 70 74 79 86 72 76 75 52 69 68 88 75 57 55 91 52 56 77 97 93 55 95 70 73 58 72 67 62 81 72 92 94 52 58 55 67 82 94 75 51 65 65 77 54 86 68 94 58 86 68 65 67 89 98 59 68 76 54 73 52 59 79 51 71 99 61 65 57 76 72 60 74 92 75 61 98 93 61 88 52 55 59 67 71 84 84 99 78 
76 72 60 74 92 75 61 98 93 61 88 52 55 59 67 71 84 84 99 78 72 82 93 88 99 65 78 54 78 98 65 56 83 63 71 88 66 71 53 62 89 56 91 53 83 91 51 69 50 89 52 54 72 63 74 59 64 90 77 54 69 94 90 83 81 83 91 57 65 97 65 97 66 60 90 64 78 50 83 69 59 89 54 76 77 73 67 94 62 52 53 76 60 85 79 95 89 60 68 55 77 99 59 77 52 80 95 61 54 81 55 60 77 53 57 87 62 91 92 70 
77 99 59 77 52 80 95 61 54 81 55 60 77 53 57 87 62 91 92 70 95 89 70 51 65 82 58 69 56 50 67 68 63 65 89 64 81 77 85 50 90 94 67 77 89 89 75 94 66 68 96 90 96 80 97 72 62 95 98 95 81 84 70 73 70 66 83 81 84 52 64 53 73 80 57 76 81 66 88 62 73 82 85 82 65 57 75 72 65 81 97 98 88 57 98 74 54 92 70 97 58 88 92 63 89 65 55 61 79 74 55 75 70 69 84 93 91 68 50 68 
58 88 92 63 89 65 55 61 79 74 55 75 70 69 84 93 91 68 50 68 79 77 71 75 90 61 61 91 83 52 96 66 53 66 56 97 64 73 95 70 96 67 69 73 88 66 59 55 86 97 60 93 90 72 55 84 61 81 84 84 81 88 73 80 71 58 66 99 94 85 86 67 80 88 90 78 54 70 86 54 59 94 86 98 50 64 55 52 92 58 64 79 77 60 98 61 87 99 57 64 74 60 68 69 54 96 93 55 99 76 58 68 96 61 74 55 91 78 75 94 
74 60 68 69 54 96 93 55 99 76 58 68 96 61 74 55 91 78 75 94 90 50 60 89 55 62 65 69 98 84 53 96 56 86 52 90 76 88 62 90 65 53 85 89 71 88 70 69 76 73 85 66 67 83 72 71 97 71 93 82 93 81 96 59 78 57 86 77 84 57 94 99 94 86 83 93 99 63 86 61 79 65 69 82 88 91 79 83 73 89 66 73 53 94 57 84 62 74 76 64 62 59 51 89 89 95 68 65 78 52 58 70 51 50 78 72 93 54 90 94 
62 59 51 89 89 95 68 65 78 52 58 70 51 50 78 72 93 54 90 94 71 73 98 96 75 81 99 97 73 62 96 90 83 94 81 98 93 91 80 58 79 90 86 84 95 72 52 63 84 97 57 99 89 72 77 56 72 60 80 93 54 60 61 70 93 89 53 66 64 94 51 77 67 69 89 97 61 63 84 53 84 52 71 57 80 83 97 84 82 93 84 78 53 53 97 63 95 78 78 74 71 61 68 72 57 71 86 62 66 67 77 86 92 50 65 69 93 51 81 60 
71 61 68 72 57 71 86 62 66 67 77 86 92 50 65 69 93 51 81 60 76 52 56 95 98 90 62 57 86 57 66 98 69 52 79 80 67 84 78 91 70 55 76 97 60 69 80 66 63 68 95 85 63 95 93 68 67 62 90 88 76 71 52 50 76 52 70 63 83 92 93 66 76 86 56 80 63 65 56 50 76 51 80 99 83 57 80 50 88 87 55 82 62 91 92 64 80 74 60 72 91 72 73 64 51 54 80 82 76 63 72 75 66 53 72 78 56 69 57 75 
91 72 73 64 51 54 80 82 76 63 72 75 66 53 72 78 56 69 57 75 99 64 53 82 95 67 66 71 58 53 83 88 96 99 98 61 89 61 73 80 72 97 95 81 62 51 70 94 54 56 56 61 98 89 67 88 89 54 93 95 77 57 59 70 64 69 95 74 50 69 76 74 95 95 55 51 80 82 55 69 54 68 82 58 69 75 79 60 52 70 51 98 87 58 58 54 56 78 87 61 69 88 91 70 55 79 71 95 79 81 63 75 63 56 51 99 73 93 74 72 
69 88 91 70 55 79 71 95 79 81 63 75 63 56 51 99 73 93 74 72 66 82 52 77 82 67 68 71 84 72 55 83 83 83 75 66 88 96 69 97 79 59 96 66 82 78 61 69 73 94 72 74 59 88 63 96 56 58 64 83 52 75 97 70 80 77 65 86 95 85 86 53 72 84 58 95 72 92 64 68 67 89 79 79 52 87 62 90 84 55 60 95 90 99 91 78 85 90 50 61 80 76 59 82 90 65 65 59 57 91 65 97 77 91 70 80 92 75 99 98 
80 76 59 82 90 65 65 59 57 91 65 97 77 91 70 80 92 75 99 98 98 84 81 56 85 60 56 80 75 94 73 64 54 56 54 51 63 88 76 61 91 64 81 63 94 65 84 62 53 87 52 96 52 74 58 54 82 88 67 78 69 70 93 64 81 72 67 68 91 60 99 95 78 73 80 92 50 75 57 65 68 88 51 87 62 85 84 89 86 76 96 73 93 65 68 91 51 63 54 63 58 85 63 53 94 59 64 66 87 62 90 81 68 83 78 84 86 73 55 98 
58 85 63 53 94 59 64 66 87 62 90 81 68 83 78 84 86 73 55 98 56 54 78 82 80 85 84 80 93 72 96 72 69 95 79 65 77 77 93 51 57 98 60 86 61 70 72 75 63 94 52 58 83 84 53 71 61 89 82 53 55 58 97 59 56 65 97 75 66 54 89 63 93 84 74 70 84 81 59 50 98 80 68 79 98 66 86 52 79 99 60 61 73 56 86 92 78 90 72 68 54 73 82 70 79 83 85 76 58 68 59 73 75 90 68 50 50 58 54 77 
54 73 82 70 79 83 85 76 58 68 59 73 75 90 68 50 50 58 54 77 80 86 85 96 98 56 78 85 51 58 99 88 89 62 74 57 73 63 71 70 87 69 52 54 59 86 91 63 78 61 74 79 60 65 62 66 65 91 84 80 88 75 60 95 99 99 68 82 75 88 64 88 82 84 97 90 50 80 88 92 63 55 90 83 67 87 81 90 70 64 85 70 97 81 83 74 87 63 74 97 62 90 77 84 83 70 74 75 51 96 65 61 85 68 57 79 87 59 72 75 

81 69 91 67 81 64 81 94 73 88 92 93 59 70 96 95 56 91 61 92 86 74 91 73 99 96 62 62 52 74 74 77 80 95 57 52 84 57 64 65 93 93 95 90 60 53 89 51 61 91 82 67 82 50 91 54 75 52 77 90 72 89 85 84 58 50 94 69 59 63 53 69 98 79 81 63 68 84 96 66 77 74 79 75 77 73 76 63 91 85 85 74 90 64 53 51 61 92 71 69 53 60 51 72 53 78 86 69 92 94 68 74 98 80 51 95 52 88 91 98 
53 60 51 72 53 78 86 69 92 94 68 74 98 80 51 95 52 88 91 98 87 70 81 85 94 79 72 72 95 59 52 75 95 56 75 90 55 71 73 93 64 77 57 85 56 66 61 85 87 50 60 90 61 64 86 71 93 87 90 67 74 73 61 61 53 91 69 79 81 69 51 71 71 69 88 61 91 94 66 63 60 78 83 76 69 90 91 51 96 98 55 95 56 82 83 64 50 61 72 50 58 68 59 53 94 53 78 68 56 79 50 51 69 54 96 80 81 57 53 62 
58 68 59 53 94 53 78 68 56 79 50 51 69 54 96 80 81 57 53 62 74 50 65 87 74 72 74 74 53 69 79 62 73 85 82 82 88 55 87 65 94 90 97 80 97 82 62 59 69 96 51 56 82 98 76 75 81 59 94 86 52 98 89 72 81 67 65 68 75 59 61 50 50 82 65 70 57 88 98 79 70 61 68 82 56 70 53 97 93 51 57 86 54 73 66 90 90 68 69 65 57 77 60 90 77 75 63 74 54 92 78 62 94 58 76 57 71 87 59 83 
57 77 60 90 77 75 63 74 54 92 78 62 94 58 76 57 71 87 59 83 56 60 98 92 87 86 76 94 63 70 91 67 70 68 55 73 92 73 69 73 97 62 50 75 57 65 99 73 96 75 99 95 69 50 54 59 53 80 98 52 55 67 95 83 79 65 67 74 76 64 62 75 58 69 57 59 79 93 88 94 83 71 81 72 64 78 94 96 69 77 88 72 69 54 67 68 60 82 61 51 52 65 70 81 50 99 50 66 96 69 54 65 61 94 81 89 56 56 91 75 
52 65 70 81 50 99 50 66 96 69 54 65 61 94 81 89 56 56 91 75 92 60 55 61 56 66 89 64 99 51 94 89 80 54 74 97 89 67 62 90 78 83 72 66 87 53 93 92 67 74 98 68 54 52 58 73 84 77 85 88 80 97 50 58 88 85 90 81 99 75 83 82 52 83 68 77 53 60 74 55 71 72 90 60 81 65 93 54 77 69 95 65 55 74 86 76 92 67 96 77 53 73 71 53 99 52 66 65 65 88 61 68 58 55 50 95 91 94 90 88 
53 73 71 53 99 52 66 65 65 88 61 68 58 55 50 95 91 94 90 88 74 69 82 98 55 98 79 88 95 53 72 84 55 68 70 84 77 94 74 66 77 93 59 84 90 74 98 58 60 71 98 51 98 58 97 97 92 64 58 86 79 95 60 64 98 91 81 79 77 72 76 73 66 96 55 57 76 87 78 66 98 51 71 70 94 58 53 84 65 94 68 62 62 87 60 90 86 73 63 87 58 88 97 87 53 52 79 99 51 66 51 98 67 86 91 68 81 73 74 71 
58 88 97 87 53 52 79 99 51 66 51 98 67 86 91 68 81 73 74 71 50 52 69 68 79 57 65 66 80 66 90 96 55 98 92 50 95 64 91 50 55 63 52 82 63 77 82 50 92 61 68 55 71 91 85 54 68 68 57 86 51 71 85 78 86 92 71 74 64 67 79 77 94 89 81 71 62 92 64 81 77 78 82 95 50 85 92 86 83 53 62 94 80 69 96 95 75 64 74 64 59 61 85 66 71 94 81 55 59 91 95 55 76 95 59 63 63 97 50 76 
59 61 85 66 71 94 81 55 59 91 95 55 76 95 59 63 63 97 50 76 89 67 78 60 63 69 90 62 84 71 66 91 96 64 76 57 58 80 76 52 96 74 98 64 73 90 55 67 68 90 57 50 98 52 94 57 89 53 78 68 82 54 72 72 65 90 97 58 98 84 89 83 64 69 87 60 52 82 61 54 86 79 63 96 54 69 96 67 71 94 71 76 62 95 88 62 56 84 98 60 53 84 78 51 97 69 75 77 82 98 81 94 72 58 98 70 99 57 83 81 
53 84 78 51 97 69 75 77 82 98 81 94 72 58 98 70 99 57 83 81 94 97 93 69 77 99 82 86 84 92 81 76 70 74 79 86 72 76 75 52 69 68 88 75 57 55 91 52 56 77 97 93 55 95 70 73 58 72 67 62 81 72 92 94 52 58 55 67 82 94 75 51 65 65 77 54 86 68 94 58 86 68 65 67 89 98 59 68 76 54 73 52 59 79 51 71 99 61 65 57 76 72 60 74 92 75 61 98 93 61 88 52 55 59 67 71 84 84 99 78 
76 72 60 74 92 75 61 98 93 61 88 52 55 59 67 71 84 84 99 78 72 82 93 88 99 65 78 54 78 98 65 56 83 63 71 88 66 71 53 62 89 56 91 53 83 91 51 69 50 89 52 54 72 63 74 59 64 90 77 54 69 94 90 83 81 83 91 57 65 97 65 97 66 60 90 64 78 50 83 69 59 89 54 76 77 73 67 94 62 52 53 76 60 85 79 95 89 60 68 55 77 99 59 77 52 80 95 61 54 81 55 60 77 53 57 87 62 91 92 70 
77 99 59 77 52 80 95 61 54 81 55 60 77 53 57 87 62 91 92 70 95 89 70 51 65 82 58 69 56 50 67 68 63 65 89 64 81 77 85 50 90 94 67 77 89 89 75 94 66 68 96 90 96 80 97 72 62 95 98 95 81 84 70 73 70 66 83 81 84 52 64 53 73 80 57 76 81 66 88 62 73 82 85 82 65 57 75 72 65 81 97 98 88 57 98 74 54 92 70 97 58 88 92 63 89 65 55 61 79 74 55 75 70 69 84 93 91 68 50 68 
58 88 92 63 89 65 55 61 79 74 55 75 70 69 84 93 91 68 50 68 79 77 71 75 90 61 61 91 83 52 96 66 53 66 56 97 64 73 95 70 96 67 69 73 88 66 59 55 86 97 60 93 90 72 55 84 61 81 84 84 81 88 73 80 71 58 66 99 94 85 86 67 80 88 90 78 54 70 86 54 59 94 86 98 50 64 55 52 92 58 64 79 77 60 98 61 87 99 57 64 74 60 68 69 54 96 93 55 99 76 58 68 96 61 74 55 91 78 75 94 
74 60 68 69 54 96 93 55 99 76 58 68 96 61 74 55 91 78 75 94 90 50 60 89 55 62 65 69 98 84 53 96 56 86 52 90 76 88 62 90 65 53 85 89 71 88 70 69 76 73 85 66 67 83 72 71 97 71 93 82 93 81 96 59 78 57 86 77 84 57 94 99 94 86 83 93 99 63 86 61 79 65 69 82 88 91 79 83 73 89 66 73 53 94 57 84 62 74 76 64 62 59 51 89 89 95 68 65 78 52 58 70 51 50 78 72 93 54 90 94 
62 59 51 89 89 95 68 65 78 52 58 70 51 50 78 72 93 54 90 94 71 73 98 96 75 81 99 97 73 62 96 90 83 94 81 98 93 91 80 58 79 90 86 84 95 72 52 63 84 97 57 99 89 72 77 56 72 60 80 93 54 60 61 70 93 89 53 66 64 94 51 77 67 69 89 97 61 63 84 53 84 52 71 57 80 83 97 84 82 93 84 78 53 53 97 63 95 78 78 74 71 61 68 72 57 71 86 62 66 67 77 86 92 50 65 69 93 51 81 60 
71 61 68 72 57 71 86 62 66 67 77 86 92 50 65 69 93 51 81 60 76 52 56 95 98 90 62 57 86 57 66 98 69 52 79 80 67 84 78 91 70 55 76 97 60 69 80 66 63 68 95 85 63 95 93 68 67 62 90 88 76 71 52 50 76 52 70 63 83 92 93 66 76 86 56 80 63 65 56 50 76 51 80 99 83 57 80 50 88 87 55 82 62 91 92 64 80 74 60 72 91 72 73 64 51 54 80 82 76 63 72 75 66 53 72 78 56 69 57 75 
91 72 73 64 51 54 80 82 76 63 72 75 66 53 72 78 56 69 57 75 99 64 53 82 95 67 66 71 58 53 83 88 96 99 98 61 89 61 73 80 72 97 95 81 62 51 70 94 54 56 56 61 98 89 67 88 89 54 93 95 77 57 59 70 64 69 95 74 50 69 76 74 95 95 55 51 80 82 55 69 54 68 82 58 69 75 79 60 52 70 51 98 87 58 58 54 56 78 87 61 69 88 91 70 55 79 71 95 79 81 63 75 63 56 51 99 73 93 74 72 
69 88 91 70 55 79 71 95 79 81 63 75 63 56 51 99 73 93 74 72 66 82 52 77 82 67 68 71 84 72 55 83 83 83 75 66 88 96 69 97 79 59 96 66 82 78 61 69 73 94 72 74 59 88 63 96 56 58 64 83 52 75 97 70 80 77 65 86 95 85 86 53 72 84 58 95 72 92 64 68 67 89 79 79 52 87 62 90 84 55 60 95 90 99 91 78 85 90 50 61 80 76 59 82 90 65 65 59 57 91 65 97 77 91 70 80 92 75 99 98 
80 76 59 82 90 65 65 59 57 91 65 97 77 91 70 80 92 75 99 98 98 84 81 56 85 60 56 80 75 94 73 64 54 56 54 51 63 88 76 61 91 64 81 63 94 65 84 62 53 87 52 96 52 74 58 54 82 88 67 78 69 70 93 64 81 72 67 68 91 60 99 95 78 73 80 92 50 75 57 65 68 88 51 87 62 85 84 89 86 76 96 73 93 65 68 91 51 63 54 63 58 85 63 53 94 59 64 66 87 62 90 81 68 83 78 84 86 73 55 98 
58 85 63 53 94 59 64 66 87 62 90 81 68 83 78 84 86 73 55 98 56 54 78 82 80 85 84 80 93 72 96 72 69 95 79 65 77 77 93 51 57 98 60 86 61 70 72 75 63 94 52 58 83 84 53 71 61 89 82 53 55 58 97 59 56 65 97 75 66 54 89 63 93 84 74 70 84 81 59 50 98 80 68 79 98 66 86 52 79 99 60 61 73 56 86 92 78 90 72 68 54 73 82 70 79 83 85 76 58 68 59 73 75 90 68 50 50 58 54 77 
54 73 82 70 79 83 85 76 58 68 59 73 75 90 68 50 50 58 54 77 80 86 85 96 98 56 78 85 51 58 99 88 89 62 74 57 73 63 71 70 87 69 52 54 59 86 91 63 78 61 74 79 60 65 62 66 65 91 84 80 88 75 60 95 99 99 68 82 75 88 64 88 82 84 97 90 50 80 88 92 63 55 90 83 67 87 81 90 70 64 85 70 97 81 83 74 87 63 74 97 62 90 77 84 83 70 74 75 51 96 65 61 85 68 57 79 87 59 72 75 
62 90 77 84 83 70 74 75 51 96 65 61 85 68 57 79 87 59 72 75 60 66 54 54 56 57 80 90 55 57 74 90 63 62 76 85 62 97 65 54 84 60 51 92 52 66 59 66 66 87 93 56 76 84 65 72 68 55 79 50 87 85 76 79 76 51 57 74 73 50 98 77 62 83 78 96 85 53 62 69 52 55 87 79 50 96 83 62 63 80 80 90 55 79 61 54 73 98 83 72 82 85 84 80 65 72 92 68 74 77 98 66 60 53 84 69 65 72 67 80 
82 85 84 80 65 72 92 68 74 77 98 66 60 53 84 69 65 72 67 80 58 91 87 96 73 64 76 90 50 86 87 70 80 84 72 76 83 90 94 70 80 78 79 87 87 53 58 73 99 70 72 78 58 97 98 79 72 69 66 72 73 95 92 60 82 75 77 87 66 90 58 59 93 74 86 75 55 58 58 54 80 56 72 69 86 66 56 95 69 80 65 72 50 76 50 89 63 89 77 68 63 50 94 94 58 88 85 64 61 86 56 87 91 70 78 94 87 71 53 83 
63 50 94 94 58 88 85 64 61 86 56 87 91 70 78 94 87 71 53 83 82 57 76 53 52 93 54 63 61 96 91 90 70 66 74 84 63 74 90 72 80 78 77 84 69 97 74 99 68 77 94 98 90 69 66 98 87 64 71 76 63 80 58 64 94 91 86 61 63 89 70 76 54 91 74 74 85 92 95 83 92 80 98 87 92 59 93 75 72 59 94 53 53 97 58 74 57 81 95 62 71 87 78 52 77 57 62 80 83 96 65 79 61 88 67 55 82 78 93 77 
71 87 78 52 77 57 62 80 83 96 65 79 61 88 67 55 82 78 93 77 57 53 81 79 87 84 69 90 92 90 97 57 97 76 94 62 70 61 73 56 57 98 80 59 54 78 83 82 83 95 72 56 57 82 86 87 60 57 87 72 80 89 90 97 66 99 59 92 90 72 89 61 57 66 91 91 82 70 55 75 92 52 90 56 66 69 91 53 85 75 78 53 94 53 98 91 72 72 97 76 56 67 59 64 68 70 97 71 91 74 88 54 61 72 52 69 80 69 53 59 
56 67 59 64 68 70 97 71 91 74 88 54 61 72 52 69 80 69 53 59 57 62 69 76 50 75 99 95 87 71 83 66 74 61 63 87 93 99 50 81 94 68 57 60 62 68 68 74 82 69 90 79 80 88 68 89 81 58 54 92 93 92 53 95 90 66 95 80 54 51 91 62 74 50 51 65 95 89 89 97 90 83 87 89 88 82 73 51 69 96 93 99 78 80 66 86 77 57 80 50 63 50 59 64 54 55 83 78 69 98 52 93 90 78 66 87 88 86 76 80 
63 50 59 64 54 55 83 78 69 98 52 93 90 78 66 87 88 86 76 80 66 86 76 82 69 94 63 59 87 55 74 81 99 62 51 81 94 98 54 62 80 79 78 72 54 77 55 89 57 82 64 65 55 53 57 56 90 53 69 92 76 86 88 61 95 55 67 91 76 65 57 65 71 88 96 62 76 99 65 70 57 54 97 72 94 78 97 84 78 69 94 80 83 96 99 69 58 62 86 63 56 79 84 96 99 68 85 55 97 52 77 75 92 95 90 65 68 94 67 94 
56 79 84 96 99 68 85 55 97 52 77 75 92 95 90 65 68 94 67 94 75 81 85 85 60 91 51 65 84 65 62 55 51 62 70 75 93 56 65 62 70 76 68 93 66 77 80 66 94 66 73 77 88 71 99 57 82 65 84 83 71 64 55 88 76 72 53 63 76 61 62 55 81 75 70 86 91 94 82 91 91 50 69 62 82 97 82 62 75 52 97 77 74 59 76 66 60 64 56 80 62 78 72 72 93 77 77 65 50 84 64 51 98 67 93 70 56 86 94 80 
62 78 72 72 93 77 77 65 50 84 64 51 98 67 93 70 56 86 94 80 72 50 82 94 80 69 86 77 57 97 50 72 78 96 55 66 52 83 83 71 70 59 87 84 50 84 84 70 82 86 97 97 70 61 82 75 69 66 67 68 95 55 93 95 56 65 64 99 64 85 74 52 72 62 93 84 90 92 59 92 72 84 55 97 83 54 90 52 68 73 89 91 54 62 52 52 87 86 95 61 76 71 91 50 82 50 92 72 74 56 98 95 67 68 81 66 76 96 72 97 
76 71 91 50 82 50 92 72 74 56 98 95 67 68 81 66 76 96 72 97 65 64 80 77 64 78 71 53 53 65 91 74 80 99 73 58 85 58 93 92 90 50 50 53 96 97 91 83 64 80 98 95 72 54 96 87 93 61 84 62 50 67 90 70 93 68 88 98 75 51 55 58 61 95 53 86 50 87 72 64 66 70 91 75 86 58 73 85 61 90 59 54 97 72 88 68 51 81 80 65 64 59 56 65 88 77 72 52 95 70 56 57 99 67 51 54 53 63 70 99 
64 59 56 65 88 77 72 52 95 70 56 57 99 67 51 54 53 63 70 99 98 71 56 71 93 52 97 55 69 73 89 62 72 97 86 82 68 88 54 52 63 77 56 55 89 93 82 58 59 76 88 65 79 83 86 53 62 57 73 91 57 74 67 85 78 56 55 68 96 63 78 75 52 51 65 75 95 53 90 95 61 86 81 57 94 76 61 95 57 52 64 56 58 80 57 72 64 65 96 56 53 69 65 98 79 59 50 82 78 82 74 57 97 97 76 56 56 88 83 50 
53 69 65 98 79 59 50 82 78 82 74 57 97 97 76 56 56 88 83 50 93 74 58 84 60 53 78 74 57 53 72 96 65 82 98 77 60 64 55 76 83 85 80 55 88 85 69 86 99 90 67 72 50 79 57 72 51 71 74 81 78 73 53 99 88 51 97 90 54 86 89 77 64 86 87 60 64 82 54 94 87 63 56 80 69 80 62 89 89 55 84 55 57 61 62 95 78 89 82 92 91 59 74 92 89 85 72 63 83 59 52 75 69 61 52 68 89 68 63 77 
91 59 74 92 89 85 72 63 83 59 52 75 69 61 52 68 89 68 63 77 66 66 99 98 51 78 81 89 65 53 56 97 63 64 90 60 79 51 87 96 65 72 99 63 50 71 91 61 96 99 75 53 60 72 79 79 66 64 74 87 50 79 55 95 66 93 52 82 68 78 51 66 74 70 94 76 74 91 65 93 56 97 61 66 86 85 81 76 78 96 94 96 51 80 53 93 77 74 60 51 50 86 98 84 69 97 76 74 80 62 59 70 50 84 79 88 74 88 74 92 
50 86 98 84 69 97 76 74 80 62 59 70 50 84 79 88 74 88 74 92 50 76 67 54 72 75 51 78 90 88 91 64 69 73 73 90 59 99 96 58 54 64 95 64 81 87 62 60 62 54 63 70 69 86 77 79 71 55 72 52 76 66 59 52 96 67 60 82 59 62 71 96 77 54 92 98 90 56 87 67 54 79 71 94 84 53 72 69 63 74 55 81 93 92 73 67 67 52 50 54 83 90 67 91 87 95 72 51 61 93 52 75 94 74 56 80 93 89 68 84 
83 90 67 91 87 95 72 51 61 93 52 75 94 74 56 80 93 89 68 84 79 98 68 61 70 61 63 85 50 85 73 92 86 77 63 76 52 62 54 56 96 72 79 89 92 77 79 73 52 57 86 96 78 83 97 77 59 85 97 88 99 94 52 82 60 69 81 73 50 86 68 77 90 50 94 67 55 56 60 78 78 96 67 57 64 79 50 54 87 64 53 89 93 83 83 81 70 58 98 70 91 66 78 83 74 77 93 62 79 99 75 86 98 79 51 84 84 55 96 83 
91 66 78 83 74 77 93 62 79 99 75 86 98 79 51 84 84 55 96 83 66 86 86 94 76 50 93 99 79 68 54 74 61 71 68 77 64 66 91 90 95 53 91 84 77 73 60 74 53 86 76 60 89 89 74 66 99 58 95 83 62 90 50 77 66 80 89 61 85 55 71 81 94 91 58 65 76 66 98 75 71 84 99 95 80 91 93 65 77 84 62 71 71 93 66 73 91 58 67 56 79 92 82 60 58 78 57 67 52 70 52 86 99 52 80 71 57 61 77 78 
79 92 82 60 58 78 57 67 52 70 52 86 99 52 80 71 57 61 77 78 50 54 97 87 92 76 82 50 59 74 51 76 92 73 70 73 81 75 84 51 86 67 66 58 78 72 83 75 87 60 71 83 56 86 66 99 80 72 98 74 74 88 51 57 66 51 84 87 91 99 80 91 90 76 60 59 72 65 95 82 91 83 54 78 84 70 62 55 57 59 96 71 62 65 85 75 91 51 50 89 69 50 60 96 94 70 59 87 56 87 75 54 78 69 73 61 64 67 81 65 
69 50 60 96 94 70 59 87 56 87 75 54 78 69 73 61 64 67 81 65 79 85 93 57 72 67 90 67 61 55 96 78 82 82 94 82 81 89 99 85 64 56 50 80 95 59 56 77 74 99 80 72 57 66 79 69 51 60 53 78 97 96 79 75 95 96 87 98 59 92 71 80 84 57 96 74 97 75 90 71 73 87 54 75 57 75 99 90 69 61 88 75 73 90 78 73 81 71 55 66 54 51 73 90 61 81 66 76 93 50 63 50 94 97 60 81 56 64 93 79 
54 51 73 90 61 81 66 76 93 50 63 50 94 97 60 81 56 64 93 79 82 58 68 83 59 54 97 95 99 72 88 59 87 53 84 56 52 54 65 64 95 87 60 79 83 73 55 72 71 99 83 88 77 57 65 75 79 80 75 80 64 82 85 53 88 91 86 85 83 98 85 95 67 60 69 86 54 65 93 74 89 58 50 73 85 51 95 90 63 85 86 91 81 80 50 90 53 69 80 73 91 67 54 58 72 80 91 97 86 77 91 64 82 62 82 69 65 89 67 82 
91 67 54 58 72 80 91 97 86 77 91 64 82 62 82 69 65 89 67 82 99 98 75 68 97 65 80 99 51 73 63 56 83 80 90 50 82 67 80 90 62 91 62 59 83 69 80 70 59 50 72 71 74 76 58 99 88 51 93 63 56 51 94 93 55 74 86 82 53 68 71 87 78 67 80 61 88 86 64 66 69 78 58 91 57 56 93 67 78 54 60 54 54 80 52 89 95 88 86 84 58 93 56 78 63 78 87 75 83 86 64 64 68 68 60 85 93 50 74 70 
58 93 56 78 63 78 87 75 83 86 64 64 68 68 60 85 93 50 74 70 61 87 50 94 56 54 92 57 83 77 88 93 99 63 99 52 98 83 52 98 56 52 59 70 91 68 71 99 71 99 79 83 97 62 65 78 91 55 59 96 50 68 92 53 50 96 69 68 66 86 85 65 65 55 67 54 77 78 62 73 85 88 85 90 58 86 84 64 91 70 96 63 98 82 78 72 50 93 88 56 94 86 54 99 57 63 50 86 75 72 62 95 89 98 74 98 71 85 94 81 
94 86 54 99 57 63 50 86 75 72 62 95 89 98 74 98 71 85 94 81 67 82 83 79 51 84 92 99 79 50 55 79 67 84 96 75 86 57 73 93 88 96 74 68 90 81 80 98 70 74 86 76 79 82 99 98 67 71 69 68 99 96 58 74 54 55 98 91 55 54 78 97 98 93 87 77 80 62 57 82 69 87 81 87 57 70 98 51 80 90 68 54 71 61 92 60 83 50 86 63 86 75 72 54 78 54 82 93 73 61 56 77 78 50 75 54 95 76 96 72 
86 75 72 54 78 54 82 93 73 61 56 77 78 50 75 54 95 76 96 72 73 96 90 84 78 86 65 79 77 95 93 67 54 65 95 54 68 86 50 61 78 71 99 53 86 98 61 83 75 65 77 94 51 97 72 83 63 81 73 68 86 61 53 74 70 77 55 53 92 64 69 65 53 85 82 97 96 54 60 96 97 66 92 97 95 97 53 74 83 78 96 50 66 50 57 92 52 81 77 51 97 85 70 92 95 78 76 64 85 94 71 73 92 92 90 87 76 85 99 90 
97 85 70 92 95 78 76 64 85 94 71 73 92 92 90 87 76 85 99 90 81 85 55 90 76 75 74 94 85 50 83 62 52 85 99 58 77 53 81 70 63 62 66 51 95 74 82 64 99 58 83 73 58 64 51 65 91 63 83 85 58 54 51 60 65 62 69 51 74 80 94 74 92 86 84 88 98 82 95 95 59 50 68 52 55 68 92 91 97 57 80 64 96 82 60 97 98 51 70 52 76 64 80 78 59 74 76 95 78 90 74 79 50 88 55 83 92 83 91 86 
76 64 80 78 59 74 76 95 78 90 74 79 50 88 55 83 92 83 91 86 56 87 51 91 99 79 82 63 94 74 80 88 52 72 77 59 97 83 89 58 97 70 97 64 88 62 92 68 97 74 71 65 58 96 73 84 81 92 60 59 79 83 81 91 91 56 99 81 82 97 99 83 81 95 86 93 83 78 78 63 61 86 56 81 80 92 62 87 85 85 92 79 54 63 61 80 65 53 51 57 89 86 58 91 90 81 68 59 60 82 97 68 50 65 56 61 61 51 84 65 
89 86 58 91 90 81 68 59 60 82 97 68 50 65 56 61 61 51 84 65 84 59 71 75 83 59 89 85 95 67 51 67 53 66 92 51 98 61 89 57 94 77 65 97 74 96 63 51 59 92 86 92 80 78 68 52 89 86 67 65 99 65 54 64 95 53 84 65 98 95 63 73 86 82 53 68 58 99 65 60 75 59 54 64 98 72 82 52 57 81 58 82 94 50 78 77 90 65 90 80 51 52 70 52 64 54 79 58 72 75 64 51 73 59 62 59 71 75 84 67 
51 52 70 52 64 54 79 58 72 75 64 51 73 59 62 59 71 75 84 67 89 68 71 76 50 57 76 91 90 66 86 84 99 78 90 90 77 68 96 96 56 78 76 75 60 55 94 63 52 68 71 94 74 53 52 84 62 98 67 53 57 95 74 84 50 88 66 91 51 92 82 60 66 75 57 80 75 85 80 84 68 88 98 77 81 78 70 75 89 55 70 97 59 70 66 82 61 80 81 91 58 61 93 86 95 84 86 50 73 56 50 53 84 75 99 76 80 67 94 89 
58 61 93 86 95 84 86 50 73 56 50 53 84 75 99 76 80 67 94 89 75 96 62 66 52 71 61 58 65 58 88 90 56 56 79 56 85 55 79 66 52 88 88 84 66 98 88 73 98 94 70 68 62 97 58 88 71 60 54 92 70 58 51 51 56 53 62 96 99 77 83 86 51 69 85 72 92 68 67 94 59 97 84 87 64 78 98 69 53 95 81 93 88 95 83 53 54 83 58 79 82 52 72 56 72 92 95 52 89 74 70 85 90 68 96 89 67 78 60 60 
82 52 72 56 72 92 95 52 89 74 70 85 90 68 96 89 67 78 60 60 69 61 55 57 68 94 78 79 93 52 72 79 63 82 81 53 72 94 55 61 83 68 54 95 96 64 50 75 82 59 91 95 51 76 51 84 63 64 87 84 60 91 68 96 78 90 94 65 63 59 60 99 52 64 82 79 94 62 88 52 56 52 56 88 64 82 71 72 60 95 52 50 97 51 55 56 74 68 86 83 84 69 61 86 63 52 69 91 70 62 79 91 76 69 99 77 93 63 91 64 
84 69 61 86 63 52 69 91 70 62 79 91 76 69 99 77 93 63 91 64 94 68 95 52 61 77 57 82 85 62 93 58 89 99 75 58 72 52 74 84 80 67 77 56 70 61 56 84 99 79 73 80 69 56 50 64 58 98 66 73 78 71 63 72 96 70 59 56 58 51 91 93 83 56 62 84 74 80 92 86 51 97 59 58 70 67 79 99 75 62 53 68 63 68 79 67 70 65 84 71 57 54 70 94 74 68 62 82 99 87 78 77 75 87 65 55 95 82 86 50 
57 54 70 94 74 68 62 82 99 87 78 77 75 87 65 55 95 82 86 50 87 68 64 55 96 76 89 92 93 53 68 76 84 55 82 53 67 84 60 75 51 61 59 80 79 86 60 88 75 96 79 81 99 63 99 78 75 71 98 78 68 58 55 72 67 62 96 90 52 98 87 53 83 54 94 61 79 86 53 76 90 83 86 92 83 60 80 77 51 78 81 62 65 82 82 73 88 82 68 64 91 51 59 74 72 62 66 86 70 51 84 87 77 91 55 55 61 70 95 68 
91 51 59 74 72 62 66 86 70 51 84 87 77 91 55 55 61 70 95 68 99 67 90 56 55 65 87 70 51 97 69 69 72 55 97 85 57 91 51 84 51 94 79 50 61 57 78 65 79 56 52 80 85 68 59 56 83 81 53 99 52 77 81 75 86 99 94 95 53 67 73 68 94 79 91 63 58 86 50 63 82 57 99 82 83 63 50 54 95 56 68 91 55 98 85 81 88 86 94 90 77 88 62 59 68 81 76 75 89 55 86 75 99 57 55 64 89 51 55 77 
77 88 62 59 68 81 76 75 89 55 86 75 99 57 55 64 89 51 55 77 75 84 55 59 53 67 69 98 58 95 67 57 74 96 67 82 98 89 61 84 74 62 88 86 54 75 63 65 75 87 92 68 69 69 92 75 59 75 88 64 73 50 68 61 88 67 94 72 62 70 98 82 84 76 72 91 69 92 61 64 61 80 72 88 90 90 71 72 70 96 63 54 67 70 57 76 71 55 70 59 86 55 82 50 51 98 81 74 97 51 74 82 59 71 77 81 74 89 54 57 
86 55 82 50 51 98 81 74 97 51 74 82 59 71 77 81 74 89 54 57 86 94 76 66 79 67 59 72 91 65 99 70 83 84 86 68 52 76 86 56 85 68 83 87 94 51 72 55 55 59 74 97 75 53 54 70 89 56 92 68 58 89 53 85 61 56 87 86 54 69 95 55 62 96 57 54 83 56 86 71 78 68 62 67 75 87 87 99 65 84 98 99 57 86 98 78 68 90 50 80 90 79 71 71 80 53 50 78 80 91 54 95 87 88 96 54 55 86 50 67 
90 79 71 71 80 53 50 78 80 91 54 95 87 88 96 54 55 86 50 67 51 56 71 82 76 62 84 59 57 53 86 62 87 96 98 87 97 97 90 74 81 68 57 66 52 55 87 88 80 57 69 85 76 83 60 76 53 71 86 91 51 66 67 92 59 70 79 79 83 81 62 82 80 77 76 79 86 84 97 98 70 70 75 65 85 68 89 94 62 80 51 68 70 78 51 67 54 96 57 87 85 56 73 84 63 85 94 72 97 88 67 95 83 93 89 86 80 82 86 69 
85 56 73 84 63 85 94 72 97 88 67 95 83 93 89 86 80 82 86 69 94 89 95 75 84 82 97 88 52 72 56 77 75 96 93 58 63 71 86 60 61 99 57 68 84 70 71 51 95 51 86 65 97 65 53 53 98 85 99 74 73 56 96 90 56 81 78 93 73 50 54 80 65 54 58 56 85 63 54 59 58 94 77 69 52 82 96 55 95 54 65 71 70 56 61 90 90 66 85 88 69 93 91 64 64 50 66 64 82 63 86 91 93 88 84 77 74 72 83 90 
69 93 91 64 64 50 66 64 82 63 86 91 93 88 84 77 74 72 83 90 67 90 68 74 52 79 97 91 89 78 90 97 69 52 73 92 85 52 91 75 85 64 81 64 70 77 52 94 85 75 53 99 59 67 57 51 55 76 77 70 62 91 80 60 79 59 79 76 80 71 84 75 90 89 83 73 91 95 69 60 53 89 90 65 83 76 74 87 78 61 64 77 55 61 74 56 54 97 55 76 98 50 80 68 53 66 53 66 60 77 85 88 57 97 93 83 95 67 50 62 
98 50 80 68 53 66 53 66 60 77 85 88 57 97 93 83 95 67 50 62 57 82 94 54 65 73 59 54 53 56 97 89 77 74 91 60 67 97 72 66 96 84 92 96 98 80 85 54 78 94 75 66 50 75 83 90 68 50 94 61 57 56 86 66 63 84 91 98 77 60 70 80 53 71 62 86 88 83 81 52 73 90 96 84 91 78 69 87 80 82 89 82 96 62 66 57 54 61 72 53 98 97 64 99 89 75 50 64 95 55 80 81 88 70 54 52 84 52 93 83 
98 97 64 99 89 75 50 64 95 55 80 81 88 70 54 52 84 52 93 83 84 64 51 81 51 65 72 85 70 56 71 69 64 68 86 98 67 85 65 61 63 74 81 90 98 75 85 97 63 76 95 99 63 87 93 63 61 58 87 70 70 79 98 68 57 70 92 58 64 95 97 88 72 55 91 52 62 91 80 73 77 94 53 87 67 53 76 80 79 83 71 94 85 91 64 65 87 75 91 83 56 55 79 59 99 83 99 55 54 59 94 89 70 91 99 64 61 57 54 75 
56 55 79 59 99 83 99 55 54 59 94 89 70 91 99 64 61 57 54 75 82 72 95 87 86 51 87 76 91 81 90 65 63 68 62 97 61 75 76 66 98 54 77 59 92 50 70 69 62 70 89 64 57 50 85 71 54 87 83 67 57 81 72 80 80 77 54 67 88 91 86 54 71 56 56 81 96 75 62 80 88 95 76 88 99 51 90 51 67 87 67 57 51 56 65 78 68 51 60 51 69 70 83 58 50 58 52 54 89 55 52 51 57 89 55 76 71 95 77 60 
69 70 83 58 50 58 52 54 89 55 52 51 57 89 55 76 71 95 77 60 99 79 93 51 98 54 92 67 64 96 80 91 57 98 51 55 54 75 56 77 68 94 52 57 66 77 87 59 83 85 73 71 56 73 52 92 58 72 51 58 54 86 79 55 89 81 66 54 70 89 61 58 95 75 84 96 96 56 50 81 93 64 92 57 54 52 73 63 88 98 81 64 91 62 96 81 97 53 94 68 76 58 87 60 61 77 75 57 99 73 69 98 95 50 75 99 53 95 92 95 
76 58 87 60 61 77 75 57 99 73 69 98 95 50 75 99 53 95 92 95 66 82 64 98 50 80 55 66 67 71 93 84 85 94 58 94 57 79 91 52 57 86 68 87 63 56 75 57 90 92 99 69 76 52 63 56 86 88 75 83 81 81 90 96 78 77 65 94 78 83 94 75 91 87 65 78 94 98 99 80 82 73 96 54 93 60 83 85 76 76 50 92 95 54 76 65 80 78 87 53 78 76 58 76 52 59 95 91 94 96 95 76 79 54 68 83 54 98 56 70 
78 76 58 76 52 59 95 91 94 96 95 76 79 54 68 83 54 98 56 70 61 65 74 98 58 97 50 83 70 77 86 87 68 83 99 55 77 95 93 71 63 72 50 60 96 53 69 65 58 72 69 87 98 69 79 90 52 78 59 69 65 53 91 72 52 59 60 80 98 82 72 66 52 72 68 73 68 69 72 71 64 89 91 71 72 96 93 99 72 53 62 71 91 96 83 72 92 97 73 67 75 53 92 72 96 85 64 63 76 95 87 54 71 97 81 94 81 97 79 53 
75 53 92 72 96 85 64 63 76 95 87 54 71 97 81 94 81 97 79 53 84 79 53 52 60 95 96 98 64 63 84 80 88 80 72 61 80 96 78 90 62 63 52 68 88 57 64 81 78 88 81 89 70 69 56 72 54 56 90 63 94 54 94 90 65 91 98 50 87 74 50 89 71 83 62 64 75 54 54 55 80 59 66 67 99 65 81 67 88 62 80 79 55 73 93 52 53 51 55 64 83 80 68 60 83 65 52 74 74 62 60 79 62 51 57 67 98 98 99 78 
83 80 68 60 83 65 52 74 74 62 60 79 62 51 57 67 98 98 99 78 83 55 74 61 81 92 63 68 96 68 67 55 53 54 99 50 86 98 53 85 55 96 51 61 55 57 60 57 61 68 53 81 54 68 77 61 78 80 76 82 57 94 74 53 54 81 97 85 93 74 52 90 58 84 88 77 75 70 52 50 93 68 96 57 90 75 71 75 85 81 78 97 91 67 75 91 98 81 74 71 69 78 89 77 57 87 58 96 82 70 98 89 90 92 77 63 99 95 59 81 
69 78 89 77 57 87 58 96 82 70 98 89 90 92 77 63 99 95 59 81 74 55 61 98 71 65 89 94 71 52 54 65 99 91 84 95 91 91 56 81 78 79 80 91 61 59 68 95 99 74 53 53 90 72 51 85 76 91 89 85 83 92 79 65 57 56 75 81 83 94 93 51 97 56 94 73 89 89 66 82 88 94 51 54 81 51 86 87 92 84 95 97 74 84 66 94 93 54 71 79 82 99 92 71 97 65 83 59 86 92 83 91 55 83 62 87 84 89 74 86 
82 99 92 71 97 65 83 59 86 92 83 91 55 83 62 87 84 89 74 86 50 55 86 91 90 94 84 55 85 80 56 91 73 70 72 59 57 88 76 94 53 78 78 60 72 82 76 85 55 50 83 73 90 58 53 73 78 54 50 52 67 72 76 99 95 73 59 87 71 63 84 62 71 80 92 93 92 76 72 67 72 99 76 78 91 65 84 76 76 84 75 83 92 99 84 85 55 53 90 89 56 97 68 95 78 70 94 74 59 77 71 86 57 73 96 88 82 99 51 56 
56 97 68 95 78 70 94 74 59 77 71 86 57 73 96 88 82 99 51 56 63 84 81 87 83 76 92 63 77 99 50 65 96 92 77 51 63 84 67 97 63 52 50 74 59 80 70 99 65 91 96 64 93 81 71 76 81 62 60 64 99 55 52 97 71 92 69 95 73 63 74 74 72 77 99 99 62 78 80 87 53 53 71 75 90 89 53 57 82 72 77 63 65 65 69 79 73 71 55 74 87 51 99 82 98 90 68 83 67 88 74 98 93 77 76 95 88 74 61 66 
87 51 99 82 98 90 68 83 67 88 74 98 93 77 76 95 88 74 61 66 88 72 95 55 51 60 81 63 65 86 67 65 77 88 69 58 69 80 70 60 75 67 97 58 56 76 96 79 96 87 58 91 65 85 65 73 92 91 66 89 94 60 82 66 51 81 89 56 94 57 79 85 80 72 65 60 92 76 81 63 96 52 85 76 58 65 64 88 97 60 65 88 71 95 78 80 50 86 66 54 70 97 61 58 50 72 55 74 60 51 66 55 54 82 59 76 83 78 79 73 
70 97 61 58 50 72 55 74 60 51 66 55 54 82 59 76 83 78 79 73 76 81 89 94 97 71 78 97 68 96 79 74 61 86 72 50 91 95 98 67 57 56 92 97 88 69 64 73 71 95 69 63 84 56 51 64 60 70 87 52 55 91 86 66 92 50 53 94 56 63 73 60 96 94 50 80 90 62 53 87 57 95 59 57 73 78 64 51 99 74 97 85 72 77 95 84 61 85 60 60 67 67 82 53 89 74 92 65 73 58 55 79 82 59 86 72 96 72 71 68 
67 67 82 53 89 74 92 65 73 58 55 79 82 59 86 72 96 72 71 68 57 69 59 88 96 85 87 68 79 75 73 60 56 67 92 51 68 66 51 53 84 67 67 89 68 50 76 65 79 67 56 81 63 63 86 91 81 70 73 69 80 92 95 66 98 64 90 55 95 70 93 79 99 56 56 81 74 85 53 88 87 76 75 70 68 59 71 67 68 58 93 92 85 67 52 99 97 69 73 58 98 82 81 55 88 75 84 82 52 73 81 59 55 60 55 91 82 52 85 96 
98 82 81 55 88 75 84 82 52 73 81 59 55 60 55 91 82 52 85 96 80 78 78 83 59 63 54 52 87 72 59 85 84 86 72 81 96 83 53 99 56 81 73 82 78 75 59 71 77 77 92 70 75 66 78 63 67 98 76 83 98 59 69 69 69 64 63 70 56 82 95 99 60 67 72 50 94 62 90 83 59 59 87 63 88 52 64 55 51 83 53 74 91 51 87 81 70 82 58 81 73 56 88 76 68 69 99 89 91 72 64 73 53 95 91 79 90 73 63 70 
73 56 88 76 68 69 99 89 91 72 64 73 53 95 91 79 90 73 63 70 56 78 81 88 50 59 91 96 85 76 96 57 59 85 94 71 80 59 55 52 91 66 53 66 59 95 61 84 92 58 57 56 79 95 81 85 73 54 64 66 99 76 94 91 89 66 66 89 78 78 63 69 81 67 63 95 58 59 71 55 96 94 90 90 73 52 78 58 64 96 58 58 53 63 60 82 96 51 79 73 54 75 64 66 68 81 70 71 64 65 85 63 57 78 57 51 61 84 93 86 
54 75 64 66 68 81 70 71 64 65 85 63 57 78 57 51 61 84 93 86 54 52 76 62 99 51 84 88 64 84 95 54 54 83 78 92 88 70 81 53 53 54 78 73 97 72 84 61 75 81 50 66 79 70 58 57 63 80 67 53 86 76 68 98 53 75 68 90 90 78 98 51 80 76 84 75 74 86 75 85 87 56 57 72 85 54 54 93 54 78 96 52 84 63 69 68 92 80 87 81 73 87 70 67 52 93 66 63 53 74 75 72 79 73 84 91 79 50 81 68 
73 87 70 67 52 93 66 63 53 74 75 72 79 73 84 91 79 50 81 68 96 87 80 55 57 87 69 82 83 76 79 74 93 75 79 94 97 63 65 95 95 86 65 64 82 67 98 61 69 97 92 65 66 65 80 92 59 89 54 94 64 84 76 97 85 79 77 79 61 78 98 81 96 51 63 75 67 81 93 68 83 56 50 90 89 50 97 73 96 88 89 64 89 66 80 59 57 92 50 60 66 66 60 85 55 50 82 63 88 50 83 98 79 90 92 85 58 58 73 55 
66 66 60 85 55 50 82 63 88 50 83 98 79 90 92 85 58 58 73 55 50 97 74 62 75 87 79 61 69 72 65 71 64 80 58 56 68 85 50 56 56 51 50 60 90 54 67 91 79 56 92 88 89 56 64 76 68 81 95 51 75 87 83 54 71 70 79 66 65 58 90 85 90 94 50 78 83 96 58 80 76 68 89 62 72 54 91 90 50 51 86 64 87 60 93 88 53 60 71 96 87 93 89 59 52 55 55 75 77 52 87 56 69 73 92 60 98 78 55 72 
87 93 89 59 52 55 55 75 77 52 87 56 69 73 92 60 98 78 55 72 82 80 53 84 55 67 83 76 78 77 82 99 79 62 69 64 75 96 56 60 50 77 82 90 67 86 95 95 77 77 77 97 80 88 55 67 84 58 52 55 70 65 67 99 65 94 58 77 62 82 82 95 57 72 96 80 61 93 68 79 55 72 79 95 78 82 70 93 86 51 90 68 59 83 71 90 57 93 65 90 78 78 94 83 74 76 70 61 65 54 98 73 74 78 98 88 61 72 51 95 
78 78 94 83 74 76 70 61 65 54 98 73 74 78 98 88 61 72 51 95 85 99 71 86 62 73 60 55 83 59 52 52 53 97 82 77 61 74 95 54 70 76 75 86 51 72 59 55 99 74 83 90 71 86 73 91 71 52 81 61 59 52 98 65 62 54 73 83 63 55 66 56 56 70 82 73 63 71 96 57 86 97 84 71 84 83 96 53 52 57 50 70 84 88 93 91 60 61 66 83 52 64 53 84 52 68 60 84 69 65 88 71 74 82 92 98 58 60 70 59 
52 64 53 84 52 68 60 84 69 65 88 71 74 82 92 98 58 60 70 59 63 98 70 73 74 58 77 72 53 51 59 53 50 89 86 51 87 93 57 58 97 77 62 54 93 62 71 73 56 75 98 69 73 80 95 64 97 86 73 86 66 68 70 51 83 50 59 92 80 76 80 71 65 51 93 79 97 57 95 89 73 64 90 58 64 69 85 71 99 91 63 96 89 60 68 88 71 93 54 61 91 99 59 75 63 84 82 87 88 83 71 59 62 79 51 97 68 89 64 82 
91 99 59 75 63 84 82 87 88 83 71 59 62 79 51 97 68 89 64 82 67 55 93 97 89 65 67 65 71 76 61 90 74 97 62 70 74 75 96 57 80 82 69 71 76 83 69 68 84 73 98 68 81 79 84 89 88 50 70 73 75 97 95 60 82 87 67 54 81 97 83 64 82 56 66 60 86 63 93 54 52 65 98 78 70 87 60 61 74 89 87 98 94 65 87 96 54 94 66 62 71 88 54 85 89 71 62 63 71 68 88 93 93 77 91 96 58 81 61 51 
71 88 54 85 89 71 62 63 71 68 88 93 93 77 91 96 58 81 61 51 57 84 56 57 79 78 89 77 52 83 89 60 92 85 53 57 72 58 99 85 72 74 86 96 80 94 68 74 67 59 52 77 53 89 53 67 80 62 89 80 58 53 55 72 83 70 78 60 95 89 81 76 52 94 66 93 85 69 75 70 67 61 50 89 93 60 93 84 80 65 86 61 69 96 88 81 89 80 78 54 51 83 60 83 52 84 71 60 74 97 55 70 55 84 51 61 50 67 51 58 
51 83 60 83 52 84 71 60 74 97 55 70 55 84 51 61 50 67 51 58 56 75 72 88 76 85 76 84 84 84 83 80 77 75 61 65 69 55 60 73 84 82 73 55 85 61 68 67 86 75 70 67 72 73 83 92 50 63 80 56 79 68 65 54 88 85 73 79 80 56 68 85 75 92 68 73 97 71 99 50 94 89 57 93 72 79 51 66 73 54 96 55 95 98 61 58 77 73 80 94 71 70 79 57 80 85 92 92 82 55 76 71 78 68 73 50 75 59 54 55 
71 70 79 57 80 85 92 92 82 55 76 71 78 68 73 50 75 59 54 55 72 72 98 51 89 51 90 58 98 86 84 77 89 83 86 62 61 51 68 85 75 91 92 70 80 60 85 52 58 92 83 99 87 71 76 58 80 72 58 83 69 69 96 78 63 62 77 97 86 68 79 53 73 89 64 60 50 94 87 66 99 75 63 99 85 68 85 63 88 59 85 97 79 99 82 51 64 71 70 78 70 70 56 83 53 92 87 91 90 67 85 58 99 76 55 90 78 60 57 78 
70 70 56 83 53 92 87 91 90 67 85 58 99 76 55 90 78 60 57 78 66 66 55 65 72 81 51 92 57 56 76 98 99 73 99 81 80 62 55 88 74 57 92 69 77 70 88 95 69 84 56 96 87 99 86 60 74 75 92 63 96 60 91 59 72 81 56 64 77 98 62 73 65 59 93 91 93 57 94 66 77 95 81 68 92 53 78 94 73 53 78 76 70 67 61 77 65 81 98 94 95 89 68 77 80 65 77 50 88 81 99 80 91 52 74 52 75 57 97 60 
95 89 68 77 80 65 77 50 88 81 99 80 91 52 74 52 75 57 97 60 67 74 97 92 60 70 59 99 63 55 55 69 72 74 73 64 50 80 60 68 84 76 76 60 77 79 89 76 72 87 56 62 61 87 78 67 94 59 99 98 51 80 89 55 92 52 64 89 80 69 87 95 50 68 99 53 86 59 66 54 93 87 51 63 84 75 71 55 89 67 65 85 58 65 60 80 81 53 71 68 65 57 61 62 99 85 85 77 63 85 62 87 90 80 96 73 52 81 61 86 
65 57 61 62 99 85 85 77 63 85 62 87 90 80 96 73 52 81 61 86 95 74 67 90 51 51 57 64 52 87 62 85 85 76 74 69 80 86 93 70 51 52 84 54 91 97 51 51 74 54 93 73 75 52 71 63 98 68 76 93 92 86 73 93 86 67 65 58 84 94 76 94 71 80 56 97 96 96 92 98 88 51 77 97 62 59 77 70 97 93 81 94 84 79 54 92 94 69 93 63 76 60 95 96 61 78 77 82 97 58 97 97 98 75 63 57 68 66 90 85 
76 60 95 96 61 78 77 82 97 58 97 97 98 75 63 57 68 66 90 85 87 58 93 51 93 79 53 91 83 73 59 64 58 92 79 91 88 55 84 56 54 67 65 60 97 63 92 65 92 67 63 98 79 69 59 74 65 55 84 57 86 65 99 96 79 84 62 87 96 66 63 84 85 55 57 60 81 94 60 50 67 82 95 93 71 76 60 53 81 59 98 53 61 97 71 59 94 62 85 63 98 61 64 60 68 80 77 51 97 82 50 97 76 99 91 71 78 82 51 76 
98 61 64 60 68 80 77 51 97 82 50 97 76 99 91 71 78 82 51 76 94 63 93 66 76 57 94 58 87 82 76 72 74 65 73 97 90 94 94 53 50 97 77 92 54 89 86 77 72 57 86 65 95 52 96 71 72 85 79 94 89 89 70 75 83 78 83 79 90 78 92 60 70 81 76 97 59 80 69 81 85 58 66 73 84 74 52 77 67 55 89 78 58 83 80 97 67 69 82 79 93 83 73 65 71 84 66 80 65 74 59 65 74 69 60 94 58 68 57 99 
93 83 73 65 71 84 66 80 65 74 59 65 74 69 60 94 58 68 57 99 81 99 98 52 72 53 56 52 78 61 85 68 80 68 51 87 74 51 55 65 70 85 61 77 67 96 89 72 99 70 58 71 85 68 76 57 99 97 77 86 50 77 62 67 56 64 94 76 50 76 89 66 54 71 67 65 72 50 90 95 87 67 75 93 68 68 60 64 59 97 65 64 50 76 68 68 63 97 88 50 77 85 60 83 91 89 94 81 54 97 69 90 85 77 59 89 62 57 97 55 
77 85 60 83 91 89 94 81 54 97 69 90 85 77 59 89 62 57 97 55 77 98 57 77 57 71 63 78 86 78 63 60 64 58 69 63 89 66 65 52 76 70 64 95 64 92 60 76 59 94 58 50 97 71 59 85 62 61 90 91 59 70 68 74 86 71 53 50 71 80 54 98 88 94 59 80 54 67 96 59 99 99 58 69 91 98 74 93 77 65 90 75 97 84 80 61 92 91 64 89 68 92 96 66 79 51 70 84 95 65 75 53 62 88 58 72 85 74 94 63 
68 92 96 66 79 51 70 84 95 65 75 53 62 88 58 72 85 74 94 63 79 72 79 63 73 90 83 73 71 59 97 75 98 77 67 86 69 94 55 53 57 74 91 78 61 50 66 62 94 66 92 55 96 77 87 78 60 87 98 86 62 79 66 95 89 50 85 87 50 72 63 59 68 73 52 75 51 82 75 75 97 64 87 88 52 88 75 59 95 85 84 51 72 58 63 67 57 83 73 60 98 53 96 80 51 65 59 75 87 78 93 54 62 88 85 74 79 57 90 97 
98 53 96 80 51 65 59 75 87 78 93 54 62 88 85 74 79 57 90 97 73 59 70 83 57 92 82 73 76 80 67 68 72 85 88 85 77 75 56 77 88 68 99 96 74 83 56 87 66 88 67 68 76 89 82 74 99 69 79 87 55 95 71 97 74 85 89 66 84 57 59 60 59 72 66 54 71 75 76 53 94 55 60 57 96 67 54 96 99 50 98 62 59 85 51 79 70 94 63 91 86 53 87 67 78 83 58 87 89 84 96 82 55 78 61 77 52 72 52 64 
86 53 87 67 78 83 58 87 89 84 96 82 55 78 61 77 52 72 52 64 96 68 89 55 69 53 99 99 87 63 86 59 56 69 85 71 90 93 65 80 82 86 57 66 93 50 51 70 85 97 95 88 62 62 67 51 78 53 81 65 58 71 83 62 71 55 66 79 66 75 53 58 91 52 80 53 54 90 68 99 99 55 55 96 58 75 82 51 65 57 90 86 95 91 99 66 63 87 51 95 53 69 98 72 55 99 63 50 72 78 88 70 98 68 94 77 78 78 66 70 
53 69 98 72 55 99 63 50 72 78 88 70 98 68 94 77 78 78 66 70 83 64 87 96 73 51 63 96 60 64 70 63 50 63 83 75 66 50 56 66 62 97 84 50 92 51 64 63 64 55 72 62 83 52 61 52 93 56 56 58 69 56 79 74 56 60 51 64 82 74 83 99 53 62 87 61 93 70 58 77 88 59 50 60 74 91 94 81 80 73 60 73 91 84 98 70 61 59 86 83 83 77 80 70 90 87 72 76 86 50 80 76 82 87 53 83 51 92 82 72 
83 77 80 70 90 87 72 76 86 50 80 76 82 87 53 83 51 92 82 72 77 67 50 53 98 55 77 66 98 77 50 87 83 77 64 99 71 84 51 65 98 62 85 55 99 50 60 54 87 81 80 83 70 93 85 52 58 99 74 72 99 76 59 88 53 81 80 94 68 63 84 59 74 64 63 63 91 88 87 57 63 57 66 93 56 94 53 91 95 75 56 96 84 96 80 88 51 54 88 51 54 69 60 65 52 85 79 67 84 55 82 92 57 75 75 93 61 52 79 80 
54 69 60 65 52 85 79 67 84 55 82 92 57 75 75 93 61 52 79 80 81 78 80 82 54 74 76 97 96 79 71 70 66 77 55 56 68 94 58 87 85 77 86 87 99 77 60 62 65 81 87 67 61 68 97 74 77 97 70 51 65 67 56 63 76 54 50 76 69 56 75 51 86 73 94 70 58 75 69 81 87 59 88 55 92 97 87 70 87 62 56 90 76 75 76 88 78 98 66 55 73 65 90 95 69 82 59 97 76 59 78 64 86 77 56 67 75 56 56 61 
73 65 90 95 69 82 59 97 76 59 78 64 86 77 56 67 75 56 56 61 82 52 73 71 73 78 89 59 74 93 80 86 68 62 83 94 72 81 92 74 58 50 75 53 73 65 55 65 86 95 54 88 53 68 95 78 52 93 73 82 52 96 70 78 71 60 78 59 97 87 90 68 87 72 55 65 78 54 56 68 70 59 61 99 96 81 89 72 97 88 99 94 51 72 81 84 95 96 79 72 78 88 82 88 68 74 85 97 88 50 54 93 71 98 51 57 93 80 54 70 
78 88 82 88 68 74 85 97 88 50 54 93 71 98 51 57 93 80 54 70 83 89 57 74 50 74 84 90 86 54 73 50 75 96 66 60 67 94 70 91 99 85 52 95 72 78 61 86 85 55 97 51 52 94 86 95 99 51 89 83 83 74 62 93 65 80 93 92 63 89 90 91 84 71 64 67 64 92 75 50 54 82 64 98 83 51 87 75 58 67 72 73 61 59 94 67 81 63 62 96 50 62 97 57 78 92 94 59 69 50 55 70 62 88 57 93 57 54 90 61 
50 62 97 57 78 92 94 59 69 50 55 70 62 88 57 93 57 54 90 61 76 94 84 76 63 50 88 71 55 55 86 84 64 92 66 69 96 96 50 98 65 58 78 90 65 96 75 52 55 51 58 53 60 74 81 94 89 52 52 79 59 76 53 59 80 84 51 75 96 77 51 68 59 79 67 78 97 97 66 56 71 97 80 61 51 66 65 69 87 77 73 98 86 98 88 58 99 97 57 79 95 52 89 86 71 95 71 75 62 89 55 66 74 59 51 89 80 57 66 69 
95 52 89 86 71 95 71 75 62 89 55 66 74 59 51 89 80 57 66 69 51 85 93 76 95 77 84 69 76 62 67 60 72 73 95 56 61 60 95 50 63 62 62 54 94 60 76 56 50 54 70 58 63 93 51 70 63 77 66 78 86 55 75 77 52 70 90 65 54 77 92 89 93 72 68 52 93 95 68 74 70 64 53 87 51 88 98 85 80 54 91 96 53 56 61 71 74 56 92 67 61 97 66 67 96 76 58 96 77 60 99 77 55 91 88 90 61 66 68 61 
61 97 66 67 96 76 58 96 77 60 99 77 55 91 88 90 61 66 68 61 74 67 78 58 69 88 96 70 84 59 61 80 55 72 83 74 72 83 92 60 80 81 94 66 71 80 62 86 52 66 54 92 87 93 95 89 86 74 69 91 57 60 74 72 54 94 78 92 76 74 95 76 71 94 83 54 70 61 53 66 95 61 83 74 67 99 57 62 99 90 72 81 57 92 84 95 82 53 54 64 62 55 84 66 77 53 89 71 55 51 65 85 62 57 54 93 72 52 89 80 
62 55 84 66 77 53 89 71 55 51 65 85 62 57 54 93 72 52 89 80 71 84 82 77 64 81 91 60 67 82 96 99 91 85 70 73 85 73 85 97 51 76 98 60 89 86 90 77 85 78 83 69 64 78 85 90 60 69 62 79 86 69 99 73 87 82 97 72 62 56 81 82 71 91 95 64 86 84 93 81 56 58 86 71 68 94 83 56 86 93 78 56 86 56 79 66 59 99 72 96 81 56 56 59 84 78 92 89 87 65 62 96 50 77 85 57 59 84 68 88 
81 56 56 59 84 78 92 89 87 65 62 96 50 77 85 57 59 84 68 88 67 69 57 82 80 51 75 75 53 95 57 94 79 52 85 93 93 82 79 91 89 76 75 86 74 95 98 90 90 81 92 57 72 76 93 58 72 52 69 78 82 73 71 53 97 61 54 85 52 50 91 92 71 53 79 50 87 85 79 66 57 96 76 58 99 94 86 96 71 91 50 96 87 97 62 93 74 88 92 89 78 63 65 67 84 79 96 58 84 96 51 79 83 58 51 76 62 96 65 84 
78 63 65 67 84 79 96 58 84 96 51 79 83 58 51 76 62 96 65 84 92 69 83 81 55 50 86 62 64 99 95 74 71 73 97 97 64 53 96 86 81 70 50 76 62 86 83 52 95 98 62 89 51 62 88 99 99 83 84 97 66 91 79 50 78 79 60 92 79 81 94 90 60 96 68 82 65 98 57 55 62 72 66 69 71 81 78 90 89 64 99 87 91 65 86 58 72 66 69 50 56 76 95 72 55 89 97 90 61 63 95 52 53 91 66 90 89 78 85 95 
56 76 95 72 55 89 97 90 61 63 95 52 53 91 66 90 89 78 85 95 67 73 98 56 82 97 67 65 73 65 60 80 70 87 90 56 66 67 75 87 93 52 58 79 97 55 52 88 87 59 65 57 80 84 80 79 74 95 85 66 50 74 58 75 89 58 68 94 72 90 83 82 99 62 75 50 69 88 96 72 60 50 69 82 97 78 59 75 80 70 84 71 64 64 58 66 59 77 71 97 65 56 57 60 92 56 66 67 99 76 97 64 63 57 76 77 87 56 74 84 
65 56 57 60 92 56 66 67 99 76 97 64 63 57 76 77 87 56 74 84 86 58 76 97 50 84 81 66 69 80 92 86 50 78 64 64 74 89 78 95 97 62 82 66 64 63 72 84 82 92 90 56 77 99 57 96 66 53 64 94 78 78 91 84 81 85 67 70 82 96 95 99 53 57 60 59 88 65 95 89 59 55 70 51 80 66 73 98 98 79 80 88 98 52 61 98 90 86 86 92 99 80 53 62 88 63 69 51 52 88 61 58 76 63 55 77 66 56 64 73 
99 80 53 62 88 63 69 51 52 88 61 58 76 63 55 77 66 56 64 73 79 96 65 58 63 60 99 52 58 68 89 88 94 88 73 98 60 94 65 80 98 70 58 93 85 79 83 54 53 89 94 61 92 91 73 95 84 99 83 81 71 95 52 85 60 50 51 97 85 76 74 60 68 62 74 60 70 57 94 64 66 81 67 96 59 92 67 85 55 62 82 79 72 78 92 73 72 80 71 56 69 86 97 56 64 91 92 89 79 86 61 68 99 65 81 56 78 78 62 82 
69 86 97 56 64 91 92 89 79 86 61 68 99 65 81 56 78 78 62 82 51 73 63 92 83 99 59 96 70 99 97 73 64 92 61 68 75 68 87 77 90 85 96 93 72 53 94 52 54 61 55 85 70 93 82 95 56 70 96 98 82 89 57 85 51 57 87 60 78 70 57 65 87 75 58 50 65 72 97 71 67 90 68 67 51 56 63 79 68 89 65 58 98 89 76 98 85 78 75 78 82 67 89 96 86 54 69 54 77 67 65 96 74 61 58 50 78 55 56 59 
82 67 89 96 86 54 69 54 77 67 65 96 74 61 58 50 78 55 56 59 91 69 86 86 56 81 97 52 94 92 81 94 80 99 95 80 94 93 52 65 84 79 95 89 63 85 98 70 71 59 69 61 97 80 70 79 89 96 53 82 60 75 91 91 60 93 81 83 76 93 87 83 88 85 97 91 62 95 98 83 52 76 92 84 85 75 58 85 64 81 71 67 51 62 90 99 86 67 54 63 91 70 95 68 77 90 87 68 68 58 88 97 65 73 88 75 55 73 58 82 
91 70 95 68 77 90 87 68 68 58 88 97 65 73 88 75 55 73 58 82 80 50 83 54 99 96 85 62 61 85 98 77 59 84 90 65 75 85 90 74 68 74 78 66 59 61 81 72 85 96 78 71 52 61 92 90 65 69 54 73 96 64 64 86 76 77 80 62 51 84 54 91 91 82 79 70 56 84 80 74 92 50 54 87 99 72 65 86 99 80 84 59 70 67 77 53 93 67 66 67 76 63 52 53 95 64 66 75 57 90 72 54 83 85 74 77 81 81 96 91 
76 63 52 53 95 64 66 75 57 90 72 54 83 85 74 77 81 81 96 91 55 58 88 68 76 97 63 98 80 72 59 65 86 78 51 58 58 99 80 95 57 52 84 57 53 78 72 87 88 90 80 75 70 63 63 55 65 70 62 90 61 93 52 66 91 73 56 76 54 81 55 89 65 75 95 58 65 80 82 66 70 66 50 77 74 56 99 70 83 59 53 50 81 84 79 54 96 61 58 96 86 62 88 88 79 64 51 72 52 60 95 86 92 77 96 92 87 63 95 65 
86 62 88 88 79 64 51 72 52 60 95 86 92 77 96 92 87 63 95 65 54 53 70 89 94 75 89 96 75 67 79 67 60 64 51 95 91 82 85 56 67 99 72 86 65 65 87 76 85 57 67 99 91 87 52 65 55 95 86 96 57 62 77 90 70 92 73 70 65 56 74 87 50 77 66 73 63 90 79 92 69 51 82 52 63 57 89 97 71 52 63 56 55 67 69 63 58 99 74 93 88 51 51 78 86 79 57 94 75 74 74 91 77 61 92 75 70 62 63 99 
88 51 51 78 86 79 57 94 75 74 74 91 77 61 92 75 70 62 63 99 89 76 68 64 79 64 81 87 81 86 72 98 98 90 69 78 50 75 53 96 55 59 56 81 79 98 53 99 85 90 65 91 97 60 98 57 74 69 71 55 85 62 58 51 51 72 76 92 62 84 99 89 55 57 96 67 64 67 90 64 95 58 74 64 67 79 99 59 58 66 69 78 86 77 97 55 79 66 52 76 73 82 87 88 93 94 61 58 97 76 55 93 91 62 81 59 91 94 53 72 
73 82 87 88 93 94 61 58 97 76 55 93 91 62 81 59 91 94 53 72 84 75 89 60 77 52 95 81 59 79 92 79 62 74 60 90 63 58 91 81 80 70 55 81 86 62 63 79 59 99 90 67 60 78 90 94 76 97 57 96 75 82 80 70 94 53 52 88 83 89 61 76 79 50 88 53 58 81 74 85 69 81 81 76 66 55 54 55 97 61 99 83 91 82 85 52 59 61 94 98 69 94 77 76 56 84 90 51 93 72 68 63 90 91 97 84 75 95 82 70 
69 94 77 76 56 84 90 51 93 72 68 63 90 91 97 84 75 95 82 70 60 77 69 95 80 92 60 75 86 61 99 74 63 58 50 78 70 73 85 67 58 59 65 69 93 78 82 89 91 81 59 68 89 85 96 52 52 84 54 66 57 78 92 53 85 56 87 98 62 91 74 87 97 69 72 56 51 91 82 95 96 55 77 50 76 93 78 81 78 87 61 93 93 70 59 83 59 97 52 75 58 66 68 93 81 91 78 99 67 73 74 74 82 87 71 57 70 89 85 67 
58 66 68 93 81 91 78 99 67 73 74 74 82 87 71 57 70 89 85 67 68 69 82 74 89 85 70 60 78 87 67 55 70 91 77 90 88 72 68 51 85 86 97 55 74 64 52 63 52 80 93 91 86 96 99 94 77 63 87 94 69 65 90 85 80 90 64 66 64 57 76 92 62 72 62 74 87 88 87 71 52 76 74 89 99 58 55 95 91 67 67 50 81 74 93 92 80 65 79 63 99 74 79 76 79 53 64 72 68 58 76 79 60 53 94 57 71 61 51 94 
99 74 79 76 79 53 64 72 68 58 76 79 60 53 94 57 71 61 51 94 66 81 66 67 85 77 53 64 78 51 52 67 89 91 77 83 81 63 74 87 86 73 67 91 65 52 85 79 62 62 84 60 89 83 58 68 59 61 96 92 87 87 79 99 62 74 73 65 82 74 63 88 67 70 96 98 75 91 85 95 80 77 60 64 99 97 52 94 59 56 74 66 51 60 81 64 97 59 66 65 58 76 98 89 63 83 98 98 61 95 72 81 98 75 84 56 50 55 95 85 
58 76 98 89 63 83 98 98 61 95 72 81 98 75 84 56 50 55 95 85 52 79 56 99 73 61 77 58 70 62 95 87 94 79 86 98 92 69 78 99 95 91 83 77 63 64 94 55 51 51 59 80 84 57 79 97 90 61 53 86 86 93 96 77 59 63 99 83 73 74 52 90 81 82 51 90 95 83 81 53 98 86 75 73 65 83 97 50 71 61 82 65 50 96 96 74 65 91 82 68 56 91 79 78 98 50 52 60 61 88 63 64 69 93 95 53 68 77 71 82 
56 91 79 78 98 50 52 60 61 88 63 64 69 93 95 53 68 77 71 82 67 92 84 86 54 73 95 66 68 95 55 88 54 65 68 92 72 95 91 60 85 73 69 58 54 98 78 87 55 84 95 70 93 99 93 66 82 72 66 59 71 83 88 80 50 66 93 84 89 90 69 62 71 85 57 94 77 78 69 77 50 78 89 91 87 95 70 52 56 94 89 75 70 95 90 66 88 75 91 59 95 88 92 69 59 56 61 54 75 51 77 83 95 90 83 50 53 98 94 68 
95 88 92 69 59 56 61 54 75 51 77 83 95 90 83 50 53 98 94 68 81 88 58 75 66 86 94 65 59 96 98 71 91 51 51 97 60 85 83 87 50 93 78 81 72 85 66 86 52 63 74 76 89 68 50 69 74 67 78 93 59 57 97 80 77 61 97 64 94 62 63 57 95 85 81 52 63 97 67 58 63 51 87 72 73 71 92 67 97 71 97 90 75 79 55 95 82 86 74 62 70 93 56 79 58 63 93 77 54 81 50 59 86 52 87 72 87 68 87 63 
70 93 56 79 58 63 93 77 54 81 50 59 86 52 87 72 87 68 87 63 58 88 84 72 96 56 86 77 76 98 83 54 96 53 85 81 50 98 71 83 64 93 68 94 52 64 51 80 78 81 69 80 80 78 69 85 92 72 89 85 97 69 67 67 59 74 52 99 82 67 61 58 94 57 83 81 63 62 65 87 55 83 64 79 92 96 94 95 61 95 95 82 80 70 99 88 51 68 93 77 62 97 98 81 71 87 96 51 86 54 94 76 53 76 92 70 73 93 57 61 

