12
40

54 87 71 79 53 60 80 85 95 76 53 78 
74 69 92 80 83 52 74 68 62 86 88 65 
51 99 72 84 66 91 85 64 59 95 67 74 
76 52 82 67 75 53 56 93 92 83 63 88 
88 60 67 86 88 72 91 94 67 76 66 80 
55 89 77 87 66 77 73 57 66 82 56 95 
87 52 96 94 99 85 52 68 53 74 91 93 
89 84 59 61 86 83 73 88 66 99 60 66 
97 97 53 59 81 84 90 77 74 52 91 98 
67 94 54 61 78 58 72 89 74 76 68 96 
75 74 91 58 77 93 89 50 93 88 95 96 
50 86 73 66 86 63 63 87 96 95 74 80 
65 51 70 88 61 71 60 58 72 92 74 72 
97 82 99 96 94 79 75 99 54 79 78 64 
92 80 64 75 78 83 82 95 86 60 61 66 
68 73 50 54 69 92 59 50 54 53 94 60 
86 76 52 61 79 99 54 92 82 79 57 61 
50 80 78 79 56 88 85 63 61 70 77 85 
61 59 57 93 92 54 60 61 70 64 65 97 
91 71 77 65 64 66 95 74 82 96 77 61 
68 76 87 60 98 63 50 77 90 53 96 78 
75 75 70 75 79 50 82 84 86 54 97 76 
51 53 50 70 60 83 53 68 70 69 61 60 
68 74 67 64 92 75 62 71 83 95 81 53 
96 77 65 64 68 62 81 66 84 95 76 61 
86 93 51 64 59 88 75 82 97 83 95 96 
84 91 74 62 82 77 80 81 82 83 73 70 
93 66 79 52 72 60 76 79 95 93 72 58 
65 89 79 53 69 70 84 88 58 73 91 76 
59 69 76 69 53 99 62 77 77 89 89 67 
95 70 80 57 81 63 95 98 94 76 65 63 
85 79 51 70 51 62 51 94 67 77 76 73 
56 76 86 85 94 68 63 91 83 62 98 55 
64 82 76 70 72 77 57 59 79 77 62 85 
63 59 59 95 68 78 50 58 96 70 98 77 
67 79 68 99 82 74 71 90 51 86 61 65 
87 88 58 80 50 57 50 63 86 82 81 53 
92 83 92 72 69 83 90 68 90 66 65 92 
78 74 76 90 71 88 62 85 98 56 93 81 
52 56 52 79 54 79 86 82 99 65 62 89 

133 154 141 132 139 145 149 173 154 141 168 162 149 133 151 157 126 134 172 154 147 154 142 134 128 171 144 170 170 161 148 137 169 150 153 135 173 126 152 140 
147 132 151 134 174 173 128 125 157 126 150 168 158 141 165 137 126 160 166 146 155 143 134 170 170 135 162 143 162 163 156 155 138 143 131 159 151 156 142 146 
144 165 138 172 143 148 130 163 172 173 164 139 170 158 161 160 159 166 139 140 144 139 143 159 155 166 161 160 151 138 140 173 158 139 150 128 167 142 129 130 
139 169 128 135 168 154 156 137 148 158 150 162 143 161 167 127 150 130 145 154 135 168 133 157 143 135 150 167 125 145 168 132 126 172 158 164 151 127 153 134 
137 141 132 153 151 140 144 163 145 142 132 129 135 128 167 153 167 139 158 174 133 134 165 142 158 135 128 151 171 152 174 162 169 145 128 145 163 130 140 127 
172 125 133 159 136 128 147 172 153 160 167 174 160 161 167 127 163 139 151 152 157 129 174 162 128 157 126 160 133 141 143 158 166 159 163 159 152 157 133 163 
131 150 135 125 129 137 139 139 153 127 128 162 137 158 128 165 142 167 140 171 147 132 125 136 170 156 137 141 143 152 128 154 157 173 165 134 158 134 139 143 
137 147 161 172 138 144 134 153 174 158 154 153 172 174 139 168 173 150 127 132 141 165 142 150 149 139 151 166 126 158 173 157 138 166 138 172 142 154 170 157 
150 135 162 155 137 151 154 138 133 170 169 153 142 142 134 135 153 172 166 171 159 150 139 133 154 142 167 164 136 170 171 160 127 136 169 170 129 138 170 126 
149 162 152 148 130 159 147 147 156 164 171 137 168 126 147 160 159 166 144 128 172 160 159 168 127 155 150 159 135 154 157 150 163 132 160 166 140 136 166 128 
160 153 171 132 156 159 154 156 127 163 137 164 140 151 144 128 149 159 160 166 149 167 166 155 152 132 135 152 174 156 148 154 153 145 164 141 130 163 126 139 
140 149 144 160 173 149 133 143 130 140 160 136 174 161 151 144 167 163 152 142 137 152 128 149 171 158 152 126 156 130 162 132 171 154 168 128 141 148 171 129 
159 172 145 151 131 147 144 162 167 148 133 139 133 140 161 167 169 125 147 134 145 134 167 151 130 174 136 135 171 141 130 140 156 168 174 151 171 157 147 156 
137 127 138 151 163 157 145 164 131 143 152 159 142 153 126 136 129 162 129 149 153 143 169 145 161 170 142 145 161 159 136 126 134 137 133 126 138 173 127 146 
143 147 131 159 132 162 127 170 170 146 134 138 127 136 131 170 125 130 131 133 137 149 157 125 125 168 150 143 131 162 159 172 144 155 149 170 169 157 150 152 
134 165 160 159 135 131 166 170 150 128 133 156 168 160 167 149 154 168 147 164 150 146 134 154 127 155 151 133 126 129 160 151 147 133 151 174 131 157 156 162 
141 147 126 148 136 167 170 138 174 149 160 167 160 130 165 149 147 155 161 142 174 140 140 152 152 156 140 146 142 148 166 170 170 147 166 171 164 161 168 149 
159 161 171 170 153 147 174 128 140 133 125 172 154 131 144 131 151 140 132 173 156 151 172 126 135 134 155 140 141 163 154 149 130 160 125 165 147 171 138 161 
144 142 136 174 159 139 172 152 125 138 151 134 139 135 137 135 153 150 147 135 149 159 126 146 139 157 137 170 130 170 140 126 156 167 153 163 145 130 136 168 
158 136 159 131 160 125 157 132 157 165 125 150 171 147 138 163 139 159 167 170 130 162 162 133 174 149 134 156 148 152 159 131 151 158 141 167 173 133 143 168 
151 164 173 134 160 158 133 128 137 169 137 151 146 164 148 133 139 133 129 141 162 171 125 125 136 143 153 168 169 145 150 136 159 150 127 130 143 169 168 135 
174 132 145 131 125 158 169 169 159 132 171 160 171 172 132 151 158 149 162 135 157 164 170 141 141 129 160 129 153 132 140 131 141 152 140 162 138 150 160 153 
129 172 166 152 167 145 161 148 151 137 143 166 170 167 170 159 125 163 164 128 168 141 131 162 167 138 132 133 168 139 144 142 139 150 126 154 145 167 138 135 
154 147 144 153 134 134 153 165 139 167 162 141 126 164 168 127 141 149 148 131 130 128 136 165 141 164 163 141 125 141 165 161 132 173 125 146 165 160 151 160 
139 159 134 130 158 126 174 162 137 164 135 150 162 150 128 127 134 140 131 147 150 144 158 155 135 159 165 146 172 161 135 136 137 169 133 167 172 128 128 140 
171 157 155 139 156 174 154 153 125 169 134 157 155 145 148 169 138 160 137 129 162 167 166 134 138 126 136 144 127 174 168 169 140 174 143 170 171 169 134 166 
144 149 144 138 148 128 166 134 168 157 148 128 163 134 166 162 141 167 135 139 141 163 169 149 148 157 135 150 168 131 162 155 142 146 169 128 138 151 172 149 
138 130 173 163 167 129 144 133 139 134 140 171 163 128 149 150 162 135 160 154 134 162 132 128 154 137 168 163 168 165 169 155 161 142 161 151 170 167 126 142 
174 157 141 153 166 129 134 170 131 142 133 140 155 146 173 158 146 142 156 165 138 159 136 126 148 159 125 135 148 141 156 125 127 128 126 173 143 164 135 144 
173 154 154 130 167 164 127 126 147 136 158 169 172 147 165 174 158 155 164 156 158 168 156 137 155 146 155 171 165 129 157 165 144 174 138 128 125 127 169 158 
162 132 135 125 166 130 140 147 139 148 172 143 140 125 132 173 135 132 168 155 159 150 174 148 130 158 134 163 158 166 147 157 159 137 155 146 160 150 126 155 
136 156 138 126 136 126 168 165 162 142 126 162 172 168 170 166 146 172 151 140 126 141 142 169 153 149 173 160 144 139 143 150 144 154 128 132 171 128 174 144 
141 131 129 128 151 137 141 128 163 127 145 161 166 167 162 132 164 162 160 125 142 139 166 142 125 158 130 129 133 139 160 151 156 165 147 142 164 134 159 136 
152 155 173 170 166 167 144 141 142 136 156 129 165 157 130 164 134 164 157 155 141 139 164 145 127 164 131 171 163 141 169 126 166 152 139 162 145 143 162 172 
134 164 161 153 150 127 141 149 145 159 127 160 150 145 171 168 173 154 138 136 156 153 174 148 139 162 143 141 133 169 149 158 147 148 149 129 149 167 133 156 
139 153 131 128 163 161 172 143 148 164 158 169 174 150 144 140 127 159 138 150 158 155 159 154 168 174 140 156 169 158 137 170 146 136 129 155 127 132 150 130 
149 127 166 165 149 130 125 169 147 141 159 128 141 145 136 156 172 155 141 148 158 160 161 156 139 174 163 129 160 172 161 142 140 148 152 132 151 140 170 166 
139 159 156 148 155 171 129 169 158 129 159 174 132 164 153 136 128 164 129 148 174 125 136 152 164 173 174 136 168 173 153 148 173 161 144 143 162 156 153 133 
144 139 165 168 132 159 128 139 134 135 166 166 154 161 167 144 165 130 158 127 152 163 172 142 133 148 173 160 137 147 145 145 164 162 155 129 166 168 145 137 
156 155 151 167 146 152 145 131 145 157 169 172 137 141 142 148 135 173 135 130 160 168 171 172 169 170 153 152 153 148 153 152 148 150 126 149 134 144 143 164 

153 172 168 139 171 172 148 165 160 170 126 127 155 164 136 143 136 163 146 167 126 149 170 151 160 155 166 169 131 130 154 160 127 127 168 145 163 147 149 156 
171 166 167 161 171 125 144 138 146 151 156 125 135 129 132 164 127 150 147 135 173 171 141 163 167 168 174 137 151 127 157 167 146 173 143 134 172 155 143 130 
148 158 166 166 135 160 130 143 157 159 126 147 134 129 134 169 144 158 131 147 126 167 167 148 142 158 170 173 153 161 153 141 132 130 144 162 141 160 127 167 
150 165 165 132 147 136 127 129 155 171 165 166 158 166 170 148 126 174 154 166 149 145 164 163 130 174 153 148 170 167 149 160 162 155 130 140 136 161 164 158 
142 163 128 156 129 150 125 126 169 153 162 149 125 153 149 154 159 129 139 128 147 130 144 125 153 173 142 144 172 150 166 147 126 151 149 171 173 138 153 154 
154 133 130 160 152 155 168 125 136 172 155 125 168 130 131 163 169 168 130 158 152 147 142 130 160 137 164 127 136 174 140 165 171 139 167 150 138 152 162 143 
155 154 138 160 150 147 130 167 148 163 141 153 151 133 126 141 161 158 167 151 173 147 134 152 136 174 163 151 132 151 149 166 142 162 138 135 159 165 158 151 
143 165 144 152 166 141 153 130 154 130 131 145 129 151 173 130 154 126 143 163 163 132 161 131 133 144 138 153 128 147 170 133 163 168 128 172 147 154 158 148 
150 133 139 169 125 170 153 168 126 140 125 161 174 131 151 138 126 160 143 163 151 136 171 140 139 127 128 157 137 161 170 137 167 166 131 131 128 150 131 169 
129 153 156 130 128 156 131 161 166 161 162 145 162 149 162 166 147 166 171 139 170 141 135 150 144 149 135 173 139 138 133 156 143 165 158 134 165 164 133 129 
127 166 150 160 127 168 174 149 163 125 158 166 170 164 126 147 163 169 154 149 164 131 128 141 163 165 161 168 148 130 159 152 130 167 149 132 127 127 129 133 
160 164 153 125 139 166 140 133 161 158 138 125 150 155 145 144 129 164 137 138 125 165 132 126 134 174 172 170 158 164 161 149 132 160 153 136 169 135 169 157 
137 166 133 144 141 161 141 174 156 163 172 164 168 133 166 144 163 145 148 151 159 141 161 136 146 162 133 169 153 134 128 135 134 130 126 147 146 137 164 136 
142 156 140 156 143 137 152 170 162 125 127 126 163 128 138 143 155 168 172 147 173 157 149 174 134 132 133 150 155 155 152 169 129 173 130 143 159 167 145 130 
174 128 163 140 171 154 152 144 128 132 163 150 135 152 158 157 162 168 151 173 174 161 125 143 166 137 168 143 160 128 162 164 128 125 151 151 136 158 127 128 
164 158 128 149 170 128 135 128 174 127 173 131 141 161 174 153 139 129 174 145 169 141 160 125 149 151 132 145 145 125 145 162 169 138 158 160 155 162 150 126 
161 134 157 126 166 138 134 156 135 148 157 151 125 167 161 149 125 157 146 137 145 131 126 143 144 174 173 130 133 147 135 166 127 171 138 160 161 129 150 133 
138 169 138 141 146 143 157 169 140 137 164 149 128 164 139 165 170 169 159 149 128 140 135 129 149 166 166 145 127 127 164 159 148 135 158 159 167 139 169 172 
155 160 153 168 171 146 135 154 135 168 153 148 173 162 167 165 170 142 147 151 125 140 130 163 155 137 159 153 132 142 143 141 159 152 140 127 166 150 145 143 
159 165 160 150 137 137 146 156 148 132 156 131 155 167 128 138 170 174 132 151 167 132 125 159 135 152 154 149 126 138 163 169 137 132 172 141 160 131 149 126 
132 146 159 125 139 148 170 164 136 170 167 148 168 146 133 142 146 164 167 144 131 150 138 168 141 158 128 138 164 144 137 151 133 172 131 155 154 126 157 167 
153 135 130 159 141 174 171 125 164 149 137 163 174 167 142 142 173 145 127 135 136 159 153 151 158 158 130 169 173 131 136 161 136 147 131 154 156 171 170 153 
150 140 167 147 141 170 166 170 160 125 141 154 144 161 127 144 149 140 171 147 129 162 155 154 174 172 174 140 138 149 161 155 141 129 143 137 137 148 128 129 
125 154 135 154 146 141 149 144 126 126 152 164 165 128 146 145 164 153 162 174 148 152 134 132 148 144 161 130 129 147 140 129 138 147 137 174 152 127 156 149 
133 153 137 168 130 141 161 161 172 164 150 151 164 164 150 137 134 131 151 132 150 129 169 160 149 164 130 151 127 169 146 146 154 162 132 172 168 147 137 148 
146 133 147 132 125 153 143 172 172 150 163 151 159 127 164 170 132 167 126 144 152 126 139 167 142 130 174 154 125 157 132 128 141 170 138 157 173 130 154 152 
147 137 160 144 133 139 156 143 166 130 128 151 173 146 126 137 147 128 127 142 166 149 146 133 138 126 145 145 134 152 161 170 143 147 163 167 141 162 172 130 
138 146 174 164 137 155 138 165 168 158 143 128 126 172 143 173 127 173 172 146 125 136 157 135 130 133 129 149 155 168 152 141 146 145 171 138 152 142 128 135 
127 167 130 137 152 126 147 155 139 149 139 157 130 128 158 171 134 154 165 137 144 160 167 151 174 164 144 171 139 157 169 169 137 158 154 156 144 164 146 135 
141 143 166 149 144 135 151 133 164 155 148 174 159 134 130 160 126 171 155 125 171 172 126 158 129 166 146 131 161 154 169 173 146 142 147 148 156 162 146 129 
156 158 154 144 141 132 150 145 125 146 164 148 155 154 152 127 136 128 151 126 148 149 144 144 149 149 174 136 169 170 142 158 163 128 144 125 140 155 130 156 
162 170 129 144 147 129 158 151 134 146 132 138 144 151 147 128 148 148 143 147 138 136 172 158 157 155 135 128 172 171 140 141 145 162 172 142 129 168 126 142 
152 165 163 150 149 161 171 148 169 165 173 135 168 156 132 171 145 167 154 139 139 154 154 138 146 148 156 160 128 140 154 135 142 149 148 130 164 158 149 136 
144 169 172 140 130 162 174 165 166 134 164 129 153 126 169 161 144 160 159 138 165 160 161 159 135 150 163 154 130 137 168 130 173 135 149 148 170 170 151 151 
135 172 128 128 174 126 135 166 140 159 127 160 125 141 130 131 145 170 150 171 169 141 151 137 128 150 167 167 171 163 148 155 161 128 134 125 140 131 131 163 
161 142 144 127 139 135 158 151 133 137 129 144 168 172 143 157 126 147 136 155 140 166 174 172 145 171 172 173 139 140 126 140 145 143 160 132 141 140 166 144 
142 140 126 140 165 163 154 140 171 164 174 134 138 152 149 153 131 143 144 134 161 165 146 145 151 173 156 128 150 156 142 159 128 148 128 142 129 161 157 170 
154 156 158 142 151 125 150 169 137 132 165 163 138 134 126 165 165 166 132 152 173 133 148 139 151 163 157 136 137 152 140 165 160 143 167 134 126 135 134 139 
158 165 164 147 148 161 134 164 126 141 141 155 156 167 139 139 160 134 169 174 138 145 173 147 164 128 163 158 139 174 139 145 150 150 146 171 152 167 168 168 
147 131 129 161 159 137 143 148 162 149 165 133 173 143 148 141 144 141 129 158 130 164 147 139 136 126 151 152 170 135 135 135 130 145 145 125 134 151 162 174 

167 161 172 136 139 171 144 145 130 139 129 147 158 136 136 167 137 167 163 135 134 134 166 169 144 128 142 141 165 164 129 148 147 166 136 171 145 139 160 147 
165 149 128 152 160 172 137 129 165 140 128 147 147 154 165 153 139 150 160 147 154 161 149 173 173 155 169 142 138 136 155 158 169 164 170 140 144 156 141 151 
165 173 133 147 149 129 141 148 158 160 139 154 166 172 173 152 136 127 171 142 137 173 132 166 140 169 159 151 146 141 161 140 169 145 128 126 133 131 159 159 
167 156 131 161 153 160 164 165 135 163 173 164 143 173 140 161 128 158 130 139 171 138 128 147 139 156 149 150 146 131 161 132 153 136 131 165 138 137 139 129 
157 168 134 128 160 130 148 162 164 128 163 152 174 140 144 145 143 143 155 148 160 166 125 163 171 163 139 171 142 134 135 152 129 174 154 134 171 125 135 137 
171 148 156 146 142 173 131 149 155 139 156 130 159 134 154 173 164 141 152 173 138 149 141 157 135 143 141 138 166 157 145 144 173 125 161 161 129 151 138 128 
145 135 134 169 167 139 161 146 159 131 157 134 141 139 163 137 141 173 144 125 163 171 150 130 171 126 138 172 157 156 162 161 149 128 132 137 132 168 143 157 
138 165 145 159 156 166 144 145 148 166 135 172 144 133 150 168 127 172 138 148 144 138 133 162 146 143 136 172 134 159 162 172 173 160 156 147 135 149 129 163 
150 171 134 147 134 170 165 146 173 129 136 171 151 144 159 166 167 147 161 139 130 170 142 160 128 162 131 157 140 153 140 169 162 166 127 127 158 157 153 172 
131 127 130 150 149 172 146 125 151 129 143 167 137 149 134 140 168 143 173 173 162 140 173 165 169 133 150 126 126 125 156 167 125 163 131 141 173 168 159 149 
141 145 165 173 166 130 144 159 145 164 161 142 166 171 158 172 169 146 148 136 131 127 152 148 167 148 152 164 167 159 167 154 129 164 140 146 141 128 159 148 
150 160 137 135 164 139 157 145 161 130 125 171 142 155 158 143 162 147 161 145 162 127 172 127 172 131 154 152 128 156 133 147 152 127 166 152 146 158 144 155 
137 152 125 149 163 163 142 165 172 167 169 154 162 138 159 166 133 130 163 153 169 163 126 130 174 126 167 143 127 150 125 134 143 126 149 148 135 139 156 129 
151 125 133 128 146 170 132 138 143 128 161 165 134 165 170 159 125 138 161 141 125 152 136 173 163 161 138 144 141 164 154 160 136 143 141 134 142 137 172 174 
143 143 154 168 163 167 172 157 140 151 160 153 127 140 131 137 161 127 156 145 169 156 137 171 136 153 140 154 169 170 170 143 133 132 145 144 171 153 134 172 
134 167 159 163 165 158 138 164 141 163 155 149 147 146 137 164 144 141 153 152 127 148 155 156 163 169 161 128 125 172 128 152 133 156 152 168 138 141 127 128 
134 161 130 140 146 150 131 152 142 171 174 145 172 150 153 163 160 163 168 159 148 154 165 137 171 169 139 152 143 149 165 165 172 144 158 158 139 147 144 140 
135 169 143 142 162 162 145 162 134 131 163 155 133 144 161 142 173 163 147 137 136 170 135 150 167 153 164 170 127 128 168 171 173 129 164 127 128 150 141 136 
162 150 172 129 171 173 169 156 145 125 128 136 144 163 128 140 173 169 133 155 140 138 158 161 172 133 143 173 170 135 167 145 145 127 170 154 153 163 139 138 
130 127 153 151 147 140 161 131 138 164 143 161 160 151 156 128 147 166 128 160 161 163 170 166 140 174 141 149 129 133 156 148 159 146 129 154 137 143 163 155 
160 168 149 136 135 172 129 164 133 125 157 171 157 129 159 163 125 149 164 137 136 126 141 154 154 153 162 155 152 159 138 171 174 145 142 171 173 142 153 139 
160 162 125 149 146 169 146 162 169 151 172 173 137 154 157 173 142 133 152 171 157 163 174 151 170 165 140 137 146 132 162 143 162 163 132 150 142 168 149 167 
136 139 135 168 142 134 149 125 170 129 134 136 142 134 173 125 128 167 131 125 142 147 166 129 149 140 171 165 129 167 129 171 151 159 162 155 156 161 136 141 
134 132 135 142 127 161 132 163 135 162 163 129 159 132 134 159 159 144 133 148 152 163 174 125 158 139 146 163 160 156 129 167 135 142 154 142 127 136 136 140 
152 171 128 134 132 168 131 146 174 140 174 133 159 150 138 133 163 172 162 136 142 163 169 161 149 155 168 151 129 143 151 166 134 136 173 135 148 140 169 130 
130 158 131 137 141 148 142 148 134 171 166 157 153 130 156 127 171 140 126 174 142 163 157 151 155 170 172 130 130 155 133 162 140 128 130 168 169 155 129 170 
156 151 138 144 156 128 157 151 133 140 127 143 154 164 128 174 135 143 165 162 157 147 144 170 126 162 148 139 167 135 137 152 163 132 137 139 164 128 146 157 
161 157 151 163 137 129 130 136 142 143 135 149 146 142 143 151 152 140 143 150 130 146 134 141 143 143 138 136 131 128 166 128 163 161 159 163 128 140 144 161 
152 142 164 145 130 173 140 131 145 127 162 164 150 133 173 156 134 168 145 162 153 130 160 159 170 126 163 158 142 170 147 143 158 125 125 156 160 125 149 164 
167 133 129 137 141 128 130 137 142 129 146 163 164 165 171 150 138 145 141 146 156 150 173 174 161 143 144 156 169 127 156 160 137 126 143 165 174 130 128 154 
132 160 136 134 146 152 150 155 132 129 133 154 149 126 171 141 135 148 138 158 169 162 170 165 146 139 144 131 169 142 132 130 147 160 131 174 165 142 171 140 
142 135 170 137 139 160 131 142 162 138 149 170 149 166 125 138 156 129 138 143 133 147 148 136 137 137 141 133 143 160 161 132 141 127 125 172 137 173 152 126 
128 142 128 135 174 151 136 172 171 162 163 155 165 172 139 146 148 152 126 152 145 152 152 126 137 150 130 133 152 137 167 150 167 155 147 145 164 142 141 143 
134 138 130 135 141 149 171 174 138 174 146 173 127 160 143 132 136 162 167 153 163 157 172 140 137 137 149 169 130 159 129 158 136 125 163 167 136 167 172 174 
151 148 148 125 173 174 171 125 165 132 161 125 159 136 141 161 172 157 173 171 163 164 132 144 165 129 159 143 173 152 125 153 174 141 174 132 167 154 155 149 
165 173 160 134 170 130 168 128 131 171 156 146 166 129 134 147 160 127 161 164 159 136 158 144 145 140 152 150 150 139 133 130 165 130 166 171 146 164 158 160 
131 173 152 156 131 169 153 139 145 155 168 170 147 137 125 163 143 132 155 153 170 162 168 150 145 139 168 167 138 132 169 129 153 147 130 141 155 167 137 151 
127 125 163 172 171 145 136 149 166 162 129 151 167 137 170 150 151 137 166 160 145 166 130 130 139 148 147 150 168 135 136 141 154 147 167 126 169 150 167 171 
169 162 125 129 148 152 163 138 137 151 166 168 145 160 149 142 159 140 126 174 168 155 163 152 143 174 172 145 137 140 170 138 150 173 157 155 133 137 168 171 
166 129 161 145 149 146 131 145 149 131 146 154 143 156 158 150 138 131 151 125 149 138 167 158 171 171 165 163 163 140 139 148 174 170 132 134 132 129 141 128 

128 139 146 171 173 158 168 145 150 127 145 152 152 138 160 136 169 160 148 160 168 167 168 173 157 136 147 171 156 130 166 163 158 138 154 172 132 129 144 171 
136 141 163 171 146 172 144 139 170 134 166 164 125 150 140 125 158 168 155 137 136 167 162 149 132 159 172 133 152 162 170 134 127 164 152 157 126 150 153 157 
148 144 134 140 169 148 136 127 147 146 170 134 148 148 162 168 169 170 166 146 166 149 156 153 159 134 146 136 166 134 125 166 157 139 163 144 167 148 125 165 
167 155 137 133 144 145 171 170 157 169 149 146 166 134 165 169 164 133 126 160 134 167 164 141 147 169 125 161 138 126 139 154 134 165 162 168 154 134 146 126 
154 129 131 140 147 143 152 138 171 146 145 134 160 168 168 127 131 127 168 162 148 167 142 127 137 150 126 149 138 151 135 145 135 132 151 147 137 171 145 125 
153 151 172 173 126 143 129 147 136 138 145 138 159 164 143 126 165 146 132 127 166 152 159 168 165 167 157 141 161 141 154 141 166 163 140 125 155 154 134 137 
150 140 135 147 168 131 144 140 162 140 132 128 151 170 156 162 147 135 131 154 166 153 162 174 135 133 154 153 129 147 139 135 160 165 149 137 138 162 153 137 
173 156 167 144 149 130 141 134 163 132 169 151 136 172 128 157 140 167 151 160 125 147 169 131 126 146 139 136 169 126 126 170 147 139 145 150 161 159 156 167 
152 125 125 174 157 165 142 148 160 173 141 138 160 130 156 151 147 160 160 174 156 145 173 164 140 132 164 143 159 128 132 131 148 152 157 134 137 133 128 172 
164 165 170 140 129 169 171 172 126 150 150 154 165 171 153 162 165 139 157 143 140 151 171 164 163 130 142 152 173 125 138 145 158 136 171 159 172 146 154 134 
139 167 163 154 147 125 159 156 126 153 134 138 166 137 139 169 154 128 130 174 139 152 165 152 167 171 146 150 139 141 171 137 141 125 161 163 141 164 149 163 
163 143 138 143 145 143 129 126 143 140 131 166 131 164 154 125 143 156 128 142 172 162 167 145 132 130 130 133 146 130 159 167 166 171 138 172 171 167 172 150 
160 148 143 168 145 125 159 132 148 130 130 147 133 144 173 156 130 130 162 159 131 125 154 129 161 137 146 149 139 172 144 167 165 150 171 150 159 132 131 157 
156 144 147 134 172 153 149 161 169 155 143 138 125 148 168 149 134 142 143 167 158 144 139 138 137 159 160 140 145 152 143 128 170 139 160 135 139 134 168 129 
125 174 169 162 165 153 161 163 129 154 139 135 143 165 156 140 134 142 140 125 126 170 130 152 131 162 168 147 143 136 143 158 167 171 138 148 160 151 167 159 
132 131 129 131 168 145 170 125 146 128 158 151 172 166 173 146 157 154 167 160 142 170 132 134 160 159 143 161 144 125 166 129 131 125 165 165 167 154 137 167 
151 151 166 146 163 163 144 163 163 143 130 126 174 156 156 135 150 146 147 154 172 135 164 125 163 169 167 167 171 156 132 140 149 166 155 148 132 125 161 136 
174 151 141 140 145 171 156 142 148 161 147 145 144 134 145 131 133 169 166 164 154 143 156 142 143 157 128 127 154 168 133 166 135 168 153 156 139 168 134 169 
159 155 154 174 161 150 173 135 150 138 139 167 148 149 155 165 158 170 172 162 170 132 173 137 131 130 157 159 132 157 149 129 143 147 142 158 158 158 135 164 
134 154 131 140 129 136 164 146 145 158 173 128 172 158 171 144 164 153 168 134 131 133 128 147 143 155 156 147 139 127 140 140 134 151 171 133 134 169 133 172 
164 152 139 132 125 164 154 141 160 171 143 140 131 128 162 137 150 140 165 153 125 174 147 135 160 163 146 143 147 173 137 161 136 163 174 172 145 154 160 173 
165 161 143 155 143 169 130 135 136 127 143 167 125 134 135 172 167 133 155 147 162 128 165 159 171 149 149 142 171 155 142 173 148 174 161 152 152 174 153 141 
151 126 137 172 171 150 172 137 146 169 159 174 151 126 167 139 166 169 145 150 153 154 145 145 150 162 130 140 155 154 163 141 130 146 172 161 150 163 158 128 
165 155 170 155 142 132 137 153 168 170 168 164 155 147 127 173 168 166 167 132 141 167 171 135 129 125 130 157 135 159 169 158 142 171 173 135 160 141 169 144 
138 130 171 133 159 126 157 151 168 164 134 152 147 153 165 147 157 149 167 157 127 154 170 163 138 135 149 152 145 133 167 127 149 167 152 149 147 150 172 161 
166 138 139 136 141 133 127 153 145 132 143 152 148 132 127 142 163 148 151 161 131 148 129 167 153 132 164 137 173 129 161 173 142 166 142 147 173 146 173 153 
138 169 135 172 135 174 170 125 173 153 127 154 165 128 158 139 170 139 151 171 133 169 173 148 168 157 173 147 156 168 170 139 172 133 164 130 173 173 159 144 
152 170 168 174 171 129 141 136 169 130 174 146 139 139 141 132 165 137 133 134 161 154 145 141 149 162 164 128 137 170 127 150 169 153 161 160 138 153 170 160 
129 152 133 129 169 126 155 169 146 139 157 171 171 142 126 136 129 152 141 157 137 162 133 166 148 162 125 144 140 169 146 146 164 174 147 130 153 131 157 134 
139 143 144 158 169 159 165 143 153 129 128 146 162 171 144 160 130 152 139 150 156 145 168 156 131 166 159 169 149 128 165 173 153 154 142 149 138 125 140 147 
155 148 130 163 141 146 151 173 159 142 152 144 129 163 139 130 168 141 129 173 164 126 156 145 147 141 167 167 164 164 141 163 168 158 148 173 156 134 136 137 
162 129 145 155 127 171 145 147 135 133 163 168 145 161 136 153 129 144 161 125 131 168 160 132 139 161 134 166 152 134 132 154 157 167 141 167 159 135 128 160 
132 157 145 164 130 150 126 166 149 163 167 172 165 145 173 136 129 153 167 166 130 138 158 151 145 133 162 146 133 166 159 165 162 162 153 149 145 145 160 146 
140 155 148 143 139 163 138 145 152 158 160 131 133 144 163 173 153 133 127 153 164 137 150 165 172 148 155 127 151 127 136 134 131 150 166 127 127 131 136 170 
139 134 170 134 171 146 144 131 144 162 163 130 153 174 153 162 137 147 126 163 153 145 156 150 133 161 169 146 141 172 132 138 170 149 147 161 133 156 163 159 
133 149 160 142 172 148 162 170 131 169 138 167 158 145 138 165 159 146 143 170 153 160 162 167 137 144 145 135 165 159 154 137 173 136 159 128 131 131 169 145 
162 127 166 157 151 140 170 130 135 137 141 165 152 135 125 133 151 154 134 125 135 160 164 158 138 172 169 173 174 156 151 174 168 135 136 172 142 154 167 136 
159 163 169 140 144 159 164 154 132 131 151 141 149 161 173 130 143 172 138 144 169 158 150 142 155 146 126 140 167 144 129 127 136 139 131 152 130 158 146 133 
163 173 134 138 152 168 165 147 133 127 167 144 136 147 133 174 172 166 142 151 164 133 167 162 139 135 174 172 142 142 133 159 155 154 156 130 150 168 139 154 
127 143 149 126 140 150 152 163 135 163 159 161 130 171 155 169 159 130 165 136 134 133 138 160 149 147 156 146 145 159 163 145 140 158 151 164 165 138 170 135 

173 138 146 127 156 133 145 142 159 143 160 162 139 126 174 151 134 136 138 164 131 148 149 168 171 155 134 133 150 128 154 144 147 167 159 168 133 170 165 135 
147 173 126 129 162 132 134 167 150 141 168 133 171 152 141 156 147 127 161 135 167 159 150 159 161 151 130 126 168 158 144 145 159 128 127 167 167 171 163 171 
167 147 145 153 142 154 150 128 132 130 148 163 147 141 128 168 154 153 156 168 159 163 148 165 130 158 145 132 147 165 140 152 155 141 154 152 134 141 153 165 
173 125 139 137 159 170 149 139 167 136 132 158 156 152 140 144 141 172 152 161 148 169 167 128 154 155 137 136 173 155 170 151 137 164 160 161 149 173 133 144 
162 174 143 162 144 151 165 129 129 165 163 148 163 126 132 158 138 135 146 161 159 167 165 168 127 132 151 141 169 135 151 155 161 155 143 155 156 130 162 170 
151 145 131 128 144 154 160 142 173 127 168 129 153 136 162 143 126 156 162 145 163 145 160 136 139 174 127 141 149 160 128 170 166 151 139 137 135 149 144 136 
125 150 174 173 154 128 140 143 171 144 160 146 160 168 157 157 130 140 164 142 143 168 126 139 141 145 128 151 157 162 149 150 173 159 134 161 160 130 157 159 
146 150 161 171 125 136 153 143 129 138 132 144 169 136 131 140 158 162 164 129 160 146 162 125 169 155 155 163 142 152 152 127 138 158 131 147 154 128 163 131 
135 173 169 129 154 133 165 155 174 145 140 165 144 148 150 165 173 137 149 149 141 125 172 159 133 133 169 137 143 138 150 154 159 154 155 157 125 125 171 149 
148 167 145 129 139 135 168 140 163 140 140 138 135 128 138 139 160 134 148 173 137 138 170 134 148 153 126 146 137 173 152 140 151 165 154 148 132 143 136 160 
169 126 135 158 157 129 133 169 152 150 129 152 170 150 173 170 126 171 132 131 159 161 171 153 160 148 151 161 161 133 161 133 166 132 143 147 144 159 164 154 
165 174 151 132 146 173 132 127 167 152 160 136 163 169 126 141 151 145 156 145 141 138 130 147 153 149 171 167 134 145 139 173 164 152 149 144 152 127 142 171 
169 168 172 155 172 133 141 160 150 168 132 138 128 155 151 148 127 174 166 129 125 148 159 151 170 156 142 167 170 159 154 149 132 162 151 150 138 132 132 145 
153 137 147 128 160 143 161 147 143 143 145 132 161 129 143 144 142 173 155 174 147 136 129 131 159 169 130 148 156 133 148 165 139 136 145 161 136 144 159 147 
173 127 171 134 156 158 159 147 154 157 164 154 139 137 154 130 125 134 147 151 149 134 126 144 169 135 143 156 138 151 164 172 157 137 165 156 159 142 139 170 
158 152 146 138 165 171 158 137 145 172 155 151 128 162 174 125 125 168 133 158 151 130 129 129 166 138 154 167 126 130 126 138 137 128 139 174 151 131 142 168 
135 139 167 163 166 154 170 157 127 141 161 130 145 147 160 135 159 135 127 145 143 135 136 168 136 134 145 144 173 131 130 157 160 169 157 152 132 145 170 153 
170 146 137 151 143 134 131 138 128 140 130 137 146 127 171 151 146 153 139 166 167 134 151 158 173 154 161 162 137 158 147 169 138 128 156 130 163 148 126 148 
156 170 154 126 156 167 148 162 161 166 130 146 131 147 168 162 161 168 149 131 152 170 146 147 162 167 153 159 157 150 170 144 156 152 134 139 143 163 134 133 
125 131 138 141 133 151 173 127 161 139 168 156 141 141 145 130 156 147 152 144 128 161 130 172 147 155 168 131 127 150 129 169 125 132 141 158 161 146 138 167 
166 132 157 172 170 155 156 128 158 126 142 127 134 134 134 166 148 169 169 127 135 138 143 155 143 146 163 167 125 161 166 163 155 173 155 153 161 159 152 173 
138 165 134 145 152 125 126 146 168 131 169 150 139 167 169 143 135 154 170 149 165 128 156 134 130 174 162 174 150 170 164 170 155 145 169 164 168 157 135 129 
150 150 153 148 167 140 162 125 147 129 146 157 166 140 169 134 153 162 143 125 140 163 135 169 145 165 138 145 135 154 131 161 128 140 154 157 127 171 143 126 
125 173 136 169 159 165 138 151 170 149 149 147 138 167 161 143 172 136 171 146 139 140 163 173 145 136 129 151 133 128 129 127 142 164 158 173 137 142 153 133 
149 164 165 149 161 168 156 149 167 142 144 140 153 134 137 170 139 164 156 141 144 143 159 131 144 168 140 170 160 137 149 174 160 132 135 157 160 147 173 162 
153 151 172 163 166 145 161 135 139 133 166 131 166 156 160 125 151 160 137 164 132 125 171 147 160 166 151 168 160 132 155 132 136 136 150 132 138 128 136 160 
174 134 147 156 134 134 142 127 174 160 170 128 137 141 168 149 142 138 156 144 171 154 152 127 148 133 144 131 138 133 148 167 172 149 162 174 172 158 140 143 
135 142 157 164 139 159 163 173 171 160 135 156 143 132 152 140 133 147 166 173 141 147 149 140 146 168 166 140 142 132 131 146 128 135 145 135 158 130 132 148 
172 135 170 147 142 165 174 140 167 133 149 155 155 155 158 129 147 125 125 153 154 142 139 168 128 164 168 173 135 127 130 158 141 156 145 151 167 155 134 165 
150 153 141 167 151 154 132 131 152 173 153 145 162 140 173 163 138 160 144 134 170 153 140 126 152 149 126 125 148 151 126 165 158 137 125 172 140 150 173 169 
129 158 161 148 140 132 154 146 152 138 169 150 135 157 140 159 134 137 169 135 133 128 142 160 143 172 159 133 140 164 145 171 132 162 148 168 156 144 143 141 
163 156 138 138 128 162 140 153 131 155 137 165 130 147 129 128 137 171 163 136 160 171 148 174 172 148 147 155 158 172 149 129 162 160 165 127 138 128 169 163 
134 133 171 129 169 127 164 141 134 136 147 137 171 162 126 174 147 133 161 141 127 155 156 152 126 159 173 160 162 146 170 150 128 162 173 159 160 146 168 157 
161 153 169 160 136 154 140 146 152 153 128 132 133 148 173 142 148 142 162 159 131 157 144 169 135 166 159 154 173 140 139 134 152 151 168 141 157 143 133 166 
166 173 147 146 171 143 168 174 141 159 131 135 148 131 161 139 158 135 128 169 131 174 174 127 135 126 167 158 140 174 169 132 127 170 170 134 142 125 139 162 
150 160 150 153 167 126 129 143 167 165 125 136 148 166 170 134 162 149 164 165 160 164 132 146 145 143 145 133 161 164 141 149 155 141 160 165 156 143 136 140 
155 126 142 168 138 146 163 139 162 166 168 140 144 151 155 143 166 134 140 129 143 165 149 154 161 164 170 135 143 149 127 168 127 174 131 155 160 174 161 142 
173 141 143 148 140 144 161 127 145 153 162 172 153 131 154 160 154 159 168 155 126 171 136 154 167 148 157 152 157 157 169 138 173 140 138 163 161 148 163 155 
142 156 127 147 156 128 145 157 165 148 143 149 141 155 156 151 150 134 129 164 172 161 164 166 158 152 130 171 148 128 165 147 166 135 174 140 128 126 168 165 
156 149 166 171 129 166 167 142 150 138 136 133 155 157 125 139 174 142 160 156 156 158 166 152 132 153 148 164 168 153 134 143 157 143 138 173 168 147 153 161 

172 138 131 168 150 174 156 137 158 127 162 125 152 168 128 145 160 171 143 164 133 163 150 156 146 142 171 159 174 174 157 159 172 127 173 148 159 135 154 130 
136 156 172 141 170 159 145 139 133 147 148 146 164 127 164 134 160 168 168 171 145 166 155 174 135 138 163 140 130 140 158 166 146 156 156 157 128 169 153 149 
165 172 166 157 162 155 128 160 139 139 134 142 152 156 156 174 142 127 153 166 134 131 129 139 154 129 167 140 132 140 165 125 171 139 169 151 134 135 152 148 
174 152 128 160 164 149 126 150 147 138 172 125 140 134 173 132 142 162 145 158 137 133 157 153 153 159 149 129 125 141 144 162 130 126 151 163 164 173 138 168 
139 139 170 166 143 153 125 163 129 158 127 137 161 145 166 132 151 166 147 138 128 127 167 157 169 173 166 131 155 161 139 161 167 135 152 143 162 155 148 144 
135 153 145 162 125 155 137 153 142 160 172 127 162 143 141 157 171 142 173 130 126 160 127 138 129 150 137 145 134 138 145 155 131 168 152 155 126 154 172 141 
141 146 162 169 150 125 169 141 132 158 162 143 132 168 156 162 155 132 144 147 151 156 137 155 148 133 150 164 128 146 129 157 135 160 142 141 154 153 153 163 
147 125 161 164 147 168 165 134 158 163 126 129 145 132 131 127 168 156 126 157 145 129 156 134 132 158 164 130 126 169 144 144 159 166 126 172 150 152 133 151 
163 155 174 163 171 125 153 159 172 143 125 152 164 157 154 150 146 130 157 142 155 160 156 131 159 172 143 143 147 126 147 145 164 164 144 148 162 125 162 136 
134 153 132 128 143 130 129 168 150 135 166 154 165 166 128 136 166 139 149 134 125 147 144 170 170 129 159 164 164 129 144 132 157 158 138 127 154 169 126 152 
156 128 149 145 128 151 142 153 141 144 169 134 160 143 151 146 126 125 157 163 154 159 130 161 153 130 132 161 161 132 174 173 137 161 138 133 125 125 148 174 
127 135 174 137 152 156 158 134 174 139 143 152 132 152 135 131 159 174 168 163 160 133 157 143 134 134 173 152 141 165 132 133 127 174 128 127 142 129 137 144 
163 149 161 163 174 152 132 129 126 149 131 136 139 164 171 174 132 163 166 165 139 161 126 161 127 160 159 130 139 151 152 145 127 165 143 159 166 133 150 151 
135 137 164 144 156 154 167 168 134 157 164 131 125 150 126 167 153 148 126 130 168 171 169 171 125 139 139 162 156 143 125 129 157 162 162 139 135 152 168 135 
145 157 164 132 144 173 149 125 152 142 173 139 144 128 148 167 142 153 159 160 167 158 167 136 134 153 149 148 170 141 143 126 125 129 165 174 139 164 163 130 
158 169 153 165 160 140 135 150 125 137 174 131 160 145 168 150 167 170 164 164 151 127 160 136 159 132 126 157 132 157 159 138 171 160 147 152 154 148 142 141 
158 141 164 145 165 152 163 127 128 140 172 165 152 149 149 167 167 172 136 161 126 131 170 170 159 135 139 150 140 136 168 161 155 128 166 125 160 127 138 173 
139 152 152 132 136 145 133 148 155 128 147 150 135 169 153 140 163 130 155 141 150 130 151 141 169 168 157 145 129 151 156 157 169 138 130 138 134 152 138 160 
125 164 170 165 162 166 162 147 132 143 142 172 148 152 166 137 127 136 135 160 146 126 174 129 141 132 146 133 147 130 136 128 159 151 166 167 131 153 170 133 
158 152 147 145 136 166 143 149 134 164 158 137 159 144 149 164 147 128 163 170 164 148 152 137 164 172 156 170 132 174 168 170 135 171 146 129 130 167 138 132 
129 140 147 127 162 145 129 140 158 170 149 152 140 131 139 158 152 150 148 162 131 151 129 142 137 155 166 149 139 140 169 125 158 128 156 157 134 160 138 145 
158 156 133 160 166 139 126 158 134 130 152 174 164 169 166 144 152 149 129 147 133 144 152 146 125 141 162 130 147 156 168 148 172 174 139 145 149 168 129 151 
162 134 141 163 144 173 169 132 164 137 162 146 139 158 159 171 170 125 151 146 130 149 131 125 157 158 131 147 159 129 157 150 157 127 145 166 168 157 162 140 
144 138 155 160 173 132 163 156 162 128 133 143 154 146 153 164 164 173 138 147 149 167 162 138 148 163 163 170 163 152 137 173 170 164 170 149 142 142 142 134 
141 129 148 138 141 152 169 127 161 162 138 152 146 170 145 174 172 139 162 170 139 158 139 132 163 171 170 137 135 146 164 173 132 130 150 133 135 129 164 129 
146 165 161 157 162 160 174 165 154 149 142 153 160 145 162 143 127 158 159 161 134 140 133 169 172 128 142 174 174 127 143 137 168 167 157 172 155 141 173 153 
126 156 169 164 153 132 156 169 159 168 153 166 159 161 171 136 128 129 152 172 165 136 163 163 152 168 136 173 125 147 151 143 174 148 157 141 131 127 149 170 
127 148 146 132 151 125 148 159 125 129 169 167 137 171 130 144 151 130 148 173 149 143 164 152 161 167 168 142 163 135 155 167 168 127 151 161 131 138 169 154 
130 144 135 135 157 143 153 135 126 170 138 168 171 137 172 153 151 171 150 167 173 130 165 149 172 146 153 132 174 162 139 158 152 168 153 148 141 173 125 167 
134 165 141 170 171 157 160 147 172 137 133 143 129 127 160 158 137 156 138 126 174 129 131 138 144 151 161 125 131 145 140 163 146 161 146 172 160 158 168 165 
156 136 138 132 138 166 140 145 126 125 144 141 128 135 173 142 126 174 164 146 142 147 146 139 162 129 134 170 148 145 169 165 160 164 149 135 150 147 134 170 
137 139 126 142 133 144 134 172 136 172 137 133 136 153 160 169 167 151 145 149 134 128 140 149 166 142 155 153 167 141 165 164 146 173 153 157 134 169 147 161 
129 159 128 152 126 134 145 145 170 174 162 161 155 151 126 162 158 145 158 138 172 140 157 158 130 169 162 155 156 146 142 141 156 161 153 146 170 141 140 132 
137 149 133 138 157 137 150 148 174 169 141 133 126 155 125 141 126 163 169 147 143 160 166 129 168 162 167 168 125 149 131 129 170 160 127 151 142 142 146 150 
169 173 133 151 157 141 172 159 134 174 148 141 151 134 170 137 133 163 152 161 156 140 144 155 164 169 169 135 155 165 167 148 173 161 170 159 162 139 172 130 
171 155 144 144 138 130 161 139 141 137 172 151 128 168 127 140 145 161 165 154 139 173 137 153 133 150 133 131 141 160 127 129 146 129 172 153 141 165 136 169 
149 127 158 130 138 152 160 149 172 136 158 148 129 174 157 152 135 156 137 137 131 161 160 146 140 158 129 169 133 169 138 174 150 151 160 136 155 146 174 157 
132 134 128 134 169 152 164 148 170 140 161 134 165 172 162 170 158 165 136 132 170 152 157 156 171 138 126 133 140 132 145 140 155 145 167 172 134 138 134 162 
136 144 160 132 162 169 126 146 147 150 151 164 167 164 134 141 134 149 138 135 162 127 140 134 161 134 130 145 142 132 154 174 164 153 152 157 158 160 168 127 
173 148 129 131 137 167 170 153 129 126 168 128 162 156 135 134 154 140 141 159 168 159 147 149 159 125 132 154 166 126 164 163 151 170 137 132 160 162 169 156 

174 136 126 161 144 144 144 139 144 135 151 136 161 171 144 148 170 132 171 172 127 133 132 160 132 163 145 153 127 169 135 134 167 153 154 157 160 126 145 136 
153 146 149 142 135 134 167 162 161 160 166 160 150 162 160 135 138 155 127 146 132 170 160 148 136 148 170 162 155 138 162 126 164 163 161 168 149 153 162 158 
133 170 139 136 154 138 155 147 161 128 160 138 169 132 141 149 172 126 142 133 165 157 126 168 165 146 129 129 165 146 132 173 146 152 126 145 137 134 161 140 
141 162 129 135 127 125 140 141 146 144 145 129 147 134 163 130 154 158 163 132 158 126 166 158 154 154 132 171 161 150 153 129 132 169 142 139 153 152 131 140 
132 145 149 155 135 147 157 155 162 131 126 129 146 128 132 168 159 174 126 128 134 158 162 159 155 167 166 156 137 172 164 165 129 171 125 160 131 149 145 154 
134 131 156 125 166 133 173 173 125 146 138 148 159 164 161 134 159 132 152 174 159 144 171 171 169 135 139 171 140 174 165 145 157 152 141 152 129 167 137 162 
156 155 146 168 156 130 166 147 131 136 145 167 134 146 137 139 171 144 129 140 169 159 161 140 144 128 138 165 170 139 127 127 152 159 153 145 142 151 153 152 
159 166 163 154 132 142 165 141 136 136 146 168 146 140 143 157 126 127 135 141 129 144 145 140 149 131 158 155 172 139 156 173 154 173 125 135 133 168 136 127 
148 154 165 141 135 140 143 154 148 168 128 170 129 140 158 164 141 149 135 170 142 131 139 135 171 154 173 127 157 148 146 141 160 135 155 152 146 166 173 155 
136 173 149 133 151 152 165 132 166 126 163 129 139 172 129 157 138 161 131 150 166 152 143 169 170 131 145 135 166 168 150 168 133 128 130 162 163 125 134 143 
127 129 153 157 172 128 151 156 171 148 173 147 171 139 153 139 168 157 148 159 163 141 159 167 155 165 165 130 147 125 142 134 159 133 141 146 158 131 132 127 
134 160 164 141 174 164 143 147 168 169 139 173 174 137 152 174 129 129 139 156 135 150 169 169 142 158 157 136 146 134 131 135 156 142 167 150 168 135 125 164 
151 162 174 156 161 153 163 128 137 153 149 146 137 147 141 130 131 157 155 137 166 173 161 147 145 156 169 134 135 143 147 172 174 134 125 133 169 144 131 161 
147 150 134 141 129 150 140 129 136 153 148 142 132 171 129 152 137 139 173 137 126 136 159 152 152 154 142 139 140 126 164 135 148 150 138 148 170 139 139 151 
162 143 173 156 135 130 132 131 146 135 174 136 170 152 142 169 146 166 137 145 125 128 133 174 174 155 126 127 159 170 168 148 142 149 172 134 142 169 153 133 
167 157 164 131 128 162 139 147 156 131 168 160 125 145 151 142 150 140 168 145 146 158 141 125 166 173 166 142 148 155 162 162 151 146 170 159 161 152 164 139 
151 152 153 136 147 136 159 172 168 165 145 168 131 169 172 131 171 169 162 137 165 134 151 167 165 136 161 146 145 146 157 159 146 146 140 141 135 127 137 162 
172 128 145 143 163 161 161 167 174 158 142 149 168 166 159 149 151 165 172 141 140 129 165 167 164 139 133 167 166 141 154 169 149 164 137 147 154 150 156 154 
161 162 138 168 163 130 171 145 167 154 172 154 151 129 149 164 136 161 152 145 128 142 133 127 155 130 127 130 129 130 136 170 126 134 143 154 164 147 139 155 
128 135 136 157 153 174 125 133 136 163 165 160 165 125 169 135 131 150 134 129 152 166 165 132 141 158 133 163 142 163 139 169 137 159 128 126 167 170 129 129 
161 173 144 148 137 170 126 136 132 133 146 130 160 133 168 156 127 125 135 133 149 142 145 161 133 157 158 139 147 174 131 158 135 159 146 159 125 131 125 130 
173 141 152 147 136 132 134 145 163 166 141 134 160 157 169 168 132 127 152 158 164 151 155 149 166 149 154 149 138 169 171 134 125 142 137 142 158 137 146 163 
150 173 166 151 157 134 136 143 161 132 155 160 146 160 141 141 150 171 147 169 155 159 125 168 148 126 169 127 155 151 130 146 164 159 168 136 126 146 143 144 
143 161 160 163 142 146 143 126 142 166 139 141 126 154 138 139 135 171 156 125 155 130 129 130 139 159 126 167 174 131 139 168 127 145 144 160 173 144 161 126 
150 132 125 133 133 167 138 144 157 159 165 160 133 163 158 173 134 168 126 143 172 155 130 148 129 149 155 147 140 146 134 159 137 154 151 138 169 149 130 138 
129 164 156 167 155 137 169 158 159 165 170 142 127 159 147 138 126 150 164 164 161 161 146 148 149 153 135 126 126 156 171 167 133 137 142 167 164 165 168 147 
130 130 130 157 150 141 160 136 173 125 162 148 129 168 136 171 145 147 144 127 172 144 131 126 141 134 168 153 162 154 149 125 128 139 166 166 127 150 131 155 
158 173 153 137 157 157 157 168 137 152 151 160 125 155 141 161 163 148 155 158 136 164 169 170 174 162 158 130 131 125 135 139 131 165 147 136 128 136 164 150 
144 163 136 142 141 168 142 163 160 135 163 157 153 170 157 143 140 137 149 151 132 154 166 170 173 140 136 165 135 161 170 145 170 155 166 126 173 174 137 155 
137 135 148 174 169 154 135 147 173 156 132 159 156 163 131 152 172 135 163 170 156 125 157 142 136 138 161 130 140 160 156 154 136 162 135 168 128 130 133 156 
174 133 173 144 143 132 140 142 162 138 168 160 149 128 158 132 156 126 154 140 136 155 171 128 142 157 131 167 171 164 126 157 159 159 150 146 171 152 140 162 
137 164 160 137 139 130 145 138 135 173 171 171 125 134 152 146 166 142 169 141 143 153 152 130 143 174 138 137 146 129 138 125 145 151 169 157 142 172 152 139 
144 141 170 166 134 132 142 135 131 139 143 148 139 148 132 155 140 129 136 159 170 145 148 170 155 172 174 171 132 172 132 157 149 125 130 169 159 171 139 132 
167 135 165 131 167 138 133 127 140 143 157 168 130 142 143 148 147 143 171 171 159 125 130 128 142 135 153 145 139 155 166 148 170 163 138 125 149 134 172 167 
136 148 150 128 159 150 166 163 136 168 151 143 168 167 135 150 132 154 134 141 125 157 135 147 161 172 133 137 136 135 144 147 136 134 150 148 170 157 145 159 
164 168 171 143 150 171 139 139 145 135 135 132 150 164 132 133 130 127 171 137 157 166 167 156 154 146 133 165 146 144 168 127 145 143 172 166 166 126 146 134 
143 168 159 152 136 171 149 138 174 165 148 161 167 154 140 126 147 142 162 163 133 128 133 131 151 158 139 170 161 173 128 150 166 161 149 153 156 170 157 127 
158 169 146 166 165 158 125 128 133 150 148 134 142 125 127 174 139 152 174 169 162 174 132 155 173 141 127 153 139 159 146 169 150 170 166 129 146 170 146 134 
127 160 155 163 151 172 173 137 170 125 169 147 158 141 139 134 170 166 160 165 127 145 174 165 126 131 146 162 153 150 155 174 146 155 133 135 164 135 132 155 
140 174 140 132 174 172 149 170 147 167 156 145 138 135 151 130 155 151 164 137 128 149 133 153 135 168 135 168 170 162 170 151 128 144 157 140 168 154 141 161 

147 152 151 170 174 156 173 149 155 167 134 125 139 129 160 156 126 167 135 170 145 157 147 167 162 149 146 132 143 165 154 152 167 127 138 171 172 156 155 142 
146 128 166 133 148 168 153 157 166 125 131 167 144 136 161 166 147 127 156 162 151 129 146 158 172 169 131 163 173 157 125 128 130 140 140 154 162 172 159 138 
150 143 134 140 165 138 158 170 169 171 168 165 137 134 142 164 144 160 141 136 142 147 160 137 173 165 164 128 142 157 126 158 127 140 151 143 147 130 143 152 
157 159 134 160 137 171 144 130 162 162 155 165 148 172 129 139 131 148 128 143 148 135 126 144 125 162 170 127 158 128 137 129 167 140 158 143 152 174 135 173 
129 159 172 140 158 174 151 151 139 162 172 128 149 170 159 171 156 129 131 150 129 174 159 126 127 168 152 126 170 149 166 130 148 159 151 170 164 145 140 125 
173 166 139 144 153 139 128 141 170 168 142 170 154 173 169 141 133 174 127 171 143 136 131 172 130 139 166 163 168 140 143 149 129 160 159 174 164 165 161 172 
140 134 157 138 162 131 151 133 130 137 170 172 147 161 141 144 165 129 155 135 172 155 158 162 153 145 147 146 172 130 141 144 163 160 163 164 136 156 153 134 
170 153 125 164 150 143 156 170 148 162 174 166 142 145 133 146 163 125 160 132 128 148 125 163 157 168 152 145 147 138 148 136 141 143 160 163 135 170 134 131 
169 131 169 167 152 152 160 173 141 143 140 132 166 126 162 169 161 161 136 131 164 136 147 174 141 166 139 165 142 170 161 131 160 169 144 169 140 133 153 132 
159 130 172 138 148 173 165 139 136 127 172 160 165 157 174 164 168 129 148 157 154 129 166 153 170 142 162 143 142 173 174 146 163 169 166 142 132 160 144 154 
152 138 162 160 139 159 153 149 148 148 142 134 125 126 167 147 132 129 131 173 157 166 138 132 146 171 156 142 127 146 154 169 171 155 127 164 135 136 133 129 
129 129 154 139 149 141 153 174 131 174 138 168 130 137 169 174 129 131 150 141 134 166 156 142 132 149 131 154 132 129 161 142 172 149 130 131 148 147 152 133 
127 135 158 174 135 131 172 162 153 167 161 171 173 170 163 163 135 128 128 158 166 146 156 158 170 159 155 167 137 171 135 171 154 140 151 160 136 139 159 146 
132 132 160 143 152 145 158 142 137 162 147 159 149 139 157 152 130 135 129 167 140 168 153 150 173 153 164 168 158 157 128 166 165 155 127 152 172 156 174 173 
153 165 154 174 174 128 139 136 172 144 137 147 139 137 171 141 133 127 138 160 134 159 159 132 127 135 168 139 158 149 134 142 140 135 144 137 171 171 126 127 
161 152 156 167 161 127 156 169 165 150 154 158 131 137 150 151 137 173 169 145 126 149 171 129 166 140 151 158 153 162 149 168 138 166 158 166 136 166 154 129 
150 167 127 134 133 135 173 131 137 145 125 171 138 144 134 128 133 128 165 133 168 134 125 131 153 142 159 131 126 132 149 146 134 173 147 153 156 125 134 154 
138 142 171 127 127 140 140 132 160 135 153 170 160 134 140 129 172 174 132 152 126 154 167 158 146 128 134 142 145 130 138 158 133 170 169 165 159 126 161 129 
153 150 142 155 172 141 129 128 132 167 129 142 132 155 166 126 152 147 156 141 142 164 166 146 129 144 138 125 147 172 168 154 158 142 129 126 173 142 142 162 
161 171 139 132 160 166 151 148 146 133 173 134 135 168 165 144 158 147 164 157 131 164 130 141 174 139 163 174 125 126 125 137 157 154 125 159 141 171 125 174 
150 125 128 161 173 166 170 140 156 168 147 154 152 158 144 166 148 158 147 140 165 138 148 162 160 158 152 159 158 148 145 147 150 134 149 167 151 138 128 173 
128 137 131 149 144 143 161 157 133 149 162 163 154 170 172 163 148 135 151 149 158 138 156 145 139 171 141 167 161 130 147 151 172 136 142 134 153 146 151 144 
159 143 138 128 174 153 141 130 133 174 153 172 170 154 166 170 152 153 165 143 137 137 158 169 173 146 169 126 133 137 148 125 152 139 168 174 162 159 128 147 
159 170 150 137 134 128 137 173 160 158 162 169 170 145 125 174 155 160 152 146 131 149 174 160 131 132 171 162 168 145 151 125 147 154 168 144 157 151 133 139 
164 155 151 126 142 150 171 135 126 150 153 160 159 142 156 155 127 140 153 137 164 166 131 151 149 138 172 127 153 139 126 158 171 144 140 128 157 144 125 149 
135 168 140 125 137 170 160 155 163 144 142 148 128 152 139 144 141 135 128 152 143 139 169 173 147 172 146 126 172 167 143 147 167 167 158 174 162 168 139 144 
139 144 145 173 126 158 140 168 130 163 167 173 162 126 146 135 133 143 141 126 134 133 155 165 138 152 174 171 127 128 171 155 150 146 141 165 165 155 126 164 
155 131 139 138 129 144 148 164 126 161 128 152 134 130 170 133 157 141 125 130 174 125 133 169 164 137 153 138 135 140 168 147 170 135 128 161 171 171 156 167 
169 130 137 141 156 143 146 167 149 139 138 126 162 138 159 145 143 162 139 147 157 137 138 157 132 151 174 140 137 144 161 163 138 172 131 133 138 131 135 168 
140 165 145 129 173 159 163 167 127 125 126 144 159 141 131 130 140 148 153 129 134 163 131 157 130 136 128 125 143 130 174 169 157 149 145 160 170 135 131 129 
173 161 145 143 166 165 151 166 160 165 142 157 170 158 147 134 132 129 162 147 130 126 160 143 144 167 153 127 145 138 155 152 169 170 154 128 169 134 163 143 
169 137 139 134 172 168 155 151 163 139 147 135 151 157 135 137 126 161 173 129 168 135 158 154 171 130 147 159 142 144 153 174 139 159 145 129 152 143 174 168 
128 138 173 172 160 157 135 141 139 150 126 126 158 128 141 139 129 128 169 147 134 135 174 138 145 127 151 152 163 174 135 170 172 139 126 173 134 152 152 142 
157 168 128 128 151 153 152 131 171 142 152 137 134 127 172 138 152 146 142 144 151 134 137 146 173 160 164 142 140 147 163 173 143 171 158 135 129 174 165 153 
131 130 154 165 165 174 136 154 134 130 149 126 125 126 174 149 162 158 127 138 149 171 154 131 165 157 130 165 155 144 154 163 132 129 171 158 167 150 127 140 
168 134 157 144 159 158 134 163 169 140 165 157 163 152 161 128 125 139 160 128 174 155 170 163 130 126 141 167 158 136 159 160 141 140 127 156 167 136 148 135 
153 145 154 157 125 157 165 158 167 157 149 159 170 138 138 130 151 133 169 153 141 127 157 162 127 135 166 160 152 143 134 155 127 158 125 151 125 145 158 158 
160 133 159 148 146 158 173 169 141 157 133 160 132 154 151 157 174 133 156 158 169 150 144 139 174 130 138 142 134 133 146 173 174 169 133 137 173 147 135 142 
127 171 128 130 145 151 154 139 139 171 140 145 151 137 135 166 145 159 166 130 125 166 136 156 167 140 174 171 137 133 138 142 127 154 144 129 133 137 166 136 
137 174 150 140 150 134 171 158 130 156 141 148 173 127 154 174 140 142 159 170 137 126 143 139 153 170 151 153 137 159 168 140 155 166 129 157 143 157 150 138 

167 146 174 171 156 147 148 128 168 151 131 167 136 140 139 128 146 169 161 167 148 125 133 146 142 146 132 151 151 152 157 138 138 167 134 174 156 171 173 169 
162 144 170 145 147 159 155 144 168 173 126 153 137 172 132 161 149 173 146 164 155 170 151 135 136 158 144 150 168 153 174 174 136 162 158 129 129 128 127 160 
155 139 160 163 127 127 163 166 145 142 161 159 125 133 128 159 150 152 161 163 126 150 140 160 162 155 173 130 131 140 163 142 164 159 147 172 146 173 144 150 
148 149 126 173 167 126 156 153 172 157 128 163 154 126 173 163 135 138 153 168 147 146 146 151 132 145 132 170 154 159 127 174 130 136 174 158 169 155 130 131 
163 162 139 129 156 125 161 137 138 162 146 170 165 131 144 160 143 155 149 148 133 139 126 151 152 156 131 149 141 133 149 126 138 154 174 164 151 174 170 174 
162 133 139 158 150 135 148 129 145 172 149 156 135 172 151 146 156 152 135 126 154 126 143 166 172 169 128 154 163 152 156 171 171 169 167 155 166 172 132 135 
151 169 171 131 129 164 168 158 166 157 138 151 142 160 158 160 162 130 132 154 148 169 130 168 167 159 163 154 162 144 139 156 154 145 142 170 152 149 143 138 
137 146 162 174 133 145 129 161 134 141 138 167 173 133 152 138 169 138 132 138 146 171 147 161 128 136 164 149 167 159 166 133 138 154 164 140 149 144 135 160 
156 156 156 168 170 169 154 163 131 163 170 133 166 158 138 131 150 166 145 164 126 154 129 145 170 167 165 172 126 153 157 137 131 141 169 169 131 160 132 129 
165 130 170 155 135 134 133 155 162 151 135 166 161 154 141 155 135 140 128 130 125 161 136 172 135 128 141 126 163 142 135 168 168 169 161 140 131 173 136 161 
172 163 166 126 150 158 134 140 125 137 153 152 171 164 133 163 160 155 173 163 129 133 144 134 141 148 166 151 154 137 148 130 137 129 155 174 138 137 156 171 
170 148 174 142 139 136 170 128 136 166 154 125 171 126 158 156 143 171 173 160 140 136 173 129 153 167 140 152 129 126 133 168 128 159 131 150 133 128 158 165 
149 130 151 142 153 135 157 169 153 152 170 145 145 146 158 148 148 139 169 148 171 148 126 142 159 147 140 146 127 137 138 152 152 138 153 167 164 162 131 166 
166 144 128 150 148 170 169 153 153 131 148 164 139 174 136 159 169 131 163 168 149 126 147 158 147 125 125 128 138 141 141 145 131 126 169 130 135 133 137 162 
140 129 126 173 173 161 174 138 167 160 154 152 155 141 132 158 160 173 135 127 160 157 130 148 171 131 157 173 137 157 135 132 132 140 154 150 133 166 141 152 
146 140 152 136 173 171 161 174 169 142 127 149 157 143 127 140 137 168 150 174 140 154 125 150 170 173 139 159 125 150 137 139 148 145 128 136 173 140 160 147 
147 149 141 137 129 148 151 174 130 133 159 173 174 154 168 147 127 171 145 125 136 170 133 149 133 127 127 133 172 169 129 159 148 137 136 131 138 125 136 142 
141 139 168 150 172 172 152 166 169 157 139 143 159 140 149 138 161 131 161 136 126 173 170 142 127 167 155 156 135 147 153 170 170 145 133 156 159 171 131 167 
165 146 163 138 146 173 130 128 168 149 157 142 159 143 131 146 145 157 171 130 163 170 165 140 173 167 150 142 156 136 168 143 137 140 165 170 172 172 165 128 
139 164 163 145 153 162 164 132 161 172 133 144 153 143 147 141 158 167 146 127 157 173 125 149 129 138 139 172 127 151 130 151 133 167 172 158 162 137 153 139 
169 134 144 169 146 169 168 174 159 158 128 154 132 167 146 138 129 146 137 152 137 171 160 135 168 130 125 128 126 172 166 164 156 171 127 138 132 145 170 144 
133 136 166 160 131 125 170 140 163 134 129 131 129 144 139 153 125 136 169 154 131 135 150 169 172 164 154 126 162 129 145 174 171 150 150 150 127 155 156 144 
146 126 131 171 170 167 147 165 164 147 127 147 128 150 162 141 155 173 170 171 153 129 154 131 145 149 132 155 137 136 169 142 159 135 125 148 161 143 173 163 
160 152 128 143 160 149 146 147 159 151 154 154 166 155 137 170 164 167 163 170 148 156 158 151 169 143 164 166 160 171 137 126 131 147 129 128 142 152 125 166 
133 142 163 130 139 134 151 125 141 140 163 150 135 126 174 156 169 157 172 152 151 157 136 143 161 137 165 144 131 167 127 141 139 150 166 153 134 136 156 128 
134 128 165 145 140 136 162 155 133 160 139 136 154 144 166 135 150 130 132 159 161 152 170 158 170 164 170 139 156 138 151 169 130 138 149 156 141 131 172 166 
128 137 146 156 170 144 157 131 125 150 151 139 165 131 139 151 140 167 129 150 169 160 173 160 141 142 144 173 138 169 148 145 164 141 159 171 149 152 172 171 
150 138 138 134 132 173 146 141 149 136 136 131 149 165 143 171 143 148 126 152 157 135 151 132 131 136 169 168 169 151 126 160 130 138 143 135 129 168 173 152 
141 156 131 167 135 142 133 170 163 133 154 163 159 158 167 129 145 158 149 159 163 148 132 155 125 153 162 150 145 140 141 142 171 157 168 160 141 168 126 170 
172 147 152 130 172 156 143 149 157 125 146 143 128 142 168 169 126 128 131 145 153 163 144 143 127 135 143 138 148 143 164 156 129 145 133 130 126 166 134 137 
162 154 148 154 160 152 148 168 151 138 164 174 139 133 133 132 140 155 133 147 152 156 145 162 159 161 137 127 159 147 163 133 137 140 133 146 135 140 165 160 
126 153 136 128 148 142 133 131 135 151 134 161 156 170 144 174 161 131 135 162 140 155 132 174 139 139 142 133 167 126 134 159 141 137 153 148 149 147 140 128 
150 138 152 129 147 162 139 158 151 146 129 149 145 161 155 163 135 171 129 160 126 125 162 128 171 157 167 168 159 146 141 143 171 165 139 150 126 159 133 173 
163 157 132 135 163 131 135 171 146 141 156 160 158 158 156 143 172 159 126 132 161 156 133 160 153 130 126 128 134 159 141 132 142 166 153 125 160 145 157 148 
152 132 127 145 164 153 133 136 130 134 139 172 169 154 162 155 146 125 154 140 134 136 128 125 146 171 168 135 146 162 145 125 140 136 163 131 171 133 173 139 
154 140 155 159 163 155 158 128 131 171 160 168 151 172 130 169 174 170 126 128 173 131 136 167 151 131 170 147 135 128 152 140 133 144 135 162 138 126 157 172 
139 139 165 148 168 152 153 141 170 162 163 169 132 134 156 138 159 144 145 168 150 127 168 142 143 162 139 174 163 134 141 170 138 168 133 142 172 157 157 125 
171 163 132 131 127 127 163 165 148 150 147 126 172 133 155 150 140 152 154 172 159 139 138 140 144 148 155 149 125 165 155 148 158 169 149 156 143 141 158 163 
148 163 169 171 129 153 145 138 126 165 134 151 151 156 128 140 174 156 145 137 152 174 172 137 144 159 159 167 147 149 170 128 145 140 140 152 144 147 131 155 
145 162 163 138 139 143 139 145 159 150 146 158 138 171 152 160 146 145 173 157 167 125 127 172 137 170 151 169 148 140 135 158 167 132 127 137 150 161 155 138 

170 151 134 144 150 126 173 131 128 125 168 125 164 127 141 164 125 159 126 137 153 165 145 133 152 165 173 152 139 160 147 159 131 140 140 147 171 171 137 160 
168 163 130 162 145 150 151 132 141 132 133 161 127 137 151 127 166 160 173 151 144 137 136 172 135 127 157 164 158 169 170 161 169 126 170 130 129 158 146 154 
139 134 159 171 161 134 164 130 162 131 131 163 150 145 151 170 129 130 160 158 148 131 171 135 157 159 127 150 126 161 170 150 125 174 164 157 142 131 163 162 
151 134 164 158 169 143 155 158 157 147 166 156 132 168 156 164 149 174 152 174 161 174 158 128 134 151 128 172 159 130 137 139 128 144 152 172 129 133 164 155 
143 156 147 160 156 170 173 149 166 152 165 142 129 144 169 136 160 149 139 136 155 151 127 144 130 140 155 139 136 143 156 162 149 155 161 170 164 148 174 152 
125 155 143 156 148 166 133 171 164 159 174 164 159 149 174 155 148 165 125 156 157 145 165 128 131 130 174 159 138 169 141 161 147 131 148 174 169 162 167 130 
138 131 168 135 135 169 156 174 139 130 159 167 157 126 135 126 161 125 156 128 152 136 127 154 130 141 171 167 146 138 158 168 126 161 171 149 173 144 171 126 
152 139 157 168 159 146 134 139 136 169 168 139 161 159 158 131 158 173 174 153 148 171 163 129 154 146 150 161 163 163 128 162 174 137 151 139 166 156 147 135 
149 153 161 136 159 153 143 136 168 131 130 131 146 172 141 169 156 158 134 130 139 148 154 143 128 164 169 149 173 145 131 148 156 154 143 150 134 136 133 146 
145 155 159 136 143 153 161 161 135 134 137 128 151 164 166 136 174 137 133 142 152 167 125 130 165 142 170 167 164 128 137 165 127 150 169 163 174 128 135 129 
140 141 173 131 169 167 127 174 165 171 164 154 158 152 147 129 137 156 169 162 143 174 139 144 130 165 172 154 163 146 136 165 139 162 163 165 157 158 141 163 
131 130 132 163 132 129 126 125 167 166 161 137 144 133 163 169 172 159 173 149 128 149 131 159 169 166 132 125 164 154 131 134 146 151 174 155 131 161 150 164 
154 126 165 149 135 136 155 148 149 132 128 134 150 149 136 137 149 149 136 129 135 157 166 142 172 147 149 137 130 127 142 155 152 148 137 154 173 157 135 166 
158 164 151 155 163 134 169 128 126 134 163 155 168 141 167 136 166 149 127 139 150 134 137 173 140 125 170 173 145 152 146 170 136 161 171 154 159 136 141 128 
159 158 157 168 163 168 164 155 170 136 127 129 143 150 141 170 171 155 127 167 141 140 132 154 144 139 170 165 143 168 135 158 134 145 140 134 131 141 146 134 
151 158 145 151 159 144 143 136 149 160 160 164 130 134 147 170 140 159 139 151 145 134 138 138 168 143 150 164 148 147 131 125 135 151 150 143 161 126 157 125 
133 134 138 156 158 167 153 141 164 136 155 139 152 173 160 143 145 164 146 154 160 133 168 174 137 137 126 145 132 146 174 161 171 170 151 128 133 141 167 173 
137 160 154 169 134 139 154 164 157 164 138 173 141 154 154 134 157 139 145 166 161 128 170 165 163 140 155 130 133 141 164 145 134 149 154 140 137 140 144 150 
132 172 157 138 125 154 128 155 163 142 151 171 165 133 148 129 143 145 155 154 163 158 170 134 158 134 161 140 151 163 129 164 166 172 155 164 145 134 143 127 
158 157 171 132 130 132 174 145 167 155 156 153 134 136 129 140 172 147 167 162 133 134 133 154 135 129 140 130 166 125 160 154 130 170 134 172 136 142 170 133 
142 169 145 163 151 162 140 157 132 134 145 167 166 151 151 157 173 144 152 141 126 144 130 150 141 150 136 130 162 139 166 144 136 169 136 151 149 131 141 169 
144 160 134 140 133 163 138 146 126 151 158 174 173 134 160 149 137 143 135 140 142 161 147 132 172 146 169 149 164 157 171 126 155 163 134 129 173 163 125 161 
148 145 166 145 139 153 149 161 125 142 150 144 131 142 127 156 152 137 148 142 145 150 158 144 128 153 142 169 172 162 158 155 167 146 149 130 144 166 153 141 
149 137 173 154 145 165 125 152 132 151 172 150 166 173 130 169 130 138 166 130 142 134 129 133 145 156 155 164 154 162 169 160 135 144 174 166 140 139 165 174 
172 170 139 157 152 144 159 157 135 174 130 154 149 171 163 170 142 166 153 157 144 143 146 173 134 159 160 160 170 174 145 155 128 134 147 145 125 143 155 157 
153 133 130 131 129 174 130 174 170 127 135 144 150 145 167 144 153 140 144 153 135 139 170 125 138 125 168 136 166 140 133 133 133 169 132 149 165 137 142 148 
157 130 131 163 145 165 137 131 136 125 139 155 156 128 165 148 167 169 143 156 144 142 153 169 156 141 162 154 161 169 163 172 162 160 164 125 172 169 165 170 
143 139 131 153 173 149 129 161 174 152 135 167 142 128 148 140 150 174 167 126 169 171 137 125 142 147 168 128 141 169 154 171 168 125 149 146 148 139 173 130 
171 151 125 125 139 147 147 131 126 163 150 136 128 126 137 132 150 143 148 160 130 159 148 159 155 137 137 150 126 163 157 153 156 125 144 132 126 140 151 169 
131 174 151 166 160 134 132 158 131 136 129 148 164 155 156 131 126 152 156 151 136 132 169 131 129 163 142 163 129 154 148 160 146 174 141 161 135 145 146 174 
136 132 127 140 159 136 170 146 141 153 131 171 172 148 131 160 131 144 169 136 137 141 155 131 132 159 160 173 163 134 128 143 149 130 141 132 160 136 132 153 
164 135 133 127 127 154 132 137 130 143 147 164 137 135 142 167 127 155 144 152 128 132 164 159 167 126 151 172 153 154 167 145 160 170 164 151 147 131 154 137 
131 167 168 130 143 163 158 171 156 158 171 139 163 135 143 132 166 126 168 173 172 136 148 171 130 166 134 172 131 165 143 172 143 130 149 127 172 129 137 138 
156 163 143 142 174 154 174 139 133 153 129 172 126 171 173 128 134 155 128 174 172 147 168 161 152 167 161 132 168 150 127 151 141 170 133 159 126 154 173 159 
135 140 156 162 160 152 170 164 157 169 160 170 139 138 141 156 169 129 147 156 128 153 136 132 137 165 125 148 151 128 125 161 144 163 135 146 132 147 142 141 
128 144 166 155 153 156 156 143 168 151 136 145 169 139 130 158 127 132 164 137 139 131 133 131 137 145 166 134 144 169 129 153 167 147 172 145 144 156 140 155 
174 134 167 157 135 139 139 137 154 168 130 144 155 130 170 141 151 149 167 150 164 142 125 166 173 142 152 136 145 159 144 160 168 133 135 129 164 154 138 160 
147 130 131 134 161 172 143 166 141 139 162 131 156 142 158 158 173 137 160 151 144 152 161 135 173 167 142 163 149 163 161 170 158 165 163 138 156 151 148 169 
152 136 150 141 125 169 129 159 163 174 166 165 169 164 127 170 168 147 130 140 139 155 168 169 171 149 153 146 137 126 153 153 159 141 146 128 150 149 151 170 
157 147 158 130 143 135 147 165 159 162 132 146 134 144 171 139 125 145 167 137 171 135 153 161 146 144 129 174 132 162 146 156 155 161 134 135 131 131 130 131 

139 146 169 166 158 168 137 145 153 129 164 169 144 152 157 133 165 142 134 165 163 162 130 166 173 165 129 165 138 135 156 131 164 161 158 140 127 168 168 165 
174 174 136 162 152 173 138 127 146 150 135 157 169 136 151 132 163 139 144 163 155 155 154 152 172 149 131 150 130 138 140 137 158 164 150 153 166 148 156 142 
154 162 139 134 132 156 146 166 168 126 127 165 132 161 143 170 151 152 171 152 140 143 170 147 131 162 135 126 149 172 135 129 149 172 139 138 163 155 166 149 
143 141 153 141 125 160 158 136 174 127 127 133 160 167 136 133 146 168 169 151 159 152 171 125 135 163 146 173 149 167 128 141 164 162 155 136 150 132 128 151 
155 172 132 132 164 137 125 141 136 167 162 152 134 167 160 141 171 136 135 139 159 130 139 171 130 144 144 137 125 127 151 160 167 156 153 162 166 165 132 134 
151 130 171 160 141 168 153 130 137 135 151 136 156 149 151 149 150 155 169 147 130 126 161 149 173 149 143 165 135 135 143 150 157 152 146 148 139 174 159 132 
148 144 126 164 146 158 133 167 171 134 166 129 155 129 126 129 130 152 165 155 131 173 150 139 128 147 137 152 165 136 136 140 164 162 170 171 174 145 172 152 
138 125 135 144 153 174 143 170 135 132 131 151 166 130 126 130 168 131 174 130 152 158 133 128 165 159 146 141 137 170 170 140 138 136 141 156 163 161 168 132 
143 133 142 136 165 153 134 145 139 150 148 168 146 149 137 136 146 166 166 139 133 159 148 170 159 130 131 144 167 149 132 139 156 158 165 174 163 156 139 136 
131 144 128 174 128 148 136 160 146 164 165 131 152 173 126 166 169 170 145 162 127 140 174 134 146 147 133 144 134 129 169 129 140 144 170 133 152 160 133 152 
125 151 169 125 132 154 160 145 145 133 150 169 162 134 133 136 132 160 164 159 146 133 145 138 161 169 133 135 137 173 137 167 134 134 126 126 160 154 126 154 
158 131 168 147 160 173 130 170 169 151 147 174 153 154 143 167 165 158 156 161 168 144 139 125 149 167 151 149 151 133 128 159 133 137 143 169 137 144 130 155 
169 172 174 131 128 162 142 171 137 166 132 126 163 157 164 145 145 147 150 139 172 130 127 128 137 139 141 166 161 147 156 163 163 156 135 130 159 171 172 171 
133 133 150 164 167 165 168 143 126 139 149 158 135 145 145 164 168 125 146 160 158 155 144 151 153 160 134 138 146 141 159 143 149 135 146 166 131 134 157 141 
140 146 173 127 149 135 136 162 153 128 166 146 140 125 135 156 173 169 150 142 172 160 135 135 142 143 125 133 143 140 156 162 131 142 173 128 140 139 125 132 
137 155 162 145 169 138 142 168 142 138 151 134 126 169 159 170 161 144 173 152 128 154 138 152 172 170 150 144 172 173 128 163 135 143 148 133 128 151 167 174 
133 156 142 131 162 143 154 131 142 168 173 137 153 165 166 149 152 162 126 161 164 147 163 170 167 151 172 125 137 174 126 170 164 172 129 150 149 167 144 161 
167 170 140 160 169 153 150 130 146 156 163 169 153 151 156 166 169 135 167 141 164 149 146 167 145 140 159 163 155 132 149 128 174 166 144 153 147 173 129 164 
167 137 139 157 168 125 142 159 162 155 157 163 140 161 149 139 173 142 155 134 133 157 149 142 147 174 151 136 171 143 147 152 171 150 133 164 145 144 138 148 
125 147 133 142 166 159 169 164 165 143 148 132 153 132 171 142 160 168 129 146 148 148 161 156 148 161 139 172 128 132 128 129 143 143 149 153 163 133 159 155 
168 166 153 140 138 141 152 169 136 132 158 131 166 169 160 155 169 149 172 128 155 136 152 162 135 158 154 169 131 143 169 168 142 126 164 132 138 152 156 165 
142 152 170 158 159 162 156 126 134 162 166 127 171 152 134 150 154 129 169 167 173 164 173 125 150 143 133 134 162 156 168 170 164 155 147 135 156 164 133 164 
140 130 145 133 133 173 159 157 137 156 174 145 145 150 125 154 143 153 145 148 130 162 127 129 147 152 132 138 139 173 134 147 164 161 137 155 128 128 132 136 
165 164 132 174 147 150 149 140 171 126 144 160 152 157 172 159 162 161 129 149 166 135 151 168 160 132 151 143 138 165 166 165 131 132 169 132 152 137 159 135 
155 163 165 134 168 134 154 156 155 150 137 134 149 129 170 132 146 141 134 145 129 171 132 157 172 129 148 174 163 158 157 171 131 172 126 171 132 150 140 156 
158 153 128 138 134 165 150 136 160 168 167 158 129 146 143 158 160 138 130 152 162 170 166 152 130 126 161 155 142 152 160 163 134 139 125 164 130 170 151 127 
125 130 153 158 127 136 125 128 153 159 140 145 168 167 137 173 141 138 162 133 141 166 171 153 158 125 144 140 153 127 130 131 146 172 170 166 174 147 135 146 
170 145 135 168 160 158 167 129 142 150 159 137 165 140 126 148 125 133 168 151 158 165 170 140 135 169 152 140 137 161 127 142 145 136 166 128 149 154 140 139 
161 166 150 142 131 152 163 151 149 156 150 147 162 168 173 147 170 171 153 171 167 138 142 174 144 153 138 166 137 156 151 141 166 132 130 126 173 161 158 147 
153 137 173 147 128 142 135 159 151 147 160 149 133 130 130 164 170 151 170 166 133 140 134 173 144 171 127 128 125 161 142 135 153 143 174 136 141 132 140 136 
163 173 128 152 127 166 151 172 174 160 170 127 145 144 163 139 130 148 133 151 126 156 171 166 135 172 129 152 147 150 147 154 149 127 145 173 165 134 161 127 
148 129 141 145 125 155 159 153 127 172 164 141 150 173 135 135 132 162 132 154 174 170 157 131 147 165 128 142 139 149 157 160 158 137 165 132 157 160 171 159 
144 148 163 173 129 173 142 151 139 136 165 140 128 126 131 153 158 130 167 139 130 146 146 155 126 162 155 127 129 132 129 138 161 132 154 154 125 170 142 160 
156 155 145 143 159 158 140 157 174 165 150 155 128 173 166 131 164 128 136 132 164 142 127 169 144 141 128 163 157 167 163 139 132 142 148 129 160 164 127 134 
136 170 154 128 140 166 144 168 157 163 134 133 136 174 164 160 154 134 137 160 138 151 131 171 141 129 144 153 160 130 139 144 167 144 150 154 159 156 138 150 
165 171 129 139 128 161 164 135 156 145 146 156 128 161 163 138 145 174 156 157 171 167 165 131 149 128 125 142 174 169 140 166 160 172 134 144 147 127 174 162 
141 150 154 154 167 163 146 169 174 161 158 138 140 167 125 134 172 146 172 160 162 173 167 140 131 165 145 135 132 128 152 172 126 172 166 142 171 161 168 125 
131 130 168 144 173 143 165 151 128 128 127 158 161 126 173 132 156 161 164 158 171 161 131 146 132 159 167 164 165 137 162 161 144 164 168 171 125 167 174 173 
172 144 129 127 148 156 125 143 126 173 127 161 169 129 162 173 155 152 168 166 132 174 169 153 159 154 130 136 147 150 163 136 154 141 126 125 156 132 140 167 
154 153 130 162 172 147 147 127 140 164 152 140 171 137 151 130 161 171 162 138 156 171 174 150 131 130 151 156 153 159 139 164 132 143 155 173 173 135 160 158 

125 173 166 142 132 158 173 136 147 127 171 125 165 174 145 146 158 130 161 145 128 145 157 134 132 154 149 163 139 174 168 169 158 168 162 154 141 129 159 163 
148 160 149 160 146 156 169 135 157 157 136 156 145 137 150 174 145 164 136 150 145 162 129 129 165 163 163 160 169 170 162 157 149 162 147 135 149 133 148 172 
150 156 130 167 164 160 148 158 155 127 149 135 125 146 144 129 131 130 174 154 142 169 134 138 151 135 136 158 162 167 128 165 159 151 170 144 145 162 154 166 
130 168 147 169 141 163 173 132 138 141 127 134 159 161 169 168 165 143 172 162 144 157 134 170 155 170 158 168 140 138 150 146 129 160 146 158 131 128 163 174 
125 133 151 159 173 144 163 151 167 139 173 165 148 126 158 162 140 139 162 164 126 143 136 127 152 126 170 157 147 156 162 137 157 163 153 146 163 129 155 139 
127 166 151 171 127 126 128 154 165 171 150 167 154 131 149 168 145 173 134 161 159 148 169 168 128 158 167 157 128 152 153 147 174 169 138 126 170 142 154 126 
156 173 166 134 172 174 145 153 141 163 137 139 168 164 135 150 133 171 152 171 157 167 134 147 162 140 162 162 142 159 139 158 149 151 158 147 163 164 148 144 
136 169 145 162 127 155 144 130 134 141 146 144 133 156 144 152 155 148 125 126 149 127 132 159 164 174 135 135 133 157 128 150 143 155 154 136 154 133 157 166 
132 170 141 158 169 170 165 147 165 128 135 139 163 158 165 144 142 147 140 156 160 173 158 172 148 127 132 173 163 168 141 132 137 167 167 140 172 133 170 143 
174 138 166 137 132 157 146 171 170 150 174 171 134 149 145 172 132 139 135 160 167 167 166 137 128 159 126 166 165 174 137 140 125 150 131 150 174 129 137 132 
138 125 129 167 161 154 173 131 156 126 169 130 173 167 132 150 131 136 158 140 142 173 160 173 158 136 166 141 167 149 169 134 169 138 157 156 140 145 160 159 
159 138 125 153 151 153 163 132 126 132 127 149 172 153 125 126 128 143 134 153 135 147 163 146 159 143 173 151 151 163 142 158 152 132 145 147 153 162 133 165 
131 127 140 129 126 174 143 127 129 173 159 165 165 153 141 142 140 147 143 169 135 134 174 146 152 169 160 172 147 140 162 163 144 154 129 141 150 140 168 129 
157 160 165 168 130 132 141 137 128 130 139 151 156 162 161 135 172 147 167 147 161 146 173 159 173 173 128 162 126 139 127 155 127 168 133 138 128 170 156 159 
165 167 152 160 173 161 136 152 172 145 165 126 149 156 156 146 136 140 148 148 162 139 165 151 166 155 147 153 139 151 145 150 145 164 130 133 144 126 127 174 
154 157 132 150 142 143 150 142 144 138 131 151 166 126 141 161 148 137 139 158 173 171 160 159 156 139 148 134 143 165 136 154 143 129 141 130 132 126 165 141 
138 155 164 173 165 160 136 154 130 161 155 145 155 165 127 161 174 163 158 126 158 147 173 134 164 171 141 146 152 130 129 151 143 125 139 137 154 132 149 149 
135 130 170 161 169 129 170 154 173 148 129 129 130 144 145 137 158 133 147 161 150 153 135 167 142 144 169 157 136 155 166 160 146 146 151 151 159 140 129 164 
149 125 170 142 152 129 150 173 131 169 140 164 169 126 138 142 163 157 130 167 145 139 158 131 129 132 131 134 169 170 151 167 133 136 146 135 167 169 136 166 
130 171 150 141 133 169 139 140 144 144 128 142 169 140 160 130 172 141 141 173 139 166 167 129 173 164 128 163 126 158 169 157 152 163 144 159 132 126 144 143 
168 161 150 174 145 159 132 142 126 153 138 144 148 167 128 140 153 158 174 127 143 167 144 144 127 136 154 143 170 128 147 169 169 166 153 163 172 133 169 132 
142 155 163 144 145 174 169 158 170 152 170 145 129 151 147 146 172 133 130 171 154 133 130 149 145 157 148 156 128 153 141 131 148 161 157 152 166 167 133 154 
173 146 150 158 132 129 156 152 165 154 170 141 152 139 171 127 142 126 153 130 163 129 153 150 134 131 153 166 148 170 138 157 167 162 132 165 166 171 168 148 
174 144 158 149 147 141 146 130 132 143 142 166 169 170 166 155 157 143 145 162 171 155 131 150 172 149 148 150 145 155 171 157 139 167 154 131 158 169 172 164 
153 131 138 138 134 172 141 139 145 147 160 172 134 169 166 136 152 152 167 159 156 129 149 144 164 153 164 172 139 145 127 126 161 138 153 172 166 163 169 137 
170 152 154 131 150 139 172 147 167 161 159 145 140 166 142 130 174 128 137 139 155 125 147 174 144 156 135 153 153 127 155 139 138 153 151 141 155 166 155 171 
142 172 129 131 173 155 133 154 156 138 144 159 141 157 161 173 134 154 150 156 150 167 147 139 169 153 154 159 152 129 137 144 162 157 170 159 127 167 131 169 
171 125 156 159 174 138 164 142 146 170 140 133 162 151 172 138 164 140 137 144 150 131 167 162 159 132 169 157 140 162 161 141 142 158 158 139 140 136 150 171 
131 165 139 134 169 152 169 162 156 159 169 132 129 167 149 173 144 149 157 159 160 165 126 132 152 155 133 153 135 163 160 145 161 126 155 132 162 165 136 158 
148 153 142 132 144 167 148 131 152 159 155 128 172 153 148 154 144 164 174 128 161 146 140 139 172 173 134 169 155 164 125 135 142 172 167 147 154 138 147 162 
140 158 129 165 163 170 141 155 168 148 140 160 137 130 173 137 156 149 165 136 142 163 162 138 133 157 141 133 125 135 168 128 170 126 152 172 145 126 145 145 
128 152 171 163 149 125 143 126 128 148 131 169 140 136 139 166 162 167 146 146 156 163 167 137 173 135 141 151 153 143 130 166 159 173 138 154 135 143 150 156 
153 148 136 139 147 160 163 137 159 127 139 166 135 155 149 127 130 165 169 170 151 152 174 127 144 146 172 149 172 174 157 159 166 132 167 157 137 154 165 174 
145 140 144 163 162 136 143 128 154 161 137 151 131 164 144 155 153 150 173 156 138 128 169 154 132 127 130 127 163 146 139 167 133 172 126 164 145 157 159 149 
132 174 152 150 141 150 154 173 130 160 146 144 153 131 143 138 163 168 167 126 148 150 129 136 131 174 169 141 162 136 142 145 138 133 170 166 166 151 167 174 
131 141 159 137 125 172 147 161 139 142 131 126 140 143 170 171 134 151 137 163 155 134 129 166 135 142 141 143 161 136 165 161 159 161 140 165 138 139 163 160 
152 155 135 135 128 171 164 129 160 173 132 131 168 155 154 132 139 158 174 131 137 158 131 129 125 150 156 161 158 166 149 141 135 165 165 138 139 131 134 169 
143 128 159 134 139 167 166 171 157 137 162 136 151 134 125 145 158 165 171 135 156 127 145 173 166 174 156 156 129 160 133 163 130 169 128 136 173 155 174 135 
169 169 137 158 153 164 162 146 160 145 134 147 140 160 147 161 132 152 157 173 128 169 160 149 125 168 137 155 160 166 172 150 125 131 131 145 154 133 165 149 
161 141 129 143 163 151 173 144 131 142 126 130 136 143 150 138 153 154 145 145 150 160 133 153 149 134 159 131 156 129 138 163 155 154 132 129 125 144 152 135 

