40
52 0 1827 1 4
99 0 2141 3 2
10 0 2437 3 1
91 0 1922 1 3
48 0 2502 5 5
58 0 1058 1 4
38 0 2536 1 2
80 0 1977 3 4
23 0 1628 4 4
15 0 2379 5 5
49 0 1013 1 5
89 0 2308 1 4
13 0 1745 4 3
67 0 1288 2 3
11 0 2494 1 3
12 0 2356 2 5
59 0 1302 5 2
66 0 987 1 1
49 0 1380 3 1
51 0 1483 1 5
67 0 2206 5 1
75 0 1189 5 1
44 0 1038 1 1
75 0 2498 4 2
59 0 1365 4 5
60 0 2260 5 1
88 0 2243 2 1
42 0 1822 1 3
93 0 936 4 5
71 0 2433 3 3
47 0 1201 5 4
97 0 1125 2 3
32 0 2291 1 3
10 0 1093 5 3
88 0 1447 4 1
33 0 1540 2 3
20 0 971 3 1
79 0 2543 3 1
65 0 1059 1 2
34 0 1273 4 4
