50
96 0 830 2 2
93 0 953 1 3
89 0 957 5 4
73 0 921 4 1
29 0 1031 5 5
41 0 1186 1 1
97 0 809 2 1
53 0 1124 3 3
93 0 1216 3 4
30 0 972 1 3
35 0 1228 3 5
20 0 1002 5 2
17 0 1111 1 1
56 0 975 5 1
24 0 1292 5 1
32 0 1241 4 1
70 0 879 2 2
70 0 914 3 1
61 0 1088 3 1
51 0 1296 4 1
94 0 1261 5 3
38 0 875 1 2
43 0 1243 4 2
47 0 804 1 3
11 0 836 3 3
39 0 1146 1 3
71 0 928 2 4
39 0 956 5 3
82 0 1249 5 2
19 0 829 1 5
42 0 1234 4 1
40 0 818 3 1
64 0 1336 3 2
31 0 1269 1 4
13 0 1272 2 1
45 0 901 2 4
24 0 1143 3 5
62 0 1333 3 2
89 0 1325 4 3
69 0 1328 2 5
45 0 1112 5 5
76 0 968 5 2
80 0 1025 5 2
52 0 1126 2 4
85 0 1307 3 5
56 0 1122 1 2
74 0 875 1 1
55 0 1177 1 5
27 0 1000 5 1
36 0 1232 5 2
