100	5
412	2292	1.4
110	2334	0.6
62	410	1.5
294	1257	1.2
51	1941	1.2
371	3495	0.8
236	2683	0.8
486	764	0.7
265	367	0.7
338	2042	1.4
225	2320	1.2
360	1474	0.7
168	578	1.0
496	2911	1.3
457	3956	0.7
370	541	0.5
183	4103	1.4
292	2181	1.5
8	286	0.8
380	319	1.4
290	336	1.0
87	341	1.4
188	1024	0.8
220	1743	1.3
420	3064	1.2
184	1337	1.0
215	59	1.0
205	3390	1.2
156	715	0.8
277	2035	1.5
252	372	1.3
113	3471	1.3
185	3925	0.9
450	3953	1.3
364	4167	0.8
351	4092	0.6
155	2367	1.5
68	1487	1.3
201	3813	0.9
292	2435	1.1
365	1837	0.7
181	3706	1.1
426	2840	0.9
19	1796	0.8
460	3931	1.0
297	1923	0.8
219	1773	0.8
463	1926	0.9
58	2728	1.1
125	3117	1.4
378	3266	0.8
166	1624	0.7
467	3592	0.8
166	3626	1.1
327	707	1.0
151	2415	0.7
428	4123	0.8
242	2178	0.6
71	566	0.9
145	65	1.5
52	1163	1.2
334	2274	1.0
403	641	0.7
120	3178	0.8
365	1687	1.2
333	2206	1.4
403	3897	0.9
409	2608	0.8
144	693	1.0
70	2509	0.8
22	2634	0.9
357	2346	1.1
459	503	1.4
223	3931	0.8
315	81	1.3
269	2007	0.6
97	1006	1.1
473	532	0.7
96	4169	1.4
113	3778	1.1
286	1658	1.2
8	3991	1.4
87	1754	1.2
228	1162	0.5
392	3551	1.1
246	2918	0.8
336	3467	0.7
16	1360	1.0
12	1974	1.0
367	2470	1.2
461	3646	1.2
361	839	0.8
138	3993	0.5
42	1860	1.1
23	129	0.8
237	3731	1.3
302	2650	1.4
435	452	0.6
60	2381	1.4
272	2600	1.3
24	26	78	13	82
74	98	12	18	72
68	44	81	39	8
84	4	47	8	0
27	5	42	21	57
49	57	85	94	9
37	61	6	70	93
99	74	79	76	74
90	37	96	92	24
24	96	26	71	69
97	35	54	52	63
55	16	34	80	98
90	84	16	55	38
30	54	40	97	88
61	71	94	78	82
18	63	24	35	19
56	14	77	3	46
8	34	3	39	14
58	10	84	76	0
53	93	15	70	41
68	68	70	74	51
55	64	39	76	27
88	8	53	27	41
57	68	7	83	9
16	42	63	38	52
89	8	25	84	6
15	6	99	18	37
1	24	10	43	73
32	50	28	90	96
31	45	55	75	8
51	72	79	48	28
2	57	52	74	97
66	67	27	44	88
62	14	30	13	63
88	42	94	37	50
14	59	27	10	55
12	1	97	42	100
40	54	25	55	23
47	44	33	37	10
67	25	52	66	87
63	9	31	70	8
60	59	85	58	96
24	22	15	3	94
23	92	3	8	34
92	92	92	96	22
35	36	88	95	71
74	51	54	25	73
86	20	20	78	57
49	92	39	20	11
60	31	73	8	3
22	58	5	71	90
34	8	58	40	25
65	27	36	57	12
64	77	19	61	47
47	41	29	52	75
20	17	44	14	0
43	84	93	29	22
2	36	98	9	79
22	0	1	58	64
92	2	58	74	4
52	97	18	100	34
91	14	95	40	57
63	71	32	62	83
83	60	59	44	75
82	51	51	36	56
30	87	96	28	15
59	81	7	54	63
48	42	99	8	18
80	29	14	0	50
39	22	59	28	39
40	6	24	5	58
61	72	35	48	61
36	25	95	86	31
32	66	56	72	45
73	70	25	17	19
57	13	93	4	99
25	71	69	90	75
51	42	3	84	97
7	34	11	53	7
65	18	74	28	45
82	80	87	31	55
8	46	66	78	75
91	47	41	8	88
72	13	75	68	98
17	64	40	15	83
43	91	64	53	47
66	90	73	27	99
87	40	15	77	0
41	21	4	52	57
35	71	55	60	41
63	81	89	15	37
56	17	17	2	32
11	50	11	19	84
94	20	25	41	81
10	93	41	42	39
66	43	64	10	95
75	95	23	92	1
56	4	62	22	76
67	23	60	8	14
14	96	59	29	37
