100	10
127	710	0.8
458	3473	1.1
480	1647	1.3
381	881	1.3
109	2919	1.2
497	983	0.9
457	1980	0.9
431	1304	1.4
165	781	1.4
82	1405	1.4
71	2499	0.9
364	1345	1.0
105	3468	0.5
127	3514	0.8
382	2551	1.3
410	3811	1.3
147	3652	1.5
373	142	0.8
282	142	1.4
41	1320	1.1
102	3188	1.2
27	321	0.5
32	1932	0.7
214	4009	1.0
201	232	0.9
473	1346	1.4
365	3677	0.7
79	2806	0.7
242	368	1.0
415	3573	0.9
463	372	0.8
143	1764	1.5
471	2099	1.5
57	169	0.6
353	3977	0.8
126	4376	1.2
382	1657	1.1
188	3823	0.9
23	369	1.0
480	3786	1.3
341	2714	1.1
269	3032	1.3
293	3786	0.7
326	2603	1.4
224	1141	0.9
394	2372	1.4
253	4045	1.1
279	2232	0.7
472	778	1.1
222	4170	1.3
301	4360	0.9
392	637	1.3
255	3984	1.4
255	2386	0.8
92	2265	0.9
226	52	1.0
150	2134	1.2
54	121	1.1
429	1465	0.7
246	1933	1.0
8	2203	1.3
264	2758	1.1
404	3907	0.9
62	3896	0.8
449	232	0.9
56	2560	1.2
339	3920	0.8
221	2323	0.5
126	3807	1.3
338	3522	1.3
306	4082	1.0
58	2164	0.6
208	1134	0.7
356	1096	1.2
297	4295	1.1
322	2448	0.9
243	873	0.9
33	816	0.9
318	1305	1.3
68	3006	1.3
315	671	0.8
165	3604	0.9
474	2955	0.6
56	931	1.2
183	4188	0.8
324	2201	1.0
322	2014	0.7
130	276	1.1
308	1751	1.1
89	117	0.9
60	1855	0.7
319	3506	1.3
457	3622	0.8
450	718	1.1
330	3642	0.5
140	3830	1.1
286	1417	0.9
5	4265	1.2
194	3286	0.9
345	4093	0.7
69	88	18	86	2	62	93	5	14	15
50	16	21	10	27	90	15	98	25	8
41	13	87	44	28	80	49	19	72	89
66	42	79	68	61	65	63	8	13	49
15	65	17	75	31	90	46	95	19	25
34	61	66	9	25	35	93	19	95	96
82	18	92	51	91	9	18	3	46	81
71	35	31	39	92	72	61	13	30	12
57	33	65	62	11	50	7	59	66	19
6	41	76	7	99	39	1	45	20	29
96	73	9	57	8	25	33	47	13	94
64	13	45	92	33	89	67	93	86	84
64	54	79	100	54	84	29	1	51	82
68	72	46	6	88	59	34	92	70	44
83	73	50	18	44	48	18	23	12	24
27	32	43	81	71	15	5	2	43	87
18	8	22	65	22	33	83	43	35	81
93	9	55	20	3	2	53	29	69	52
18	58	15	83	0	31	8	37	11	47
14	97	22	89	14	44	41	28	84	60
79	15	63	93	6	33	58	96	11	39
96	61	44	36	49	62	75	18	84	15
42	28	32	86	25	67	40	50	7	0
97	15	73	95	1	47	1	37	60	77
1	59	78	43	43	29	42	52	44	29
53	3	61	87	3	63	26	64	58	24
18	82	46	69	66	99	0	29	100	87
75	83	44	51	58	91	57	34	24	90
28	33	39	62	18	91	49	88	69	79
97	14	61	37	67	31	49	83	14	97
47	63	80	100	1	53	47	2	18	80
42	63	87	76	29	49	59	36	5	75
35	91	47	67	15	55	14	69	51	82
64	13	83	77	70	68	76	82	17	80
51	18	56	12	18	79	79	29	15	46
26	92	48	54	67	36	48	54	57	99
43	9	35	43	34	65	56	83	11	32
10	23	68	34	42	33	67	47	4	69
11	74	79	60	71	2	80	77	20	83
79	92	36	56	82	55	23	96	65	91
92	77	33	43	76	38	94	74	12	58
94	40	64	100	47	51	8	49	74	46
81	15	81	73	83	91	20	20	58	63
36	91	41	67	57	47	68	69	18	34
77	72	97	13	76	31	31	93	5	85
4	6	70	54	79	19	75	61	34	15
41	88	29	38	26	32	18	48	31	93
40	69	23	23	28	67	45	6	45	66
48	76	92	22	20	31	3	63	46	91
73	15	63	22	15	37	51	80	21	64
43	5	99	85	57	27	72	79	58	90
19	0	62	70	20	61	53	5	2	86
71	86	51	3	4	46	85	49	64	95
33	12	69	31	48	42	20	76	74	32
92	74	1	86	13	91	43	94	82	64
38	24	63	25	50	64	41	65	39	86
50	41	89	16	68	20	59	55	98	40
48	13	14	80	54	59	10	42	76	94
7	22	90	71	77	71	13	82	33	13
0	13	39	61	89	1	89	54	17	89
16	70	73	10	85	56	52	13	1	3
2	39	25	25	50	66	9	59	54	49
37	55	3	50	98	73	98	97	69	38
26	64	41	90	94	15	52	81	91	95
75	34	70	10	20	43	29	8	97	6
50	59	97	83	99	68	36	77	46	32
40	8	1	53	79	6	18	23	56	59
78	100	59	73	93	90	66	78	53	45
15	6	42	8	46	14	53	92	3	46
31	45	21	31	77	82	77	2	24	32
26	24	38	82	25	32	50	63	28	55
61	80	84	32	40	96	11	98	48	1
91	38	16	72	23	97	0	30	23	39
52	43	85	38	11	45	85	7	89	21
65	32	11	68	59	33	18	25	10	8
83	26	27	83	28	54	49	25	38	29
46	56	8	62	44	91	54	47	87	68
16	57	21	94	75	17	40	39	15	3
49	51	70	53	86	92	61	35	90	67
68	64	14	70	66	95	5	100	37	100
23	66	12	66	35	52	39	92	68	55
37	37	25	57	39	17	79	53	74	65
27	96	87	74	39	78	63	52	62	11
48	67	28	26	17	47	35	47	7	4
21	66	54	40	27	87	35	10	58	33
92	91	37	17	5	50	70	52	3	49
98	100	88	66	74	57	39	1	40	47
0	23	21	35	3	28	33	27	18	77
17	79	4	69	83	65	49	37	99	45
56	0	87	67	76	68	74	41	50	35
58	51	51	72	29	3	87	19	14	97
64	12	90	10	68	55	18	100	63	33
55	88	56	29	94	43	46	95	83	40
91	57	91	82	10	22	46	91	73	34
30	38	64	69	52	30	5	8	90	8
2	89	13	87	4	56	74	87	47	24
95	95	65	77	28	94	44	2	16	93
94	99	30	25	26	48	17	18	2	93
32	11	43	7	85	29	67	8	74	85
45	86	46	23	42	11	52	66	33	93
