2
100

138 173 
161 154 
165 143 
139 161 
159 142 
170 160 
145 140 
126 150 
137 158 
171 151 
171 142 
132 133 
157 153 
157 169 
131 173 
173 150 
168 168 
131 170 
157 165 
136 136 
163 136 
134 156 
159 150 
132 153 
154 172 
125 138 
127 168 
154 139 
161 149 
126 154 
158 168 
172 173 
143 162 
140 158 
155 174 
128 174 
148 159 
171 126 
168 158 
133 173 
133 161 
153 161 
153 168 
165 127 
145 158 
159 165 
153 147 
125 142 
129 151 
136 148 
151 155 
171 152 
169 139 
126 166 
125 156 
128 135 
159 138 
127 146 
145 143 
125 137 
132 131 
128 167 
133 159 
129 144 
152 130 
173 130 
171 146 
138 141 
140 138 
125 150 
151 132 
174 155 
156 170 
153 141 
138 135 
127 164 
168 165 
140 130 
141 141 
125 138 
154 131 
170 131 
138 134 
134 147 
148 148 
143 143 
148 161 
167 170 
138 153 
142 144 
145 157 
126 153 
132 150 
137 158 
129 149 
125 145 
163 166 
126 164 
132 155 
129 135 

54 82 86 95 95 88 57 81 75 81 95 57 99 86 68 99 60 54 53 78 78 88 58 78 61 97 89 50 87 71 58 59 50 60 89 80 55 77 59 59 87 70 64 50 59 81 90 83 89 71 87 73 77 86 83 99 93 67 85 63 75 95 94 95 81 82 68 52 96 65 81 96 75 62 93 51 50 53 93 92 66 50 51 89 57 86 68 92 53 80 64 64 85 79 60 93 66 74 86 72 
71 50 65 56 67 73 72 63 50 52 91 99 60 63 95 95 74 72 91 81 91 54 73 56 75 62 90 94 94 74 60 72 64 92 54 58 67 74 82 94 60 86 63 70 51 86 67 73 81 65 66 72 62 67 73 85 84 78 92 53 68 57 62 60 66 70 68 63 73 80 70 54 81 70 65 59 72 87 68 81 73 51 52 66 90 76 81 69 53 63 73 64 97 68 62 83 50 68 79 57 
79 84 94 72 66 58 61 74 85 70 65 88 62 54 61 94 73 89 64 57 99 68 86 67 72 80 53 59 93 64 65 54 75 71 66 67 52 50 79 90 86 92 94 70 79 66 70 68 55 72 51 83 82 75 67 59 66 72 78 59 92 85 85 62 65 83 50 97 53 68 79 54 98 53 65 94 97 81 85 51 94 93 66 93 62 72 94 81 81 88 83 63 55 89 54 88 90 99 77 91 
82 81 66 91 75 66 91 57 74 54 97 94 96 79 96 67 66 99 54 89 94 61 95 66 79 77 92 56 50 65 75 88 78 91 52 54 51 55 91 72 74 97 50 66 83 52 56 89 56 53 66 93 59 70 51 79 57 66 64 85 62 88 77 53 96 96 77 83 75 94 67 74 60 85 59 73 71 61 50 74 88 71 79 58 71 69 97 93 89 54 99 88 65 60 89 87 86 81 71 91 
77 94 84 67 60 90 79 98 71 79 62 71 54 64 79 78 68 59 63 73 94 97 88 99 78 91 63 91 59 73 78 76 52 79 62 94 83 73 84 85 97 81 54 77 83 56 60 51 85 65 60 85 92 65 82 70 56 80 56 55 76 87 94 55 71 62 54 69 92 97 97 86 77 78 96 93 93 52 71 51 66 75 94 77 73 78 65 63 62 91 83 52 91 61 88 55 99 86 77 50 
73 57 58 81 98 87 93 63 82 94 93 93 63 66 88 70 96 60 71 82 82 95 94 93 58 60 74 99 67 67 76 60 83 61 82 68 86 78 85 68 92 55 88 60 63 62 54 93 52 61 53 93 81 90 82 59 87 83 67 59 86 84 84 57 90 50 77 86 61 67 89 76 50 86 75 71 74 60 77 93 63 70 60 85 53 52 93 74 82 96 71 62 80 76 81 62 56 86 89 79 
63 89 80 67 80 80 57 93 91 68 92 84 96 81 72 81 50 97 67 95 50 50 70 87 96 62 69 55 57 63 68 97 61 54 77 95 82 69 87 62 86 55 61 88 84 54 83 55 71 52 88 76 53 55 72 93 99 72 58 62 92 64 96 97 69 52 68 74 69 74 75 63 57 59 97 70 71 93 98 71 95 78 88 95 71 87 55 60 93 50 80 57 68 52 74 84 86 63 63 91 
93 91 82 66 68 75 75 58 52 78 71 69 54 75 89 91 95 64 78 58 78 64 79 50 54 93 84 74 75 96 99 62 52 88 68 60 86 72 95 56 52 76 93 72 67 56 95 69 65 86 89 98 82 77 90 53 62 52 55 65 81 78 84 57 70 86 74 56 76 65 73 62 91 85 92 70 55 68 98 84 71 89 51 52 71 77 65 81 98 77 95 93 88 52 82 76 90 98 59 69 
71 80 80 70 64 50 64 66 75 58 79 66 82 82 91 72 59 97 56 87 90 74 96 89 89 95 67 96 51 79 64 58 73 80 96 52 64 82 71 53 81 67 84 61 85 95 98 94 96 79 86 51 72 61 95 52 95 56 87 72 51 84 96 64 73 81 70 50 52 52 79 68 80 90 93 85 58 54 68 61 60 81 54 56 87 78 74 55 58 57 90 79 82 92 62 86 52 90 97 71 
63 65 88 69 60 95 88 50 71 69 83 51 74 85 68 90 72 71 99 70 83 66 59 83 65 68 79 90 68 82 94 53 76 54 64 94 81 95 79 89 98 93 65 68 85 73 72 55 83 82 59 90 50 56 73 67 64 68 71 72 81 63 55 53 63 79 72 52 98 69 75 75 75 58 82 71 64 71 51 96 67 79 58 54 84 50 52 66 75 79 95 83 82 85 68 75 93 74 95 89 
61 99 73 64 78 96 78 90 64 50 98 64 96 72 82 52 62 52 87 94 53 66 63 70 95 98 91 95 95 86 89 82 90 76 88 53 89 81 65 60 98 68 81 61 63 84 81 84 77 99 77 54 74 91 59 93 82 51 91 53 58 96 51 95 70 96 58 52 82 50 94 77 89 64 82 90 89 84 80 66 81 59 59 77 81 87 59 70 86 85 88 61 87 54 75 92 59 70 85 62 
64 87 68 62 79 94 69 97 64 73 57 59 83 51 61 56 62 54 87 91 78 91 55 51 80 83 95 91 88 89 97 55 67 53 51 68 99 68 92 80 65 94 88 77 64 65 60 66 60 94 73 91 76 99 56 84 94 78 99 90 91 88 52 62 95 97 62 76 58 67 98 95 85 57 69 59 81 88 83 81 81 64 65 61 91 84 90 68 90 86 79 92 81 78 52 51 66 94 96 64 
56 58 53 51 52 56 85 76 64 80 97 78 65 61 73 84 85 68 70 87 64 60 96 80 65 88 63 51 63 89 60 81 89 90 82 87 94 67 53 90 85 79 61 71 53 74 74 70 92 66 74 72 58 69 86 62 61 72 80 55 66 95 68 71 92 58 96 97 67 88 89 74 73 55 94 57 81 76 80 92 69 77 83 54 76 80 91 93 84 91 92 62 83 97 85 91 58 60 94 76 
91 71 61 64 65 65 70 72 81 61 80 55 56 65 62 55 85 58 57 52 85 91 71 93 90 81 54 94 83 99 81 98 83 91 60 85 97 58 67 97 56 76 63 51 97 96 65 75 54 85 74 98 69 63 76 73 67 86 79 77 53 91 95 65 80 95 61 76 65 98 71 91 93 66 57 80 61 59 75 68 76 63 55 91 93 85 99 60 69 76 95 79 84 51 82 86 60 82 76 98 
67 53 76 54 96 63 82 60 74 94 56 87 80 55 81 56 81 68 60 84 97 53 62 50 54 86 91 86 89 69 95 88 56 88 68 79 70 65 97 90 68 78 71 88 93 62 53 92 56 51 52 88 80 76 78 89 61 54 93 73 81 56 61 96 85 94 56 71 65 80 98 52 94 62 61 53 73 89 55 89 73 86 83 70 81 65 65 81 55 88 73 67 88 89 87 63 57 75 53 90 
75 79 84 82 79 63 84 90 88 87 62 65 94 68 92 67 68 60 94 97 56 55 99 69 94 64 68 67 79 91 99 87 96 82 70 73 79 59 77 84 82 52 73 61 96 80 76 93 53 53 59 77 74 74 74 88 55 94 86 84 89 79 62 88 62 58 88 77 83 86 74 79 75 75 72 94 70 66 82 78 59 95 93 98 69 55 68 79 78 61 77 82 87 55 91 67 56 88 61 69 
65 97 58 64 63 57 94 88 85 51 79 61 90 93 57 97 53 83 82 72 92 76 95 80 63 63 75 94 63 57 73 58 98 61 52 70 68 82 75 93 72 75 70 58 54 81 90 60 86 79 74 98 60 74 93 92 65 94 87 59 69 94 70 76 59 91 68 61 81 84 88 85 70 71 78 50 81 83 84 67 84 72 60 75 71 63 83 86 81 51 99 62 69 73 68 95 90 97 86 65 
81 71 54 69 51 84 61 68 76 54 90 98 63 53 58 87 79 76 92 92 83 59 51 72 62 91 77 59 52 58 58 67 69 51 93 54 57 96 96 95 95 96 56 70 89 81 80 64 95 83 66 88 82 92 81 91 60 95 98 56 52 68 87 55 92 84 97 83 83 78 85 89 54 74 82 72 62 62 85 77 69 89 66 69 73 75 59 65 99 86 54 57 60 82 78 75 73 99 69 77 
93 96 89 79 91 85 60 83 91 74 57 54 63 75 63 97 57 80 95 79 73 80 57 62 84 74 80 88 60 63 93 92 68 65 82 72 60 99 87 88 81 95 74 52 76 53 64 79 59 65 57 53 84 69 91 63 65 53 87 55 59 72 66 58 70 64 94 86 63 84 60 54 81 86 53 82 94 75 83 91 68 54 69 80 93 77 98 98 94 84 92 72 98 55 86 67 51 55 88 89 
56 55 81 85 99 78 62 53 61 52 56 64 94 57 99 94 56 69 71 97 70 70 79 58 65 85 98 89 56 77 82 53 66 98 97 58 88 73 68 88 82 55 54 89 82 70 81 79 81 79 60 83 57 92 79 86 88 77 83 96 64 96 54 79 99 71 67 61 90 85 74 53 75 82 60 50 80 88 86 91 87 95 50 93 66 69 84 97 60 58 84 81 85 51 97 65 85 77 75 70 
92 89 78 97 69 91 98 65 90 97 99 71 85 72 75 95 98 95 72 90 61 90 92 56 96 57 70 88 77 95 86 94 86 94 84 69 52 79 98 65 91 75 82 85 51 53 80 93 85 80 66 73 82 77 71 82 54 58 56 63 97 50 74 97 50 89 83 59 69 53 80 52 57 71 81 93 87 83 80 69 94 50 82 82 93 58 93 61 86 96 55 97 83 80 75 80 94 66 56 52 
89 90 57 63 84 90 73 97 99 62 93 56 55 82 50 51 76 76 53 73 63 62 74 62 99 51 56 85 50 66 96 70 91 62 58 81 59 50 63 56 90 76 79 69 51 85 89 64 84 86 77 57 86 69 95 76 93 80 65 58 88 70 83 81 64 65 67 56 89 58 87 83 72 70 53 93 65 69 58 63 50 93 56 87 96 88 67 62 75 82 74 82 71 62 93 64 90 63 51 57 
68 82 94 70 73 75 98 87 83 75 76 73 75 66 86 74 87 69 89 64 90 88 92 54 70 61 76 72 70 95 57 73 81 75 82 73 58 55 57 62 79 60 51 78 81 71 60 88 62 57 58 92 92 97 88 94 79 67 96 52 65 88 56 93 81 52 62 73 97 85 82 83 60 66 90 50 73 57 96 55 77 70 89 62 50 99 79 53 67 58 90 93 92 94 85 74 51 61 92 68 
60 77 66 63 54 78 71 51 69 77 83 82 92 97 56 84 54 67 69 78 71 88 84 81 63 61 69 94 87 69 63 55 96 66 56 52 52 99 72 52 83 63 54 51 68 91 82 84 74 83 57 82 84 97 99 97 79 91 98 54 51 88 75 83 80 64 74 85 93 58 93 70 59 52 60 69 85 95 87 93 70 68 84 91 72 57 75 53 88 99 61 92 65 77 65 73 78 51 76 53 
63 74 59 91 81 78 89 93 60 61 56 62 58 57 55 92 92 97 93 59 71 82 88 55 98 56 91 73 93 80 82 67 56 79 64 85 73 84 54 54 57 59 94 62 79 76 55 58 91 83 94 89 90 69 69 84 71 57 96 83 87 52 87 83 69 82 91 85 62 63 53 85 89 69 86 78 58 73 79 61 99 58 73 56 86 52 83 94 67 93 95 87 59 89 97 56 51 88 66 83 
83 85 62 69 86 67 93 74 77 68 66 50 63 74 66 88 94 68 73 54 83 51 93 91 79 58 96 67 74 99 64 52 78 99 54 53 56 65 93 90 99 68 52 79 69 70 66 87 71 59 77 96 99 99 80 96 84 95 71 62 97 92 59 67 81 88 97 90 80 93 98 97 95 66 98 93 65 79 73 91 76 60 89 75 59 83 73 91 59 97 81 74 73 95 71 52 57 94 71 65 
60 93 94 84 86 90 74 95 84 89 98 95 96 60 84 55 55 70 68 74 80 84 78 75 63 70 88 65 83 62 60 67 79 74 99 80 84 98 58 88 96 69 68 57 55 83 97 94 50 58 68 89 53 76 69 85 74 81 51 93 54 74 58 96 86 58 96 65 69 96 57 87 54 85 89 52 73 58 53 77 54 69 68 90 76 54 58 84 95 73 69 71 55 54 54 88 87 64 51 57 
95 55 78 70 75 58 70 68 53 89 89 79 76 78 89 77 79 58 90 93 93 93 70 79 71 85 57 78 89 50 54 73 55 58 80 61 56 78 66 58 80 69 73 72 50 79 64 50 70 90 60 93 75 65 85 65 96 71 59 81 68 80 80 82 75 83 81 79 62 75 99 67 74 54 50 51 52 57 51 95 78 62 86 62 61 65 59 58 61 78 89 88 59 69 73 58 91 98 73 68 
83 75 92 96 59 76 89 68 82 75 81 99 74 57 76 86 83 51 70 77 67 86 71 97 77 98 70 66 63 73 82 51 80 72 93 67 67 85 72 70 86 92 80 87 55 80 57 55 78 71 63 74 79 88 74 61 66 88 75 91 94 61 76 88 59 71 78 79 59 93 55 81 87 52 77 86 75 52 54 98 56 92 90 60 71 90 68 76 79 77 57 78 87 78 53 73 91 56 51 57 
97 89 93 85 82 79 71 72 52 95 87 79 83 54 59 57 79 97 95 67 75 85 80 59 91 54 98 67 66 63 96 55 57 73 98 91 56 88 61 56 93 68 62 78 87 98 78 59 53 72 81 56 86 68 64 51 99 82 83 74 57 53 68 56 52 96 62 64 85 92 77 92 88 64 90 94 78 74 87 56 96 70 53 64 70 52 72 72 70 80 72 59 64 96 65 84 92 85 93 78 
81 59 57 96 84 56 75 70 83 95 81 89 53 64 55 94 59 95 61 70 64 53 58 99 73 59 97 80 58 78 83 95 71 83 97 71 98 77 58 58 64 77 64 70 85 84 69 57 72 92 83 94 69 73 70 60 78 63 59 95 79 89 74 92 66 78 98 98 98 66 79 70 80 64 61 79 81 57 94 69 78 95 54 95 92 88 80 64 63 56 77 87 54 77 81 97 57 81 92 68 
51 74 52 92 92 55 61 81 78 99 53 89 58 67 97 95 95 86 83 76 72 61 79 51 94 96 84 57 93 93 54 63 59 91 64 79 99 62 60 55 63 92 64 86 67 68 88 50 64 62 67 99 91 94 98 73 53 70 56 70 80 86 81 74 65 56 70 80 90 75 86 85 87 84 60 61 56 88 57 86 55 59 76 82 63 51 57 53 81 67 80 51 73 68 86 91 76 86 92 97 
75 56 94 71 82 51 63 62 92 65 70 79 95 72 98 87 77 92 99 74 83 63 89 88 56 93 58 87 75 62 78 51 82 88 80 86 67 89 86 89 57 56 76 88 71 73 73 87 52 53 99 55 89 65 62 92 97 99 94 60 72 96 64 79 71 52 92 93 84 56 68 88 93 88 63 87 64 86 51 73 87 97 77 72 97 85 99 84 63 70 84 96 90 64 58 74 86 95 58 56 
86 80 99 70 50 71 50 84 51 60 71 91 71 77 84 60 84 68 60 86 92 89 64 53 62 94 98 77 94 76 66 60 53 74 69 60 61 81 54 96 79 95 58 64 88 74 79 76 92 85 64 62 54 79 76 56 55 85 90 77 95 83 76 65 71 96 55 97 50 52 53 60 54 89 98 92 74 76 80 83 54 76 55 78 80 99 78 73 65 94 75 78 64 67 93 90 72 53 51 84 
73 60 76 81 64 67 56 95 98 70 98 53 68 98 55 65 57 95 82 85 81 93 56 77 57 87 55 56 67 66 68 51 62 66 94 63 87 64 99 79 86 56 53 51 61 96 64 80 85 93 52 53 98 95 88 69 84 69 76 61 89 83 96 68 74 78 84 98 83 69 61 56 99 81 65 68 51 90 75 63 62 94 67 95 68 51 76 62 80 60 99 57 92 65 85 52 88 83 62 65 
68 81 99 85 98 92 85 70 82 71 56 54 79 70 87 53 82 81 59 97 92 58 77 80 64 73 60 66 50 66 73 83 77 77 51 77 80 81 58 77 67 84 54 58 55 63 97 96 59 92 85 93 81 87 93 62 89 62 63 63 62 95 81 66 80 63 88 56 93 93 76 85 62 54 58 56 96 70 96 87 72 88 57 89 80 73 90 80 84 74 56 88 94 63 70 52 60 52 70 92 
86 70 50 51 51 53 55 95 52 62 65 84 91 94 90 50 70 85 63 93 71 78 91 97 65 82 93 58 84 99 69 99 97 93 83 51 50 74 63 75 57 97 62 53 88 97 61 78 98 72 57 72 58 51 72 54 88 92 56 50 87 85 75 66 69 83 50 75 79 53 60 94 93 73 89 84 86 63 79 85 55 91 84 52 69 54 69 77 60 60 55 97 71 81 69 82 72 79 84 89 
85 95 80 66 63 72 88 85 69 62 62 55 83 89 70 71 55 70 55 74 83 79 86 63 84 64 97 89 88 73 53 76 85 93 94 74 53 91 60 98 65 94 76 86 56 95 50 81 80 86 83 93 52 62 69 75 78 95 93 54 83 62 70 63 71 75 93 68 86 74 64 55 54 79 71 76 80 59 68 98 99 72 55 71 84 58 64 83 78 70 88 76 94 68 79 74 73 56 76 85 
64 53 81 82 78 59 91 76 88 94 54 99 91 96 90 81 59 89 80 82 67 97 64 85 98 91 51 76 74 77 95 57 96 63 53 64 99 56 73 95 81 64 76 56 82 79 76 97 68 76 64 63 84 68 60 50 77 52 80 95 65 83 51 89 58 93 52 85 85 83 81 90 80 85 78 62 72 61 72 62 93 85 83 61 88 81 81 93 81 87 58 94 89 70 95 69 90 68 93 63 
67 51 64 89 80 84 90 56 90 86 72 95 63 81 55 67 95 81 62 72 71 77 68 68 94 74 51 76 75 68 93 62 67 68 91 64 55 60 93 67 83 80 75 50 98 80 53 79 61 86 59 86 63 93 56 67 68 56 51 75 60 71 63 94 75 77 63 60 50 87 64 99 86 60 69 78 59 75 94 96 59 82 95 92 85 59 66 53 93 53 89 97 83 81 53 62 86 52 61 90 
68 63 69 78 87 50 67 94 68 54 56 53 73 59 76 51 65 76 74 92 50 77 50 85 56 75 92 89 96 71 93 66 72 75 72 93 88 72 72 91 81 78 78 98 92 55 87 84 63 71 95 84 57 83 85 82 79 68 55 73 73 86 81 68 98 79 94 99 74 55 60 92 90 84 50 61 90 81 95 97 88 50 80 58 82 79 86 67 75 59 78 63 72 51 50 56 79 67 66 71 
73 80 50 56 51 51 95 68 70 69 80 52 98 85 52 98 70 64 99 53 71 56 97 82 93 92 70 77 50 52 58 94 89 75 64 94 88 98 96 79 77 59 53 58 99 80 88 81 66 81 88 92 79 89 59 66 80 59 52 76 89 59 99 54 77 91 72 52 75 96 87 78 65 87 62 50 68 50 77 78 81 86 65 75 78 79 95 53 63 83 55 92 87 57 71 89 77 57 89 68 
58 71 99 66 93 98 74 97 72 59 68 94 77 83 58 89 98 99 97 71 90 84 79 76 50 65 74 66 82 53 97 89 85 76 65 51 58 96 60 55 52 85 85 60 85 79 76 56 50 74 53 85 57 62 91 65 89 83 85 56 89 56 64 90 67 97 85 89 55 75 98 64 55 55 97 89 99 94 76 79 71 99 55 80 53 99 66 86 80 68 94 94 84 66 92 69 81 93 85 50 
60 95 95 66 60 85 93 75 68 94 73 62 70 70 84 97 65 67 71 77 72 90 93 94 88 65 62 50 75 66 70 71 93 78 62 57 91 51 78 60 86 70 57 82 98 78 65 98 70 79 98 74 73 98 83 82 80 93 57 90 60 77 86 56 97 70 61 55 93 60 66 80 86 70 84 80 78 99 54 72 67 95 81 85 77 51 59 98 50 82 81 58 76 89 73 71 96 80 83 88 
67 74 71 80 92 76 94 86 61 63 57 50 80 64 72 90 94 50 92 92 80 65 67 95 82 63 96 62 65 82 50 50 99 59 98 93 69 99 50 86 97 55 60 98 57 74 61 51 88 69 56 75 83 67 70 78 51 91 66 88 83 50 62 92 76 85 83 97 59 94 86 68 59 65 52 97 85 54 58 70 73 78 62 70 79 77 62 51 66 68 86 78 78 98 69 97 55 94 83 51 
64 58 99 91 92 50 74 51 94 78 76 61 83 69 89 78 89 87 72 60 51 60 69 95 63 67 70 67 72 93 78 83 69 54 87 99 65 72 99 85 88 80 77 94 71 72 57 69 50 63 75 71 81 76 86 53 76 81 94 58 79 58 50 73 86 87 74 83 64 51 77 70 81 80 82 97 77 93 88 55 89 65 63 90 54 52 81 72 61 67 93 56 61 57 88 74 67 78 98 67 
79 90 77 75 94 55 87 94 96 61 62 96 63 73 76 71 64 63 81 75 99 90 78 89 97 89 84 77 87 98 58 72 52 95 77 97 57 94 82 56 70 84 60 75 59 80 60 64 85 55 72 62 54 97 87 54 84 96 58 53 85 90 59 69 65 80 74 53 58 68 61 96 90 92 50 72 65 86 75 87 79 66 88 53 83 68 75 60 69 70 97 95 60 92 88 59 97 58 56 51 
91 52 94 75 61 84 89 51 92 95 84 87 90 52 74 86 97 65 53 96 93 54 64 83 95 75 96 96 78 98 69 78 59 51 61 68 72 96 59 73 94 78 94 54 53 90 56 87 52 97 73 89 89 86 66 99 99 94 66 67 56 92 52 56 83 54 74 67 53 90 58 83 52 80 56 76 86 56 79 56 87 87 51 89 77 95 96 68 78 83 66 54 53 58 72 92 71 73 89 80 
97 55 97 83 82 55 66 79 62 81 81 68 60 95 77 81 97 59 51 53 70 75 82 80 77 96 70 60 97 67 77 80 67 52 63 88 68 50 99 70 75 71 61 65 53 74 52 55 99 98 78 62 53 92 54 94 59 91 75 81 89 57 93 87 91 80 97 96 82 57 96 50 72 96 96 98 92 52 66 54 52 83 57 85 55 92 65 82 61 73 96 86 69 71 60 53 66 98 68 61 
94 77 78 87 55 85 55 92 91 93 63 93 96 68 60 68 55 90 51 67 78 51 82 56 59 87 53 75 84 95 59 65 76 52 90 54 58 71 82 97 66 56 66 77 96 64 51 95 53 67 53 95 83 97 57 66 59 50 89 92 96 62 59 85 78 50 72 72 89 82 66 91 56 93 50 91 79 93 76 65 58 97 58 55 68 52 61 69 86 84 61 74 63 65 96 75 70 58 97 84 
98 61 97 54 78 81 52 83 98 61 80 57 88 79 99 91 99 97 73 54 88 79 59 55 56 63 74 75 65 89 59 60 62 64 81 98 68 60 98 57 59 85 99 94 77 63 65 55 97 86 92 68 65 99 53 84 69 63 60 61 69 64 81 75 95 86 93 75 59 77 69 65 67 68 81 99 60 72 78 57 71 69 90 54 67 83 89 61 79 62 75 70 56 70 71 70 75 92 82 68 
87 74 57 50 90 89 54 82 89 71 67 61 77 67 71 79 68 80 68 80 67 50 98 70 67 69 60 53 82 76 63 68 98 86 86 66 87 76 52 61 71 75 65 63 54 84 54 63 64 54 80 81 92 61 77 62 80 80 83 88 61 61 84 95 82 60 85 99 84 85 92 53 91 51 69 68 86 52 92 84 88 53 77 86 69 88 59 56 61 95 50 88 63 72 62 58 76 79 81 84 
91 56 56 78 79 53 86 75 99 70 54 95 76 68 61 76 71 57 50 85 77 68 98 55 92 85 58 70 89 70 62 64 81 78 77 54 79 52 98 89 87 76 75 68 74 96 85 71 84 66 95 82 78 93 78 91 91 67 79 99 79 84 52 78 96 64 89 86 71 82 66 54 86 56 67 83 89 76 53 92 94 82 90 67 89 87 74 98 87 63 75 50 95 65 68 82 70 65 60 78 
80 51 76 96 63 80 98 55 57 65 98 95 82 83 97 68 56 82 78 83 69 86 79 52 86 51 94 99 88 93 81 94 61 82 80 63 60 74 66 55 73 92 99 75 73 67 86 78 77 55 96 81 86 75 75 95 50 87 92 93 74 51 80 84 67 67 65 60 88 91 53 93 71 94 68 68 68 74 54 66 95 63 88 73 78 59 58 96 84 62 79 88 66 81 58 58 64 76 71 87 
82 87 89 83 60 54 94 65 52 54 81 93 68 55 81 78 89 83 88 55 76 60 75 53 64 73 84 84 75 53 62 58 53 85 96 66 81 98 72 91 75 90 86 80 53 92 96 66 80 86 97 96 53 71 83 80 54 87 94 81 65 82 71 60 70 66 62 65 70 95 68 83 53 92 98 53 71 51 52 57 93 97 99 97 85 81 68 82 97 71 92 50 67 92 93 68 54 87 72 69 
55 90 60 90 90 80 95 60 91 98 89 62 70 95 57 85 67 77 74 67 99 56 56 65 91 51 52 52 64 69 89 55 67 76 71 81 79 60 50 96 85 93 67 84 58 63 66 70 67 50 59 75 95 51 82 82 79 78 99 50 67 80 65 65 96 82 84 90 50 70 59 63 84 63 74 93 70 98 70 84 59 80 88 70 55 78 59 56 85 87 72 80 90 57 58 51 63 64 95 65 
92 89 88 62 70 77 74 56 84 95 59 97 64 81 87 95 86 60 85 61 65 73 75 99 69 82 66 62 71 95 55 89 75 67 97 58 86 70 85 93 77 55 52 74 52 56 64 91 89 52 60 76 80 98 84 89 81 75 64 73 62 86 65 91 60 66 88 51 96 86 51 59 61 61 91 97 79 51 50 63 79 90 54 69 59 54 58 68 94 71 94 99 81 90 65 78 56 72 52 55 
95 73 84 62 78 90 84 60 91 86 62 95 69 78 76 62 86 71 77 76 91 76 99 58 69 77 86 65 61 91 87 85 64 98 55 52 52 97 53 73 91 58 84 89 67 53 62 88 52 65 52 75 86 79 67 96 59 77 94 99 75 64 60 61 72 82 68 62 57 98 95 98 62 55 52 74 67 64 74 51 85 81 98 75 81 71 79 83 62 58 78 79 64 65 87 60 62 92 72 64 
90 98 88 64 77 57 99 80 52 61 63 58 65 78 67 98 79 71 69 95 82 63 81 51 75 98 90 52 95 89 70 90 78 99 98 82 72 98 56 71 64 96 57 52 94 91 76 84 69 91 62 69 57 95 82 89 64 93 74 56 60 99 53 71 61 81 63 76 89 50 76 50 71 86 55 94 73 58 72 67 58 53 56 72 98 77 96 78 72 97 58 77 95 93 89 50 84 64 70 73 
85 62 83 66 86 60 58 50 64 70 67 88 69 72 73 85 74 64 80 77 71 85 52 77 72 76 82 50 99 75 65 68 84 53 71 62 83 79 82 51 91 94 56 69 81 72 91 55 94 95 92 59 66 86 99 89 93 66 93 83 71 77 91 60 57 91 55 74 76 57 65 86 97 91 50 68 97 87 59 58 77 67 83 60 76 68 86 86 92 61 73 93 59 65 84 63 80 91 84 82 
75 50 73 73 93 97 84 76 79 74 68 53 74 51 97 98 96 84 75 84 54 99 85 53 59 84 84 94 89 50 69 71 77 82 59 68 80 74 99 87 51 67 80 55 84 87 70 55 96 55 60 63 52 60 98 96 80 76 82 83 72 55 70 59 63 95 55 80 80 71 91 59 81 56 65 79 54 87 80 71 87 98 92 79 95 96 98 82 76 80 91 87 90 81 96 84 56 72 89 56 
92 79 69 96 83 69 81 51 95 85 58 82 64 90 99 95 97 88 58 61 55 89 96 72 82 75 69 80 99 88 80 73 52 88 61 97 66 80 83 53 87 58 62 69 97 96 91 62 64 81 68 62 92 55 81 74 62 86 90 89 58 57 60 59 55 70 61 83 68 95 77 96 64 75 93 79 68 74 50 94 94 74 58 71 74 66 62 69 67 76 73 53 71 50 66 68 95 78 65 72 
57 70 59 79 92 56 93 98 60 92 62 80 93 78 89 74 54 63 81 97 78 65 75 91 77 90 67 68 64 70 60 96 57 50 52 60 71 57 77 56 93 73 77 77 94 92 85 94 86 67 85 67 85 64 87 93 56 72 89 75 68 63 74 86 95 77 55 61 92 64 52 64 98 69 75 94 77 51 99 78 62 71 87 55 63 94 90 86 94 80 73 56 51 84 65 84 95 68 82 98 
79 92 77 61 98 68 83 90 96 78 69 73 68 88 99 96 62 53 80 93 98 60 77 79 72 83 84 59 95 79 51 53 79 97 82 80 74 73 55 98 52 60 88 55 54 98 64 50 85 94 73 84 89 70 62 67 96 91 89 57 74 58 76 70 99 95 90 79 87 62 53 75 96 66 62 92 85 72 85 60 51 79 99 62 76 83 94 74 50 52 69 62 84 54 51 85 86 66 62 60 
51 62 56 83 55 77 66 64 89 73 98 75 95 51 67 77 68 83 51 53 54 96 82 73 99 96 52 63 82 72 84 64 87 86 57 55 97 86 97 75 93 72 85 87 84 67 50 98 51 80 73 61 80 79 91 73 61 95 70 70 65 96 79 83 50 50 50 85 66 89 51 50 64 98 68 68 85 62 82 93 67 77 88 83 72 84 85 88 68 57 70 80 90 95 57 83 97 95 53 53 
60 59 83 80 73 73 67 52 60 97 63 68 97 83 60 68 66 86 66 75 61 94 59 62 63 81 69 72 53 97 57 94 70 69 87 66 64 75 50 96 80 69 57 69 92 81 54 86 63 54 91 52 96 99 55 78 55 79 61 74 96 91 98 67 95 97 87 55 72 63 64 81 83 68 92 56 66 93 51 88 82 51 52 96 51 51 50 87 51 99 87 61 92 92 72 50 97 60 64 81 
90 72 62 76 89 70 62 63 93 69 68 81 93 61 64 83 87 83 63 86 63 78 76 83 55 56 69 80 57 69 67 88 50 50 63 63 59 73 83 57 78 87 61 76 95 97 72 56 90 52 58 58 54 98 93 78 70 94 58 80 96 51 75 72 53 59 90 52 81 69 51 82 86 75 97 57 83 84 84 78 58 76 75 81 69 51 65 55 97 59 57 70 85 87 99 64 85 67 60 54 
62 96 96 82 70 66 68 62 92 60 82 77 62 53 78 67 97 59 80 62 82 75 72 72 78 57 81 89 69 67 63 62 57 55 80 70 52 96 97 76 77 72 83 67 88 97 79 79 80 85 70 63 79 59 65 85 53 57 54 75 93 60 68 85 74 80 91 67 82 55 57 81 63 74 77 62 87 91 88 69 78 93 67 94 53 52 97 69 73 59 97 90 88 84 71 93 73 59 73 99 
73 54 95 98 87 98 69 74 71 64 94 72 63 74 88 65 54 66 74 53 55 86 83 64 87 67 57 61 65 66 60 59 55 64 69 78 53 83 69 54 95 59 59 99 94 83 51 71 53 95 79 59 90 60 91 95 57 66 95 87 84 93 75 54 55 77 70 56 76 64 65 98 78 62 86 95 62 95 99 90 51 78 51 98 54 89 85 88 53 61 93 99 70 59 96 81 78 80 97 63 
85 56 52 93 63 73 50 88 90 51 78 71 80 92 69 60 62 56 80 98 54 55 97 65 55 98 95 67 72 69 99 60 87 91 65 98 58 54 94 97 69 54 98 51 54 97 72 70 80 64 95 69 76 51 64 93 93 66 60 88 53 74 89 67 57 85 67 82 61 53 73 71 71 51 66 57 85 57 90 92 91 59 56 84 91 94 61 70 62 70 65 61 90 55 85 90 73 84 74 86 
76 54 79 71 82 64 61 61 58 79 82 78 50 72 58 69 63 66 82 93 50 52 95 87 94 98 97 69 62 95 73 56 84 81 72 73 81 90 89 69 98 62 82 69 87 56 89 60 71 88 72 82 60 78 97 61 66 91 59 93 53 77 52 76 74 93 73 66 59 57 99 80 62 61 72 92 80 63 96 66 84 78 88 54 57 54 50 90 50 56 89 95 85 55 53 98 91 99 81 60 
88 86 74 67 54 77 79 76 72 74 73 55 65 57 89 61 65 51 70 94 97 73 61 86 51 62 55 87 69 58 99 85 76 87 60 79 92 65 62 71 81 51 91 78 62 64 85 80 98 55 73 50 72 55 66 84 94 80 79 62 92 88 82 79 54 69 60 86 57 74 66 66 52 65 98 84 84 89 62 98 71 68 61 69 75 55 69 56 76 53 69 95 83 99 88 65 84 80 76 90 
56 52 67 63 54 74 53 76 93 88 86 80 94 90 86 96 87 68 74 81 87 82 82 78 93 66 97 87 85 68 65 55 66 96 74 53 77 85 53 56 66 98 66 74 70 95 78 85 61 96 74 80 84 98 75 61 71 85 85 79 79 78 60 90 79 68 67 96 50 68 98 70 64 62 84 82 95 61 70 65 60 98 86 82 96 86 97 97 68 75 51 52 99 61 97 76 93 97 71 59 
51 69 51 62 84 96 57 86 65 99 66 59 99 74 84 91 83 79 90 55 91 68 62 92 70 92 73 82 78 93 81 85 56 67 81 63 57 96 62 53 84 76 84 86 62 54 51 62 99 81 63 81 58 58 57 64 89 99 81 59 64 85 80 75 72 60 65 54 93 73 56 58 90 86 88 83 60 91 84 60 72 80 98 89 69 76 66 66 90 57 61 88 63 86 90 75 78 75 92 60 
55 90 81 51 64 99 92 74 70 94 87 90 72 54 76 58 79 56 56 68 68 89 85 55 66 83 61 71 52 55 68 92 96 92 78 83 76 87 86 71 71 64 72 79 65 61 73 87 55 83 63 81 79 65 90 58 62 65 62 51 91 77 85 55 87 92 74 95 65 86 80 82 50 91 86 58 67 68 67 80 69 66 68 58 96 73 89 56 86 56 87 89 68 93 63 68 53 73 72 86 
88 96 70 55 67 83 83 59 77 97 78 83 69 54 97 88 95 67 87 95 98 62 68 97 53 89 82 60 81 88 62 64 55 57 72 63 67 54 85 97 83 57 68 50 89 99 65 91 92 65 53 63 82 76 83 62 53 93 57 97 70 83 85 65 89 72 96 81 59 92 83 72 54 61 51 59 87 81 80 97 58 76 88 75 85 92 89 61 59 99 57 80 65 54 73 67 50 75 85 50 
62 60 76 83 65 51 90 99 97 67 99 52 95 81 53 56 79 56 64 92 74 75 65 63 88 88 83 87 96 70 98 98 54 68 73 97 95 67 71 51 80 57 77 60 60 73 94 78 82 58 64 86 78 90 66 68 74 60 93 90 66 60 71 89 51 74 79 79 53 81 96 91 71 63 60 71 73 54 96 60 94 64 57 51 94 58 94 60 91 99 52 68 81 74 70 78 87 96 85 97 
84 57 57 92 54 65 77 81 82 62 99 60 71 72 96 96 75 88 91 93 73 75 78 77 62 74 83 98 70 72 78 61 67 76 95 74 56 57 57 62 80 89 99 98 79 99 76 67 55 86 85 50 73 80 72 98 80 88 66 98 81 92 94 91 95 77 80 82 67 94 92 76 96 88 92 76 75 75 72 61 65 62 76 75 84 63 59 65 81 96 62 63 62 81 80 87 51 71 78 81 
50 79 81 94 63 56 78 52 79 50 91 81 78 50 74 61 88 89 85 96 99 51 59 60 74 53 72 76 74 52 86 68 91 51 92 70 52 84 79 86 64 56 50 73 74 81 62 74 56 74 89 73 71 75 50 55 67 94 82 77 81 63 53 94 63 54 54 96 87 66 85 96 96 62 60 68 66 59 91 95 85 97 67 55 58 72 94 68 83 81 69 65 87 70 50 99 66 57 84 59 
68 61 56 60 71 80 56 58 64 90 85 80 88 63 66 55 54 87 92 51 54 91 78 77 77 82 56 63 64 56 75 89 50 82 56 96 89 97 50 85 91 81 62 77 77 99 53 78 51 95 84 83 69 79 72 82 75 84 58 73 84 59 68 91 65 56 86 61 81 97 84 99 75 89 64 80 73 76 74 56 69 93 77 97 57 80 89 60 72 85 85 60 75 64 52 59 93 68 65 86 
81 95 86 77 86 53 90 92 62 77 53 66 84 93 87 51 69 51 56 85 79 74 79 77 52 88 58 68 62 63 77 57 87 91 80 72 69 86 81 63 64 80 51 55 68 54 70 92 99 68 55 73 53 73 78 95 90 89 50 92 54 73 59 83 97 97 76 97 64 50 65 77 87 59 75 58 72 59 88 72 70 79 84 95 92 71 90 93 74 86 65 89 74 60 69 51 83 50 52 62 
85 70 74 70 74 64 51 77 66 92 64 95 96 90 53 58 82 57 97 78 63 86 50 71 98 96 88 87 73 66 70 51 98 82 87 58 80 51 73 62 54 76 75 87 73 99 97 61 54 62 81 51 67 99 57 87 64 96 81 52 94 53 71 68 98 58 54 84 92 84 53 57 54 59 80 77 80 61 52 52 52 71 69 57 95 80 75 93 93 91 66 64 69 84 81 93 61 62 71 54 
71 56 60 62 77 95 83 69 51 89 87 59 89 51 61 95 89 80 69 98 94 55 86 51 62 60 52 81 95 82 78 80 98 86 91 66 59 76 79 90 51 64 62 63 99 67 96 55 58 82 77 74 70 58 99 95 75 60 61 68 50 99 55 85 62 68 53 86 71 91 73 81 81 54 95 52 83 73 64 84 55 98 76 86 78 79 54 61 93 99 69 57 77 92 80 62 76 56 90 87 
98 85 71 68 87 60 96 80 98 60 52 86 85 56 64 65 90 90 57 86 65 73 85 81 60 52 62 94 63 54 78 73 96 93 62 92 84 56 72 51 75 75 68 53 91 79 74 64 83 68 53 85 77 66 88 57 71 96 95 75 65 89 77 79 87 91 51 53 78 67 87 93 87 52 78 80 82 54 64 97 59 96 91 65 84 90 84 67 81 89 85 52 69 52 99 81 62 79 82 96 
84 70 88 96 67 61 67 95 59 97 79 56 83 50 76 80 57 81 79 98 54 71 82 89 74 50 74 93 68 97 53 86 89 62 84 51 87 70 87 53 75 56 74 67 60 57 53 67 85 74 81 76 50 58 51 69 54 62 87 67 59 71 59 96 57 93 52 62 61 81 98 99 52 60 79 76 66 60 50 98 93 81 92 95 79 58 73 99 97 81 63 69 62 80 79 68 62 68 61 75 
93 50 57 82 74 60 53 91 58 78 62 53 55 88 84 68 64 50 66 62 80 92 86 83 84 66 65 75 83 82 91 65 84 85 86 96 50 58 86 53 53 73 82 73 73 99 97 75 68 89 77 61 52 58 59 51 52 72 98 75 99 81 76 94 72 80 79 87 57 98 73 75 63 78 97 72 60 91 69 74 78 67 98 97 82 74 66 74 68 80 79 65 95 64 77 70 88 87 78 91 
82 74 67 74 74 79 66 83 63 99 76 59 64 56 70 79 50 83 94 62 79 51 87 80 57 61 58 70 63 52 53 54 90 76 66 50 96 67 66 61 93 92 91 76 77 83 53 85 93 58 85 55 79 92 60 83 83 94 68 60 89 50 77 56 79 51 70 78 75 92 61 82 65 56 83 54 74 88 95 72 55 96 94 88 74 86 67 74 86 92 84 76 69 53 76 89 76 94 93 65 
80 92 73 75 62 83 51 93 83 80 90 88 88 76 93 96 91 75 58 95 58 93 92 50 60 71 88 60 81 68 83 52 76 89 96 98 67 62 65 95 72 96 93 75 96 76 52 70 61 92 82 83 68 80 93 79 76 65 90 84 61 60 50 96 68 86 94 52 87 60 72 84 59 81 91 92 77 93 99 91 67 57 99 71 76 92 68 76 73 59 77 92 56 64 53 65 85 77 97 58 
66 93 98 92 55 97 60 52 74 94 87 66 95 90 85 72 58 98 64 66 66 57 85 56 85 99 83 58 63 58 53 65 88 63 80 50 53 53 60 96 88 85 96 85 96 72 63 73 90 56 67 95 95 84 58 54 65 79 54 59 86 54 60 84 66 81 94 99 73 59 66 52 51 51 77 77 75 85 69 82 93 79 88 70 60 58 88 97 75 72 68 55 83 81 55 90 69 76 80 70 
57 64 84 92 76 93 98 78 91 76 78 96 94 57 87 99 83 97 97 52 67 62 95 57 67 88 79 88 61 69 59 58 85 83 61 70 75 59 97 68 58 58 91 89 87 82 62 75 93 60 66 85 54 63 72 97 66 99 69 99 63 95 90 70 93 53 78 78 82 54 54 84 60 75 55 60 61 56 69 73 74 55 76 57 53 89 91 55 81 91 96 74 89 76 95 75 88 88 55 93 
64 75 64 98 65 92 73 77 99 92 65 78 74 80 70 93 52 79 88 59 65 65 92 55 81 52 80 61 76 65 56 93 76 63 51 69 97 63 82 50 61 97 96 91 93 57 57 52 71 63 62 79 73 91 79 54 77 75 82 60 72 91 93 87 64 65 94 98 75 91 60 65 84 58 54 87 90 75 99 91 57 73 67 73 93 56 64 72 55 99 53 56 51 50 79 90 59 73 83 84 
88 51 59 94 88 71 64 57 69 53 68 77 97 54 64 64 58 82 85 78 85 50 63 61 68 74 58 64 84 99 78 56 59 71 95 88 85 64 88 50 70 86 65 70 98 67 95 51 55 82 68 90 72 90 69 87 95 86 79 80 89 91 88 70 94 72 58 59 96 98 86 79 72 82 76 74 71 80 61 65 56 62 76 67 98 68 97 62 68 96 62 64 88 67 99 62 56 88 68 52 
82 66 50 70 81 85 91 68 57 58 69 61 98 52 72 73 61 82 86 65 58 63 96 97 77 98 67 98 89 74 56 74 93 50 69 79 51 91 56 84 81 65 80 98 92 93 68 62 67 54 61 66 69 77 93 56 87 60 80 58 53 64 67 52 94 51 86 83 69 62 59 53 64 60 54 75 91 58 63 78 67 64 54 98 78 88 91 50 57 69 51 60 60 92 98 70 62 59 59 52 
85 78 63 62 67 55 94 78 76 58 79 93 62 67 91 69 99 66 68 73 54 75 84 67 88 55 63 55 75 63 91 65 88 89 75 98 89 62 67 57 53 67 89 83 67 91 84 79 71 80 58 63 66 75 54 50 52 90 72 95 91 99 84 91 92 55 78 78 57 54 69 65 94 73 60 79 64 90 78 71 91 61 55 98 58 91 83 62 59 63 79 50 79 86 64 51 94 87 72 89 
69 85 55 59 92 64 95 57 79 50 73 76 89 60 71 73 60 98 76 78 75 86 92 73 61 59 56 83 56 76 87 98 83 82 56 71 76 59 68 63 78 54 81 73 87 96 76 95 92 59 54 52 87 93 82 93 92 65 95 60 83 82 60 98 64 96 91 68 61 93 69 80 74 91 96 94 66 67 91 76 72 91 54 92 56 71 55 94 59 60 78 87 75 81 90 70 63 51 92 81 
54 97 93 95 64 63 68 50 87 90 90 66 88 60 90 53 60 90 77 80 62 78 78 69 68 80 54 97 91 64 52 93 86 62 94 68 67 56 98 56 67 69 98 84 89 94 86 97 99 80 58 92 87 81 91 93 97 57 60 83 58 92 63 80 56 71 97 83 50 93 61 69 55 67 84 56 96 80 85 68 52 80 62 88 91 55 84 72 87 99 60 50 98 76 88 58 63 68 99 58 
67 57 60 84 83 95 95 56 61 88 79 61 55 92 52 64 60 59 52 72 99 71 98 70 81 77 88 79 97 77 57 94 79 61 96 62 68 81 54 52 83 99 69 55 79 95 58 75 62 67 90 55 57 62 86 92 83 90 67 84 64 99 68 59 91 72 91 80 94 94 62 86 77 50 70 97 74 58 56 60 62 91 82 82 93 82 80 99 75 97 87 50 63 63 61 52 78 52 67 89 
69 78 98 53 51 85 54 50 87 88 57 77 64 58 98 68 84 53 88 50 53 59 72 75 64 58 84 52 50 69 79 85 78 79 60 85 94 97 69 96 53 60 74 50 63 55 84 81 53 72 75 54 53 56 87 59 64 78 86 87 58 60 52 61 89 83 87 82 66 98 57 59 97 69 87 68 58 96 77 71 98 80 53 52 61 63 57 55 84 64 86 70 66 59 92 69 68 91 82 93 
61 90 86 93 93 85 54 73 93 87 85 63 52 65 82 93 56 84 59 64 82 83 50 89 86 90 70 83 62 75 50 83 89 82 94 65 64 75 70 58 85 66 70 51 50 73 81 73 61 84 73 56 92 78 85 62 68 72 52 96 68 57 63 54 66 51 69 57 79 79 53 91 68 82 57 64 85 95 54 84 56 66 80 84 60 58 77 92 69 56 90 74 97 85 73 58 58 84 59 82 
62 80 94 76 77 95 50 74 88 80 98 65 97 99 73 91 73 83 78 76 84 51 54 63 83 75 98 54 96 56 96 93 67 99 76 82 85 53 73 73 65 65 86 69 99 84 50 73 77 95 67 71 65 70 54 70 67 97 89 84 63 79 94 67 55 58 84 98 52 99 58 68 84 96 79 76 71 92 79 60 54 89 95 59 65 50 55 91 79 86 57 55 78 66 87 98 98 74 78 57 

77 69 54 50 73 55 91 59 79 86 54 63 82 92 68 68 72 70 92 96 91 87 83 95 77 74 92 58 57 52 78 56 53 63 72 79 54 73 75 71 88 84 66 68 69 83 55 66 61 79 63 78 62 74 92 83 64 61 70 86 96 75 66 65 75 65 59 75 84 52 58 76 72 96 55 61 63 58 51 86 94 91 75 94 89 88 78 64 51 73 78 78 74 92 51 84 87 96 60 96 
61 62 61 91 81 71 77 73 76 96 58 51 83 54 66 97 53 95 55 87 85 93 87 89 58 96 83 66 83 89 66 62 65 89 99 98 82 57 57 73 61 86 94 81 88 89 65 63 69 73 73 88 66 82 89 96 69 64 95 55 59 57 74 89 97 88 78 68 71 54 91 94 61 96 97 75 53 54 74 98 59 71 77 71 61 96 83 97 62 59 75 96 60 62 85 75 77 82 99 73 
71 61 78 96 57 92 69 91 75 85 69 54 50 88 70 98 85 69 93 87 80 67 77 53 79 55 65 63 67 86 71 63 94 67 65 59 50 89 93 78 53 82 87 86 63 67 99 88 64 63 56 65 52 59 81 74 79 99 94 57 85 78 72 59 58 64 70 61 71 53 87 77 50 87 67 68 87 85 97 71 92 87 73 89 86 81 69 74 88 97 65 81 85 68 61 68 54 72 57 82 
52 82 77 78 88 50 81 78 98 81 91 87 81 69 99 57 71 50 75 87 51 63 62 73 82 75 96 91 54 53 68 75 55 98 86 66 50 65 68 61 98 87 88 74 60 77 68 79 76 51 59 56 84 55 71 83 58 50 89 86 64 98 68 80 94 86 99 70 77 80 87 68 78 66 59 92 71 79 95 69 52 69 97 91 79 61 81 67 64 87 52 92 88 65 72 87 54 77 98 76 
91 54 72 68 60 62 69 81 68 63 80 64 87 56 76 87 53 66 92 52 76 54 89 73 54 98 81 81 73 67 97 81 96 84 54 70 80 75 93 68 94 90 86 51 53 92 54 79 78 59 85 72 62 97 67 59 90 63 90 84 86 56 99 63 59 98 76 56 95 98 61 90 84 86 79 92 80 61 54 79 71 70 74 50 62 86 96 84 88 52 62 58 71 91 79 56 70 66 52 88 
95 53 50 76 64 62 99 51 78 87 70 83 52 87 77 53 65 51 86 97 74 55 86 54 85 75 99 72 96 85 53 69 94 80 67 80 79 83 64 62 98 99 76 79 99 53 90 64 93 66 67 76 77 53 55 97 60 66 79 86 87 99 51 57 81 71 56 85 60 89 51 64 90 92 60 74 55 80 90 98 54 73 64 60 71 66 90 80 58 88 83 85 74 55 63 52 80 79 98 80 
63 56 72 88 96 50 63 71 99 81 63 90 69 91 93 79 66 52 68 80 64 73 50 90 92 61 81 80 56 90 64 83 96 58 73 92 68 54 76 66 68 99 62 54 99 88 91 82 62 64 79 63 61 67 90 54 59 71 55 69 74 83 76 76 84 85 99 63 93 79 64 86 88 77 96 97 67 83 62 94 67 92 75 73 54 79 59 89 58 68 52 80 56 69 53 97 70 75 78 69 
98 67 87 57 65 55 97 87 54 84 72 76 72 72 98 55 83 89 66 89 66 51 57 55 96 69 51 60 50 59 53 56 68 87 70 98 84 54 90 68 96 84 73 88 56 85 64 97 53 97 96 89 53 86 56 69 89 57 90 59 54 81 75 77 92 51 84 88 51 59 63 50 97 90 92 52 76 84 83 60 81 95 66 74 95 95 73 86 99 97 98 56 67 96 98 83 77 91 96 65 
75 57 99 74 69 99 55 70 76 74 75 52 57 67 76 85 81 73 94 92 69 71 96 68 85 57 72 66 91 68 52 51 61 84 54 51 65 70 62 65 69 92 78 57 88 90 63 88 94 60 88 60 85 93 73 74 84 95 91 86 70 61 50 91 76 66 98 85 92 94 72 82 96 57 92 67 87 56 55 62 84 63 60 68 81 88 94 64 69 88 60 85 52 72 61 89 50 72 71 59 
73 89 69 84 52 93 65 71 65 76 81 77 67 53 83 62 53 52 61 76 71 89 56 54 54 87 72 54 61 62 75 96 66 55 56 51 86 73 73 80 75 79 50 71 52 57 79 76 72 90 93 80 90 64 92 78 55 62 54 54 82 67 91 64 51 97 63 65 78 69 73 79 68 81 90 69 66 60 78 74 94 54 76 97 57 71 98 79 70 52 96 54 83 94 51 92 97 69 64 90 
92 71 98 55 70 95 56 54 54 84 58 66 51 60 68 81 70 99 72 97 76 54 83 63 76 54 73 60 92 92 56 73 96 66 58 87 69 50 89 98 76 81 64 77 54 53 74 77 99 95 54 63 78 83 70 86 53 72 83 85 98 63 53 56 78 98 87 76 59 65 64 98 73 55 64 53 70 93 82 76 84 60 67 51 84 93 68 72 58 62 73 61 83 92 93 88 59 96 85 80 
98 50 68 69 74 58 88 59 51 53 66 57 71 69 77 56 83 98 65 70 72 96 99 89 73 50 94 87 78 81 59 57 71 92 50 88 56 57 80 84 53 50 79 86 64 95 68 94 91 69 96 52 62 99 70 83 82 76 98 96 92 55 63 82 57 52 57 64 93 73 56 68 75 51 99 58 78 95 82 66 94 96 99 95 92 76 96 69 90 77 56 70 78 89 62 99 86 66 61 99 
57 63 63 51 86 89 79 77 77 79 55 50 79 70 62 56 64 97 53 56 77 81 90 91 89 96 94 78 77 78 62 50 64 96 80 84 81 93 50 78 73 86 87 58 71 57 99 61 93 58 77 66 51 55 68 72 67 61 96 72 75 87 63 59 62 57 89 98 94 62 56 92 60 56 54 83 65 57 94 68 67 66 69 79 61 83 94 99 86 84 81 90 64 86 97 95 64 90 71 62 
84 59 54 99 75 86 59 81 74 68 65 61 95 53 57 72 96 55 73 63 77 82 97 78 88 54 87 99 59 79 79 57 94 56 72 78 50 70 77 89 95 70 93 99 89 89 59 52 92 59 68 88 62 97 61 92 56 86 96 66 58 51 68 51 93 59 67 81 51 97 99 65 59 73 61 97 65 76 64 77 63 97 70 65 78 50 70 85 89 57 72 61 70 66 57 74 64 81 55 76 
58 70 56 92 86 55 75 68 63 79 71 57 95 72 83 61 61 86 72 85 87 54 96 95 64 70 70 76 91 87 88 50 56 67 61 86 58 63 97 68 93 96 91 74 71 70 73 98 78 95 91 94 95 89 81 62 64 68 54 81 97 73 87 56 55 53 71 79 61 69 85 75 64 52 59 77 59 80 96 93 94 84 67 94 60 68 75 60 71 54 98 73 90 94 96 71 60 65 92 70 
58 59 56 55 69 86 91 76 87 69 61 52 97 52 98 52 74 56 87 53 99 53 93 76 97 90 74 72 78 61 69 57 83 51 86 93 71 53 76 53 87 92 71 92 65 54 56 61 82 53 60 72 72 94 59 50 52 63 98 86 65 69 87 87 87 61 78 75 67 59 96 76 69 90 90 74 57 91 64 53 81 89 82 53 99 90 94 57 75 74 53 76 94 98 54 65 58 75 73 80 
60 98 96 59 91 73 53 55 84 56 95 91 74 94 53 56 89 67 80 51 69 66 64 56 93 63 61 83 78 90 53 94 54 93 73 91 53 69 60 94 53 52 52 99 68 79 83 77 99 51 67 63 51 98 70 61 88 97 61 97 53 54 95 83 93 99 52 86 70 74 87 54 67 64 92 69 90 86 64 76 66 99 73 93 83 55 66 59 90 94 99 57 55 79 93 75 88 94 99 52 
56 91 66 76 52 93 85 68 64 91 70 61 55 61 99 81 95 86 82 94 52 75 91 91 67 67 69 63 69 80 59 89 59 53 90 97 78 65 75 98 92 67 88 54 64 59 77 77 95 69 67 52 64 89 62 77 81 70 90 77 68 55 83 85 59 66 93 67 57 95 72 69 70 86 75 59 96 61 81 81 66 89 66 78 55 59 94 77 72 58 69 98 78 67 92 54 56 86 93 50 
90 57 97 68 75 97 84 54 93 62 95 57 99 64 69 71 72 85 52 85 92 88 90 95 79 71 70 64 79 61 51 63 84 50 50 93 79 54 83 81 87 87 74 50 86 87 72 68 91 92 61 71 97 93 72 86 80 70 62 69 64 78 62 58 83 64 64 88 54 92 82 97 51 99 90 94 95 55 60 62 62 64 58 62 52 67 66 96 77 51 63 87 60 82 77 66 66 69 66 60 
91 97 68 87 78 82 88 75 75 99 58 70 84 69 89 59 97 55 83 66 96 82 78 54 57 63 74 83 90 87 89 88 71 98 87 92 56 99 80 60 83 53 92 70 89 87 59 68 82 91 61 71 95 70 54 65 57 57 59 52 75 95 58 76 92 97 94 77 83 51 63 59 66 94 85 98 83 58 98 74 91 92 50 79 58 54 95 54 67 76 72 90 96 90 88 51 94 55 67 62 
64 71 94 76 95 74 78 73 88 79 94 59 99 54 98 60 51 58 73 92 58 66 74 75 58 86 57 86 63 93 66 62 84 79 68 87 75 77 59 56 57 74 95 76 63 69 75 89 65 80 57 66 71 55 63 57 54 81 71 95 65 69 57 92 86 62 77 73 52 98 56 83 82 92 64 66 60 56 81 61 62 71 50 54 73 85 79 96 97 85 86 79 81 57 94 83 57 60 78 67 
56 67 90 60 56 50 74 80 76 84 59 99 74 59 75 77 88 57 93 60 51 78 78 69 80 51 67 60 73 68 59 97 81 68 73 76 53 66 69 81 53 69 73 51 57 59 69 53 54 54 92 65 90 68 79 64 86 93 69 66 91 70 85 79 94 80 55 95 62 83 79 81 69 53 85 71 69 56 54 79 51 68 97 82 82 90 83 91 57 58 64 98 69 94 77 96 85 74 84 84 
72 91 98 72 98 67 70 95 59 78 95 62 78 77 81 81 55 68 53 83 83 54 92 74 98 50 50 76 82 54 63 82 51 99 75 70 97 99 96 83 54 73 97 52 64 76 80 81 81 51 79 58 77 74 63 72 81 65 79 61 83 96 80 68 71 97 74 72 56 76 53 88 92 84 51 52 86 67 87 87 84 59 86 77 64 91 80 72 96 95 73 50 62 59 54 91 68 93 52 74 
52 71 64 84 99 83 88 88 56 56 89 73 81 90 73 81 77 89 67 73 92 93 50 93 99 97 96 73 51 55 63 62 95 76 84 79 61 74 57 80 52 90 79 63 88 59 56 59 51 52 62 86 84 90 77 59 95 92 66 67 57 90 72 77 64 90 87 57 50 67 77 78 91 87 73 93 51 91 64 73 80 67 96 65 67 66 78 76 57 89 55 72 66 53 58 85 92 52 59 88 
80 60 59 88 99 91 90 76 85 96 77 54 75 99 92 80 87 90 97 78 71 79 61 96 70 61 78 92 50 55 67 94 79 98 76 56 58 63 79 78 63 87 64 70 61 72 58 97 70 89 82 52 73 66 95 88 81 66 73 73 72 81 61 99 79 51 96 88 76 58 87 51 57 54 77 57 53 63 98 66 71 92 62 73 53 70 52 73 71 87 74 73 74 54 97 75 79 78 52 94 
53 68 66 59 65 75 97 75 71 60 86 83 62 56 61 70 96 83 70 92 54 52 98 70 81 99 97 59 83 99 96 90 68 93 95 61 78 52 85 87 67 54 94 56 78 91 53 78 99 97 73 96 82 64 59 57 67 86 82 51 65 69 66 81 90 96 61 52 52 87 86 76 55 72 96 66 55 75 88 73 63 84 61 64 81 80 85 86 50 56 80 80 70 50 60 71 52 99 82 59 
63 88 77 98 59 87 75 60 80 68 97 57 73 88 65 77 81 75 82 81 76 79 77 81 96 63 51 67 93 57 93 67 96 63 50 65 65 98 80 89 71 65 77 83 88 66 80 87 91 80 68 81 70 96 94 58 93 65 74 61 82 52 94 76 60 61 61 61 72 52 53 72 81 53 94 93 61 70 51 56 88 95 64 95 60 62 69 78 68 84 78 84 77 54 73 80 79 73 51 76 
99 77 77 51 50 68 72 75 72 97 96 71 53 87 69 84 57 60 51 53 59 79 73 84 55 86 60 94 83 79 55 87 84 64 80 95 62 84 93 80 77 75 91 76 66 75 89 70 83 77 83 96 50 51 97 73 91 78 78 81 98 94 55 90 95 66 65 62 90 79 73 53 54 90 82 90 67 96 86 61 72 83 95 63 79 57 73 66 58 92 53 89 64 72 81 80 56 72 77 82 
76 85 80 67 61 93 59 91 89 73 55 79 81 53 69 94 58 62 63 62 52 56 97 54 71 92 85 83 54 70 76 70 58 76 62 79 91 93 51 67 95 57 52 96 75 92 76 86 55 80 70 72 67 59 63 95 70 90 83 80 60 67 54 83 93 93 70 96 91 79 52 91 56 56 96 62 64 99 72 72 55 73 58 72 80 85 55 72 88 93 50 85 56 88 64 69 59 81 50 61 
95 99 64 82 57 93 59 51 56 70 79 91 56 91 67 95 91 90 96 82 76 82 51 87 56 77 94 75 86 86 81 77 57 77 79 52 89 67 60 91 59 62 99 96 79 74 76 93 55 64 81 97 92 82 97 62 86 93 89 98 58 70 76 84 60 56 54 89 53 55 97 84 95 88 92 65 97 72 71 55 77 72 90 52 82 75 96 62 73 62 70 78 92 53 67 50 82 85 54 99 
78 75 58 85 96 69 50 69 83 53 89 54 61 55 57 95 99 87 64 87 85 73 86 88 59 88 90 95 91 98 65 59 99 87 98 93 60 97 74 82 91 66 79 72 89 89 74 68 72 79 85 74 73 64 63 66 60 59 85 77 58 83 92 72 63 82 62 58 75 58 53 82 74 79 69 99 82 60 64 86 82 94 57 88 55 88 76 66 64 74 84 78 67 74 63 90 82 95 77 57 
99 66 91 66 54 87 94 85 90 80 64 88 83 69 60 96 50 52 77 77 80 71 80 59 50 87 57 65 95 99 66 62 82 84 64 89 90 69 74 95 51 97 72 95 91 77 56 60 77 55 52 62 70 80 54 80 79 52 55 73 66 67 58 61 58 97 60 66 59 95 85 98 65 96 87 67 57 55 50 92 98 61 92 65 80 77 83 70 93 98 81 96 75 99 90 89 90 97 69 53 
55 53 84 75 68 52 89 63 60 54 88 63 99 99 75 54 65 68 57 61 83 57 97 88 72 65 88 77 75 76 90 84 74 52 83 65 55 76 78 58 83 50 94 88 74 90 51 76 83 61 79 87 92 75 97 75 70 77 55 84 60 77 66 62 95 66 50 97 51 98 62 72 96 69 67 78 67 79 70 94 80 82 60 51 79 80 50 77 53 58 65 81 95 96 60 98 55 82 94 65 
92 92 62 96 81 62 94 69 84 52 99 70 56 60 70 85 91 82 58 76 84 69 62 77 89 68 88 51 57 98 64 99 81 58 51 67 91 52 77 71 82 93 67 80 58 98 81 57 78 63 98 82 50 92 54 68 50 75 55 93 89 51 59 56 54 75 65 95 59 68 80 53 61 70 94 93 93 75 50 90 93 65 90 91 81 68 87 97 67 86 93 61 93 56 69 50 78 86 89 88 
69 66 85 69 85 62 54 67 78 92 76 71 75 92 85 94 87 67 53 50 50 87 79 56 54 68 74 71 50 62 56 51 56 62 85 50 63 62 61 57 53 53 86 95 74 76 87 76 54 83 76 68 57 59 50 68 93 94 54 62 72 88 54 52 65 66 97 82 55 63 58 56 94 90 60 89 91 62 87 52 69 61 69 78 88 50 59 96 93 70 50 57 84 55 93 60 88 80 63 57 
91 88 61 71 63 82 95 50 73 97 84 68 69 79 54 60 86 73 63 51 77 67 79 58 83 97 58 86 51 54 66 88 98 87 61 56 96 68 68 55 91 62 85 59 79 88 55 90 53 96 80 69 51 64 64 96 96 85 83 59 84 50 84 94 95 54 99 72 73 73 76 79 93 97 62 94 62 65 74 95 53 62 87 98 77 90 77 78 85 61 71 95 78 74 51 85 83 76 51 61 
59 89 67 52 86 90 57 97 76 89 58 51 76 89 74 52 83 76 79 72 65 61 63 80 91 87 97 56 53 89 86 67 84 57 92 53 86 91 56 82 97 65 61 87 97 81 61 88 62 71 71 72 51 78 74 51 72 59 61 70 73 75 94 81 98 58 95 93 66 55 82 92 90 61 56 62 76 81 54 70 89 78 62 91 70 67 52 79 74 73 55 67 53 56 65 94 72 83 96 57 
90 76 83 94 88 98 97 64 65 97 95 51 58 96 57 99 86 50 72 91 91 86 53 76 67 75 61 71 53 65 58 60 73 67 61 59 87 69 59 64 79 57 63 78 66 75 77 61 98 73 58 68 80 97 86 88 66 68 55 51 92 87 72 91 90 77 59 67 98 60 67 72 91 50 95 81 60 97 64 94 54 80 71 96 50 93 51 93 84 55 87 70 89 89 61 76 92 83 55 78 
80 55 63 85 94 51 53 95 87 65 67 62 55 66 87 81 82 59 75 77 58 53 68 59 52 69 54 65 81 93 95 80 59 90 99 77 82 73 97 74 73 67 69 71 73 69 66 63 99 63 83 80 61 92 76 81 69 51 69 98 77 81 70 73 56 51 81 75 68 65 74 64 68 74 92 94 76 98 77 75 75 67 88 70 92 78 61 64 64 66 99 61 68 87 72 58 89 80 68 67 
97 95 86 68 93 82 91 86 74 79 82 95 99 71 56 98 73 90 83 76 90 61 56 50 68 55 62 92 85 56 63 57 63 86 81 93 86 78 63 61 63 64 55 70 86 68 93 66 98 70 57 68 60 78 52 75 74 86 95 51 69 71 74 93 68 88 67 51 91 57 85 69 64 55 98 81 95 59 59 78 88 58 64 85 56 99 68 95 72 69 53 97 91 96 93 76 74 77 71 52 
57 82 59 50 78 93 97 59 69 81 81 53 76 71 82 50 51 83 71 56 63 53 81 62 66 72 54 72 69 71 51 51 77 79 85 90 70 57 76 61 50 92 88 56 87 93 85 78 69 64 78 61 90 55 81 57 83 96 72 51 82 91 57 72 84 64 78 80 50 71 70 65 57 90 84 69 81 69 78 87 65 53 95 51 56 54 95 78 75 63 73 68 82 91 81 93 62 53 77 99 
95 61 69 82 93 58 83 54 95 50 78 58 54 82 65 69 86 61 98 62 63 88 68 57 61 63 50 56 74 50 79 91 72 65 93 63 58 85 82 64 86 71 97 84 69 80 88 68 97 74 67 71 74 74 99 61 85 65 80 76 67 72 85 63 89 65 92 91 59 81 53 50 95 95 83 58 54 88 61 56 71 61 74 74 52 84 76 81 92 62 95 94 59 97 81 61 58 64 99 57 
95 80 96 96 50 92 82 71 88 88 94 70 55 81 51 63 74 77 99 84 88 87 61 51 62 62 68 74 81 50 62 62 97 76 52 95 68 93 99 50 77 61 80 90 66 83 88 77 90 91 66 62 89 81 78 50 83 58 93 68 64 62 92 76 65 96 57 75 66 89 89 97 89 53 95 59 73 79 53 69 60 75 78 86 59 82 76 55 72 93 64 92 53 66 72 76 77 83 74 77 
81 56 64 81 97 93 68 96 90 95 67 82 96 83 86 94 76 67 88 91 87 52 80 67 70 58 81 67 53 60 73 65 59 66 56 52 98 99 75 60 91 84 93 58 85 70 99 65 68 96 93 60 72 98 85 90 70 57 50 98 99 96 97 78 86 54 52 94 55 56 79 91 86 70 57 97 93 52 82 97 71 61 56 67 75 64 74 68 96 69 86 88 75 99 91 67 57 71 93 74 
84 83 82 75 84 95 94 96 98 76 75 91 73 78 68 77 88 84 51 69 83 70 70 73 83 76 98 56 77 85 70 62 73 55 94 66 68 68 73 52 61 97 79 85 67 56 60 88 50 65 90 70 98 54 86 92 72 68 91 89 63 74 85 76 74 69 62 99 73 75 85 89 76 81 62 69 69 68 77 63 57 70 88 88 73 57 79 58 58 67 72 96 65 94 89 99 52 72 83 51 
52 57 80 63 94 90 56 82 97 61 71 87 76 72 98 68 65 89 79 82 77 62 92 82 72 94 71 90 60 69 82 81 61 55 81 56 84 99 85 90 57 62 93 84 69 91 81 99 76 89 99 66 87 51 73 58 99 62 87 83 50 80 89 91 79 55 60 88 98 72 73 93 56 61 88 55 92 60 77 70 88 89 76 77 78 57 91 63 64 76 86 72 63 87 85 73 70 93 70 74 
82 97 90 52 53 73 60 95 63 72 75 70 78 80 67 85 97 92 61 69 97 53 56 93 85 55 88 84 56 50 96 75 78 78 50 67 93 79 58 68 87 88 96 91 59 85 95 60 54 75 66 69 75 84 52 57 64 52 84 70 66 68 69 90 61 92 55 72 74 85 91 98 66 58 76 76 54 73 74 99 98 50 63 56 94 58 89 95 75 63 60 55 90 59 90 58 93 86 77 99 
59 89 70 54 71 97 88 74 98 65 59 77 71 94 81 89 78 65 85 90 69 72 55 67 81 80 54 73 87 56 52 51 67 96 79 96 84 66 77 85 85 78 60 78 65 59 97 93 77 53 84 55 50 66 96 83 76 57 87 86 50 79 85 52 66 59 57 74 53 61 84 95 82 72 90 51 61 82 83 90 78 92 99 55 93 56 93 91 55 52 51 73 80 50 75 82 96 53 85 84 
63 95 57 99 59 98 78 79 69 75 93 79 66 77 86 53 83 73 63 50 87 82 92 51 98 73 54 50 95 74 53 65 74 57 86 54 86 83 91 65 81 71 81 56 99 52 97 76 67 76 63 82 67 83 88 52 73 93 59 60 98 67 50 80 68 56 97 77 52 98 86 89 71 77 54 54 68 78 86 73 81 57 80 82 55 82 74 82 69 89 62 63 56 89 91 61 61 79 53 57 
72 57 76 73 69 71 57 71 84 99 61 70 58 55 99 91 82 73 91 70 53 98 75 96 95 64 64 65 95 79 90 63 95 88 94 92 58 88 59 59 50 55 66 99 65 58 78 53 62 93 58 77 89 69 87 57 71 86 98 86 87 54 71 88 85 86 80 81 88 62 74 94 85 88 64 56 52 60 61 88 87 98 88 56 90 72 70 96 86 51 78 58 78 90 94 77 77 65 57 86 
96 89 59 96 82 77 76 91 90 90 81 58 95 91 98 86 99 93 97 52 53 64 60 78 84 88 83 91 94 87 67 85 93 80 78 84 78 58 74 84 88 92 62 67 99 52 79 68 80 87 95 78 83 74 94 86 87 77 84 62 69 96 96 76 65 74 84 94 89 81 68 70 81 85 68 99 68 97 71 71 67 57 93 67 67 87 53 87 58 62 55 64 89 54 65 95 83 57 55 66 
80 52 92 77 97 77 51 66 56 99 94 97 95 77 53 95 71 62 54 50 51 71 93 95 71 99 90 59 56 52 74 80 85 70 72 71 74 88 63 66 81 79 63 59 93 94 96 89 74 67 59 91 72 86 69 59 64 88 58 54 74 60 98 55 60 76 85 54 51 97 69 75 70 82 68 54 66 57 61 86 99 66 80 86 83 97 71 57 96 61 70 87 76 60 54 70 64 72 80 85 
75 93 84 71 50 52 83 92 99 60 71 56 57 95 73 62 78 96 52 67 73 94 67 56 53 99 66 81 61 60 68 96 65 92 93 97 91 66 98 72 66 56 95 78 72 96 74 69 65 51 96 78 96 87 52 81 50 83 73 75 82 75 78 77 67 55 98 84 53 97 62 84 73 73 84 68 69 64 63 80 95 59 69 90 91 88 50 70 99 54 52 76 66 82 74 93 54 62 85 55 
91 80 74 69 91 79 51 58 54 83 74 87 71 61 88 92 66 77 53 99 97 56 82 53 76 98 66 83 65 65 98 82 98 90 67 73 50 94 58 82 94 99 97 77 50 76 53 92 92 68 92 59 55 97 98 90 92 92 80 51 60 89 92 83 65 64 83 96 70 89 60 69 70 80 58 74 90 95 70 63 55 65 72 85 54 69 84 53 98 51 72 83 85 70 90 95 54 62 70 60 
71 83 87 63 50 83 52 75 90 85 95 71 64 89 77 56 92 71 60 66 79 73 84 87 96 92 80 53 75 78 55 66 59 86 53 74 92 81 92 60 62 70 86 64 77 92 81 71 58 79 58 77 67 85 51 52 51 59 58 89 51 97 78 82 88 64 78 86 74 95 54 51 89 57 62 95 56 78 73 55 50 52 75 63 99 79 93 71 78 90 83 90 72 81 78 81 70 65 88 95 
87 61 97 66 90 85 75 92 65 65 59 61 92 89 79 67 61 52 91 56 88 71 69 78 72 52 59 54 58 80 58 63 81 56 53 59 99 91 56 89 65 75 78 80 57 95 50 93 55 56 85 56 67 54 51 65 79 61 57 72 53 80 65 86 87 66 72 70 70 56 75 79 90 53 80 75 98 86 68 75 69 79 68 72 84 59 74 95 76 55 71 94 53 58 63 81 81 79 98 80 
78 75 52 66 64 77 60 76 78 88 69 50 72 53 98 63 73 95 98 92 85 93 58 81 56 77 88 92 98 89 72 83 69 83 87 98 89 58 90 92 90 99 89 52 57 82 89 66 84 61 99 59 82 82 51 92 64 86 75 64 78 53 50 65 90 55 90 90 64 67 85 67 65 66 98 96 94 95 78 65 77 59 59 74 60 50 51 60 78 91 74 99 81 72 81 74 82 74 75 95 
66 95 71 53 71 90 52 59 59 95 97 94 74 72 93 68 52 62 89 86 69 61 59 94 62 86 63 71 71 74 74 53 57 56 58 78 68 81 91 86 70 57 65 97 59 83 69 72 61 92 61 67 65 89 66 56 90 69 72 96 72 63 66 86 96 99 67 64 92 54 81 96 89 66 66 99 78 53 60 70 87 92 76 80 99 74 74 52 83 82 67 77 69 89 53 91 71 69 97 71 
91 60 65 89 74 92 79 76 73 74 69 54 94 94 54 66 50 65 75 65 83 81 66 81 96 59 60 95 59 55 98 64 95 54 71 68 70 79 85 51 84 56 88 63 76 97 92 51 87 71 85 54 53 50 62 96 61 63 80 62 95 52 72 92 97 82 75 79 84 92 79 78 63 88 60 87 69 83 74 91 50 63 98 61 68 81 91 92 50 66 70 94 56 70 88 93 79 54 86 97 
83 68 70 87 78 95 89 92 67 58 72 91 79 60 82 81 70 63 50 67 95 90 77 51 97 81 93 54 86 85 73 78 85 52 80 85 70 76 96 51 67 78 82 65 89 70 97 96 84 98 64 73 76 75 81 60 82 64 80 76 81 67 98 53 87 72 80 64 75 77 62 99 90 69 64 77 76 71 79 99 94 74 85 63 64 86 53 66 72 55 65 81 81 62 61 75 97 82 81 91 
80 67 66 55 72 91 63 80 87 51 82 68 79 70 68 73 73 91 96 72 72 66 51 55 64 90 71 81 70 86 70 59 88 76 75 58 66 99 97 61 71 60 98 54 54 88 53 91 82 82 66 55 51 71 76 72 55 86 86 86 73 54 93 82 99 63 97 95 65 92 86 51 85 86 57 69 67 55 86 86 79 67 77 98 60 99 64 94 92 58 50 88 53 54 81 76 55 78 61 55 
89 69 73 58 62 61 94 68 63 91 60 85 65 64 85 89 86 57 64 63 88 87 58 64 67 55 79 66 82 88 87 75 85 74 81 89 91 58 69 71 77 51 57 57 52 91 65 91 59 80 82 88 74 71 67 97 68 89 81 83 52 97 93 57 82 61 57 86 84 90 69 63 73 95 66 84 56 89 78 85 51 81 54 92 54 64 87 69 97 52 66 72 75 55 57 58 82 80 53 95 
59 61 97 96 51 81 62 77 51 58 85 84 87 52 75 78 82 87 54 72 59 76 90 95 57 79 79 83 65 98 88 65 88 77 52 94 58 53 71 73 52 83 60 88 68 50 56 57 98 80 68 67 50 61 50 63 70 85 67 98 80 88 86 63 69 80 58 50 66 96 93 90 84 89 95 53 94 63 68 71 82 71 55 67 90 50 51 77 57 96 94 70 73 71 87 57 70 58 66 75 
89 84 93 98 95 92 62 79 68 66 91 90 51 98 59 87 57 64 68 98 75 84 97 99 70 69 54 99 60 67 56 67 79 54 89 64 72 86 85 68 62 75 78 83 67 66 73 85 53 59 98 94 76 54 74 79 90 95 85 86 69 73 94 93 56 60 86 82 84 96 81 71 99 62 92 59 97 94 52 75 62 90 55 74 86 72 58 84 71 63 53 84 77 65 58 89 55 84 56 77 
79 94 89 55 53 69 69 62 94 59 51 72 60 91 58 70 66 64 71 99 57 72 83 54 65 87 53 92 62 97 72 68 64 77 96 80 50 66 53 99 63 64 96 84 75 53 98 73 75 55 50 95 73 61 90 59 62 96 95 58 70 88 77 62 59 81 90 55 82 97 80 83 95 77 70 66 72 89 79 94 68 92 66 91 61 97 93 94 80 90 88 63 63 79 97 57 92 91 63 72 
67 70 50 51 94 87 73 59 66 92 51 89 76 68 87 57 55 68 96 98 71 96 50 68 95 80 69 96 59 57 61 93 57 96 82 80 79 50 94 92 64 75 60 76 73 87 59 99 52 63 50 60 78 92 78 80 77 51 53 71 58 65 91 83 71 64 55 56 68 88 90 66 94 53 52 61 77 66 87 54 51 67 75 68 58 97 93 58 92 77 90 71 54 59 79 93 96 59 75 96 
59 86 79 78 68 81 61 78 90 50 95 55 87 67 54 88 62 94 82 79 92 54 81 74 77 87 58 54 99 51 76 82 74 78 92 74 79 53 78 66 91 82 62 89 82 82 50 85 96 52 77 76 99 57 74 76 89 66 67 50 97 67 91 82 93 80 70 91 97 52 81 62 98 80 96 96 69 76 72 76 96 70 64 60 50 52 93 79 76 93 57 58 89 59 92 98 85 55 98 88 
60 88 82 84 92 55 89 64 97 97 95 92 78 98 74 58 67 83 56 97 84 90 78 69 94 94 85 72 91 93 89 65 84 89 51 76 90 60 82 86 64 51 97 67 83 71 88 99 55 61 89 78 52 55 70 52 66 65 54 73 68 75 85 96 90 50 94 55 60 94 62 65 57 88 94 68 53 70 83 76 64 50 76 94 80 51 76 91 62 63 85 89 92 72 54 94 59 50 73 93 
54 66 58 51 56 57 98 61 54 91 53 66 92 74 79 79 79 72 65 66 50 93 88 77 80 65 94 81 93 95 82 96 60 71 66 57 86 52 87 87 50 65 60 83 54 78 56 81 67 71 96 76 51 64 65 98 65 93 55 91 97 60 82 70 83 88 82 69 72 55 61 73 83 81 68 86 83 96 52 50 83 67 53 50 78 68 66 50 60 97 95 68 83 66 50 52 94 82 97 71 
69 93 82 50 90 71 91 93 67 85 57 88 62 72 84 91 79 65 54 70 69 69 77 59 67 92 84 70 55 88 51 52 68 68 55 98 78 97 59 92 96 76 86 72 95 83 88 60 88 51 88 73 78 84 81 75 80 65 80 64 87 66 74 95 58 59 84 52 50 97 58 82 85 68 82 99 86 97 97 99 86 61 84 61 93 58 89 62 93 54 56 94 78 56 92 70 76 92 97 78 
60 89 90 55 80 52 56 75 54 95 78 69 55 74 81 76 62 84 77 59 87 50 93 86 89 57 88 61 70 76 58 80 94 54 50 73 74 70 61 93 64 71 72 64 98 69 96 69 73 75 63 53 69 75 54 84 93 91 96 95 64 76 95 85 64 58 82 50 76 62 99 59 55 66 88 70 54 69 82 65 77 72 75 87 85 73 94 60 77 53 70 63 68 50 92 93 89 59 78 96 
60 83 86 60 76 85 86 60 92 56 66 72 65 71 91 63 69 63 67 93 53 70 75 67 82 79 96 63 58 93 90 88 92 84 66 97 55 65 99 91 58 79 55 69 68 61 89 55 91 93 71 90 99 87 51 92 74 58 81 54 76 51 59 77 59 74 66 56 89 56 58 51 77 98 76 87 60 63 99 81 65 79 78 84 68 53 97 58 51 81 61 54 88 92 77 57 97 61 89 99 
67 64 77 63 71 86 94 74 84 76 55 89 72 84 75 57 94 62 63 76 76 68 58 52 50 67 54 53 71 59 85 91 66 89 86 91 56 57 64 93 53 68 53 75 97 80 60 94 98 66 88 55 66 85 90 71 86 78 93 92 64 74 66 56 77 94 50 71 93 68 77 55 91 64 66 94 69 88 55 67 61 60 75 54 84 58 58 58 74 90 56 90 72 68 66 74 82 98 51 85 
86 97 98 70 51 73 65 78 90 54 53 57 95 85 75 59 89 78 90 59 53 81 54 55 70 63 65 61 93 65 97 67 81 67 68 79 56 65 86 61 91 86 63 60 58 93 52 76 61 90 81 74 80 84 85 64 63 58 53 85 50 88 86 99 86 95 96 61 74 70 57 97 63 81 67 70 73 70 81 56 86 65 95 70 61 59 58 88 95 81 96 57 79 61 83 84 60 58 62 90 
54 93 97 58 98 71 60 79 76 92 72 83 50 70 73 88 53 62 79 69 79 84 54 92 69 69 68 67 68 64 55 82 99 61 67 56 80 92 50 98 50 99 52 52 56 93 93 71 73 55 66 95 65 67 88 78 91 64 51 91 75 60 74 51 56 91 94 89 97 78 73 85 71 96 64 67 97 60 85 73 96 67 61 97 84 79 54 56 50 86 67 86 80 90 57 54 95 90 53 84 
98 63 63 76 63 64 54 78 50 80 74 56 81 68 87 86 60 86 66 73 51 71 71 58 71 86 97 72 52 54 61 79 91 74 79 53 74 61 84 76 50 66 64 85 75 91 62 80 78 75 55 82 87 75 83 81 50 85 50 59 74 57 83 99 60 85 76 85 51 56 58 50 87 62 59 71 79 92 99 79 71 58 65 80 53 77 59 92 59 97 99 91 61 52 92 86 70 97 97 92 
65 71 76 84 99 58 68 92 98 56 90 87 65 84 58 93 58 76 91 61 89 90 58 79 89 51 91 71 73 52 74 74 93 90 64 89 78 81 68 90 94 97 88 67 50 82 91 84 74 76 80 91 93 58 57 97 82 63 60 51 62 94 54 65 61 96 94 78 93 53 60 50 74 85 74 74 54 78 85 75 98 77 70 62 65 57 53 80 58 84 76 56 99 97 84 63 59 95 71 50 
62 54 65 86 97 59 92 54 60 87 52 70 63 73 86 58 52 88 57 77 61 80 87 99 73 71 90 97 73 84 68 56 84 97 71 86 62 97 79 83 72 93 94 74 96 87 92 70 87 93 77 90 96 74 69 68 57 61 58 77 66 82 63 93 91 57 50 64 65 79 89 66 69 80 74 88 54 76 91 61 67 60 61 68 98 76 93 98 89 78 90 98 62 96 63 77 64 56 87 87 
57 94 91 87 88 96 86 52 98 78 56 72 71 72 82 96 65 50 69 57 73 84 94 97 93 63 86 81 63 64 96 50 68 56 64 93 73 57 70 81 52 54 59 56 77 76 58 80 78 66 80 68 67 68 94 80 50 66 56 70 98 90 91 80 74 58 63 62 56 56 74 64 96 78 62 60 79 55 50 59 51 52 66 51 73 84 62 55 78 84 67 75 53 80 77 54 96 76 79 55 
52 60 99 50 86 59 99 52 75 55 84 80 93 78 96 57 86 94 66 70 61 97 63 83 95 77 72 68 99 82 79 79 61 74 92 75 86 97 91 76 53 84 73 98 68 71 86 67 64 53 71 50 69 66 97 51 94 69 78 73 87 66 91 92 72 73 91 68 78 88 78 98 64 56 97 88 98 94 58 69 93 87 63 78 81 80 77 56 85 70 77 70 89 53 83 75 88 95 84 52 
96 90 76 67 78 99 97 99 96 94 81 60 55 76 60 92 86 91 81 86 97 54 79 54 53 94 54 65 65 77 54 55 50 92 60 62 62 83 66 68 68 71 96 50 52 62 63 50 56 73 80 99 74 53 87 76 92 54 52 67 78 86 67 79 91 89 66 93 92 68 97 94 97 60 70 94 93 71 96 53 58 87 56 79 79 61 78 65 65 76 81 81 80 76 87 81 51 64 52 51 
73 51 91 89 78 62 52 87 63 62 56 64 84 56 83 82 71 82 85 77 71 84 73 93 58 64 53 84 84 61 64 57 81 51 80 64 84 96 50 73 62 70 55 98 96 92 88 54 81 96 71 92 57 93 79 72 66 80 54 85 93 89 90 57 94 76 63 68 80 76 61 65 97 92 67 55 60 81 56 78 92 66 53 64 65 92 80 59 67 78 81 78 55 82 66 75 63 81 52 62 
50 62 91 96 80 50 65 94 76 51 77 79 58 80 70 87 55 58 68 68 61 57 58 58 89 51 63 89 60 84 58 52 66 93 62 51 98 57 60 87 89 72 69 86 76 71 75 57 61 85 70 94 83 51 75 98 84 53 70 67 67 66 61 66 54 51 60 60 73 67 93 86 98 74 80 83 69 83 67 88 70 76 96 98 81 90 61 74 91 78 54 95 78 94 94 51 92 72 79 69 
78 60 74 98 84 93 75 65 70 68 91 67 92 66 75 85 89 97 97 93 81 83 69 70 59 93 67 98 73 62 92 92 96 84 85 74 86 86 54 53 54 83 80 51 75 78 63 86 65 55 96 93 60 87 87 84 56 86 51 87 59 78 97 72 83 57 96 72 91 53 56 82 98 75 54 55 73 85 53 83 70 94 70 74 51 90 97 60 72 59 63 52 70 79 94 57 57 80 62 75 
90 66 78 88 82 72 55 95 78 72 80 75 73 66 69 89 51 71 89 83 78 90 57 78 74 70 59 90 80 57 91 92 66 81 55 57 80 96 93 53 86 51 64 96 70 82 58 78 56 83 92 50 58 81 57 57 62 62 75 57 73 78 74 68 52 68 55 55 52 68 97 81 65 63 69 79 84 89 69 63 95 94 58 68 99 71 96 87 64 52 79 71 91 92 52 76 91 90 68 63 
77 98 57 84 55 91 91 64 69 76 52 87 55 52 72 59 67 80 57 70 87 89 61 97 91 72 50 85 81 61 89 81 84 90 72 74 70 76 64 58 82 52 84 66 65 83 88 70 73 84 53 67 65 71 87 77 88 84 78 74 99 85 71 87 90 89 76 96 95 51 79 70 74 72 84 93 92 92 55 54 63 78 92 85 89 91 73 88 92 56 57 56 73 64 53 58 74 75 95 70 
77 55 61 62 99 58 89 70 55 93 50 66 77 68 69 67 66 79 60 89 90 87 74 65 86 91 53 91 66 68 84 61 99 95 64 59 79 85 77 57 92 85 84 65 58 68 65 92 81 82 74 66 72 51 62 93 96 73 73 53 68 89 93 78 79 50 79 68 67 90 83 52 83 98 69 84 93 76 89 58 61 62 50 93 97 80 56 65 82 57 75 69 85 98 56 69 95 95 63 84 
99 66 81 87 99 62 50 84 74 86 89 84 57 67 54 87 78 76 88 50 57 90 52 64 86 97 82 62 90 63 80 75 58 65 86 62 85 84 58 57 84 95 87 87 61 93 82 70 91 94 51 85 66 57 80 56 82 69 66 53 77 73 67 86 50 62 77 93 63 84 73 53 66 74 54 51 65 63 72 89 68 95 93 72 69 55 74 70 90 59 53 60 69 78 61 85 91 72 81 73 
88 68 84 56 52 94 93 78 86 94 80 70 87 98 72 66 73 99 66 56 85 96 68 67 86 74 71 55 79 78 95 82 96 57 86 78 55 69 68 54 59 62 81 79 82 85 94 87 99 52 98 54 60 76 52 88 53 61 52 56 85 62 81 66 70 68 60 80 91 64 93 88 69 86 67 82 86 86 72 89 52 77 61 60 59 78 79 60 57 82 70 84 67 52 96 52 69 84 70 91 
79 96 83 71 63 50 65 78 74 50 96 87 56 87 69 91 59 76 99 64 80 67 99 64 63 57 92 61 84 81 69 52 83 69 81 63 70 68 72 76 87 94 70 79 64 85 57 74 84 78 88 68 74 77 79 63 81 79 71 99 60 57 69 78 53 70 74 50 73 76 72 70 94 88 76 97 81 69 98 71 89 70 58 66 77 75 57 95 55 54 53 57 68 86 51 70 51 55 80 99 
99 69 65 99 55 78 69 94 77 79 58 82 68 84 91 85 64 65 83 68 53 63 53 79 50 83 64 99 99 72 55 63 83 65 55 96 71 74 87 73 65 56 92 72 58 52 97 91 70 78 98 59 75 62 61 67 87 97 61 62 94 58 86 90 91 60 54 68 79 75 65 79 77 63 56 61 51 71 87 71 77 85 84 90 64 53 72 54 85 68 81 68 97 74 65 98 63 76 88 77 
61 72 60 61 93 74 68 92 88 92 66 76 66 94 88 97 79 64 98 72 78 75 79 82 88 62 86 83 66 54 67 90 50 54 78 96 64 67 58 54 52 99 76 82 69 91 65 91 95 86 58 64 60 74 77 69 91 90 52 91 89 88 81 53 81 86 66 80 59 87 72 53 84 95 85 69 94 55 58 53 88 97 76 50 61 89 54 54 63 86 93 59 98 76 97 55 50 76 73 65 
72 73 70 78 56 78 70 72 53 51 54 70 88 69 69 66 51 66 56 73 88 87 53 81 78 97 73 62 94 58 50 65 67 64 69 55 83 76 98 93 52 51 65 74 97 64 60 65 70 89 72 50 69 52 70 92 56 62 57 51 92 66 93 83 51 98 94 80 65 93 75 59 66 88 57 82 65 74 69 56 75 91 62 60 52 56 85 92 60 88 71 84 74 58 91 90 97 79 63 55 
61 58 99 55 71 90 91 73 83 53 82 97 75 88 79 97 98 72 96 53 59 91 83 68 52 70 81 99 54 84 86 71 56 93 71 95 51 66 59 61 56 76 57 70 74 78 76 92 55 80 59 95 65 77 73 93 67 52 84 91 58 72 51 73 55 78 75 88 86 90 52 50 68 99 89 87 89 73 72 51 79 89 92 60 75 77 58 72 97 57 77 80 68 87 56 73 55 63 71 96 
91 89 72 72 98 97 88 82 67 78 63 51 99 98 54 56 80 58 97 97 71 93 87 55 75 89 64 76 90 83 79 85 82 76 56 56 62 50 88 61 77 82 58 83 61 86 69 60 63 69 85 68 51 63 58 91 56 59 56 50 74 58 66 69 56 87 80 94 67 61 58 75 74 70 87 56 54 72 84 86 88 88 62 68 95 62 79 66 73 86 70 52 86 71 55 66 88 72 62 78 
94 63 88 76 54 65 54 64 86 57 75 97 94 63 90 54 87 71 96 92 90 69 62 53 81 69 55 57 96 94 52 73 99 81 68 75 68 56 63 67 72 74 50 94 50 86 62 65 54 79 69 58 86 70 57 53 70 52 62 61 60 70 88 67 51 78 96 76 93 51 82 95 86 70 98 81 91 54 83 68 81 92 96 50 67 88 97 60 52 66 64 70 87 89 87 90 60 57 75 63 
89 59 73 54 60 77 51 93 75 70 92 81 74 57 58 67 87 76 70 58 82 87 55 57 69 72 78 83 62 93 96 67 71 78 84 94 85 78 64 82 99 77 64 71 94 55 50 84 74 96 60 53 74 83 52 55 89 85 56 84 67 87 62 94 55 57 56 68 95 98 58 86 79 70 50 98 57 67 64 52 70 88 96 97 69 80 88 88 98 73 59 90 72 84 95 69 52 61 69 86 
54 95 79 73 75 53 80 91 84 58 66 57 78 71 89 71 69 52 72 65 94 85 72 78 64 87 98 69 58 95 68 71 93 61 75 96 84 68 58 84 65 64 51 78 51 69 98 76 58 97 57 91 67 77 64 72 79 66 62 54 74 63 89 53 68 76 73 81 95 70 66 98 81 57 55 97 74 60 70 88 54 72 74 92 57 68 73 68 88 98 73 84 69 83 80 75 53 71 98 76 
53 53 80 73 94 71 85 77 74 99 51 68 82 59 75 73 80 81 78 89 65 66 80 92 70 74 94 63 62 55 87 71 69 84 96 99 74 86 81 77 82 52 84 89 88 84 72 62 87 89 96 85 98 89 66 66 67 63 55 92 65 83 63 73 87 56 89 79 97 64 96 74 61 51 90 74 53 72 56 79 67 70 67 92 78 53 91 95 73 80 91 58 55 66 52 63 90 94 56 99 
98 78 92 52 96 58 80 90 62 81 69 95 78 86 67 54 76 50 79 91 50 95 71 89 91 55 96 53 50 61 63 74 99 79 98 61 81 55 86 84 56 73 50 51 70 82 52 67 89 57 96 73 91 68 94 89 53 66 73 61 60 75 61 94 88 80 53 76 78 93 97 92 56 76 54 60 65 95 62 66 98 86 61 54 71 88 82 77 80 87 53 76 92 81 82 84 77 53 72 75 

