2
100

159 164 
170 164 
132 169 
141 134 
171 146 
162 167 
141 163 
153 132 
163 130 
155 125 
163 154 
161 164 
132 164 
146 129 
163 130 
140 125 
135 133 
141 129 
146 139 
149 169 
159 158 
132 139 
142 144 
139 157 
142 143 
156 156 
139 138 
134 165 
146 138 
134 148 
160 146 
126 133 
137 129 
152 154 
148 134 
153 141 
158 150 
152 167 
163 158 
167 136 
142 160 
141 132 
164 149 
141 165 
131 147 
151 127 
125 135 
143 129 
137 163 
172 126 
170 159 
131 135 
133 156 
171 151 
148 172 
161 150 
127 162 
159 163 
125 137 
133 133 
126 162 
158 128 
149 129 
154 144 
151 138 
150 172 
167 158 
150 163 
167 128 
145 164 
137 146 
136 147 
168 126 
166 149 
153 150 
128 156 
134 171 
171 133 
130 126 
162 141 
166 147 
136 141 
162 171 
138 167 
139 150 
142 134 
125 150 
144 146 
161 174 
165 127 
158 127 
161 164 
149 146 
146 136 
166 129 
151 137 
153 132 
157 141 
162 133 
170 163 

61 83 87 60 66 69 94 62 76 55 62 70 59 83 77 77 65 91 52 70 85 56 86 84 56 89 75 96 69 73 88 71 66 93 65 68 77 96 99 70 74 58 80 69 81 85 91 94 85 73 73 52 99 95 98 96 84 64 98 92 87 78 72 94 76 81 59 56 94 93 72 73 75 73 76 75 80 86 68 76 77 59 73 84 82 95 84 62 65 72 55 51 97 80 72 62 66 93 64 65 
90 70 61 78 98 90 69 55 58 96 58 81 89 67 80 91 99 92 69 83 70 59 56 98 79 62 62 89 93 89 87 89 50 66 50 65 58 96 79 89 59 86 96 94 54 84 98 87 82 66 73 80 89 57 61 70 67 76 70 63 99 64 71 90 77 84 78 51 91 50 65 56 62 77 76 63 78 96 61 68 74 67 98 94 90 77 95 90 68 66 74 64 71 71 75 79 87 54 83 79 
91 74 51 76 90 68 88 58 50 62 67 51 50 74 66 82 64 63 98 97 75 67 84 95 62 96 63 78 78 81 51 57 73 97 65 91 56 84 95 78 98 57 99 78 70 89 52 61 91 67 94 55 98 89 79 57 70 66 57 69 52 62 94 76 60 87 98 55 74 76 91 57 54 88 67 72 70 79 90 72 74 97 66 78 54 86 86 79 99 72 54 50 66 67 81 80 87 96 50 64 
84 52 99 79 86 74 59 77 86 78 96 57 86 79 99 86 81 88 76 55 93 70 82 58 52 53 68 74 69 82 80 53 58 99 76 56 97 58 63 53 61 62 87 87 63 62 51 93 50 99 99 76 99 86 60 83 74 56 78 99 78 80 95 54 52 87 74 92 78 73 73 54 62 52 78 72 57 63 53 85 98 78 87 73 89 90 56 54 69 66 60 50 71 73 75 67 52 64 58 79 
81 87 95 97 67 85 88 75 59 68 60 59 70 51 89 63 96 97 64 51 89 99 66 61 88 81 79 94 94 74 92 93 76 99 57 80 80 82 95 66 57 51 71 68 70 70 96 51 98 76 57 92 94 79 72 99 65 65 53 90 77 78 72 96 67 54 93 55 51 59 57 54 97 99 92 64 68 56 95 84 70 64 87 87 58 73 79 73 88 53 80 97 66 87 92 84 51 65 80 53 
91 67 58 59 55 77 72 76 72 91 68 78 55 55 66 95 59 74 93 74 58 64 75 59 76 53 91 69 50 96 81 90 97 75 63 79 88 67 63 51 86 54 76 82 66 69 52 50 56 98 82 71 79 76 73 69 67 79 87 79 64 62 85 90 90 74 87 99 75 71 77 65 59 94 64 54 71 82 98 64 51 78 92 55 80 93 98 98 60 50 61 89 74 97 82 73 67 66 82 92 
78 86 63 53 74 57 62 52 57 66 61 83 71 95 61 57 75 97 83 94 90 84 76 85 59 68 66 61 71 89 76 74 58 58 95 70 83 60 97 64 55 99 58 71 82 85 74 88 99 82 57 95 70 75 69 68 77 96 97 93 83 65 79 57 55 65 70 94 95 86 52 78 61 71 64 60 83 62 99 94 54 61 73 72 53 67 52 50 71 55 88 91 76 80 90 79 86 66 70 53 
83 87 74 53 96 59 87 92 89 81 78 57 82 81 83 55 53 99 85 58 96 53 75 68 77 61 81 75 65 68 61 71 76 53 50 76 93 65 55 54 88 52 94 93 50 54 67 70 50 58 54 89 97 98 93 85 70 66 92 88 57 90 71 63 51 80 68 54 70 63 95 63 52 53 70 85 56 86 85 54 98 70 63 95 69 57 83 95 66 74 75 73 69 87 67 75 59 93 89 79 
72 69 68 64 84 80 91 83 53 83 59 59 72 99 75 50 67 55 95 88 70 63 97 70 62 90 96 79 57 89 75 64 67 76 83 95 51 51 84 58 94 89 73 81 50 93 97 56 66 53 83 66 74 87 97 82 58 68 79 69 58 92 83 64 83 92 73 55 60 50 85 87 97 83 92 50 54 98 72 57 98 74 55 90 85 65 77 62 75 89 89 95 57 51 80 55 86 54 61 66 
64 60 93 72 57 75 80 73 69 61 78 96 65 52 95 54 53 95 78 97 73 98 98 72 58 89 81 66 56 72 75 80 70 54 71 83 94 59 99 62 67 54 92 98 67 79 50 93 83 68 80 62 55 66 60 90 89 92 56 81 81 82 88 89 91 67 60 66 96 83 51 65 97 71 83 84 69 56 73 64 65 55 84 96 78 69 97 80 80 87 85 92 72 68 74 69 55 63 53 73 
78 75 82 51 94 88 97 80 85 55 91 65 69 98 67 58 78 91 82 78 65 58 63 79 55 87 53 70 61 75 69 96 64 95 94 60 87 62 54 97 95 98 99 78 53 67 52 71 56 86 60 54 71 61 93 86 65 55 62 69 50 93 53 66 97 73 90 85 92 51 73 53 84 83 87 56 71 79 85 91 60 94 72 85 87 97 77 58 70 57 67 62 69 77 79 60 60 53 67 53 
94 68 61 87 72 55 99 75 65 65 57 58 81 61 59 90 72 93 87 96 52 81 76 57 92 97 77 74 62 87 72 87 91 59 68 52 92 84 86 90 78 77 84 85 92 74 70 73 89 54 76 66 96 66 55 55 60 75 91 89 91 81 72 59 68 93 56 83 91 76 62 70 58 51 99 65 87 50 93 58 56 59 64 68 87 53 96 62 60 82 93 86 60 59 55 68 77 98 57 82 
93 81 56 93 53 91 52 67 78 77 85 64 85 75 72 58 54 86 59 60 53 75 94 64 73 70 58 70 85 68 67 69 70 76 76 66 53 82 78 78 77 70 51 76 67 99 59 96 70 76 76 77 56 74 60 85 94 94 87 58 60 67 91 80 82 79 81 54 79 91 53 98 84 70 97 65 65 51 85 81 56 60 66 68 95 98 68 61 62 63 98 59 60 52 57 83 75 71 58 74 
66 91 92 61 52 61 68 66 61 76 73 65 50 73 76 55 62 63 93 66 51 75 80 62 85 89 50 68 52 55 62 96 55 86 59 99 99 94 76 56 84 82 92 52 82 76 77 93 94 81 68 69 87 91 90 61 91 58 93 95 98 90 77 82 87 62 99 68 55 89 62 64 92 57 71 70 63 72 79 71 70 71 67 86 64 58 89 92 93 51 98 87 89 59 58 70 76 79 84 61 
91 69 85 67 96 70 88 57 61 59 87 83 82 85 83 73 65 70 50 51 51 85 68 66 55 74 90 57 69 80 87 61 90 91 62 92 64 66 60 57 94 56 59 97 74 51 67 69 66 79 83 93 57 82 65 72 66 99 92 59 73 84 90 67 82 88 86 63 78 90 67 64 68 83 95 54 80 90 75 70 80 88 80 94 54 96 89 84 71 63 56 51 87 95 84 60 74 97 96 97 
81 94 86 96 85 66 54 59 66 61 67 77 51 73 64 59 68 81 75 77 88 94 87 67 63 52 52 67 53 58 52 55 87 54 77 90 55 99 65 57 90 85 78 88 84 96 66 63 53 89 94 91 70 58 57 92 98 82 93 96 80 50 69 81 97 56 83 77 52 99 82 52 56 51 88 88 64 71 95 78 52 64 98 90 85 72 94 81 86 65 77 79 55 52 56 66 76 76 57 69 
51 77 94 84 89 69 89 96 81 76 77 82 54 96 69 96 64 76 54 91 98 63 78 58 69 94 69 92 88 63 88 84 73 72 72 75 52 75 68 80 63 51 85 74 62 90 58 80 98 52 59 92 98 93 61 83 51 54 85 98 80 64 83 77 93 98 77 81 57 74 88 95 75 93 66 66 53 93 82 61 90 91 82 63 80 75 84 57 55 91 51 64 86 50 76 76 69 65 85 73 
66 71 57 62 99 63 96 91 88 86 64 71 93 56 64 70 94 51 78 62 64 99 98 56 80 87 81 76 84 62 55 59 70 82 92 80 59 72 63 50 71 84 50 63 84 75 77 83 57 79 95 73 73 63 52 76 74 94 78 72 99 57 86 69 61 88 84 69 59 63 94 97 91 53 75 67 89 79 96 70 94 76 66 73 54 80 62 70 83 75 86 72 77 59 71 77 60 80 62 70 
97 58 75 52 65 80 72 86 70 80 56 61 85 73 68 95 58 87 50 83 83 66 76 78 81 85 86 79 80 99 96 59 84 83 85 87 88 88 51 59 56 90 94 58 79 93 81 52 91 57 99 61 79 52 99 93 58 89 67 75 58 75 82 83 92 70 82 60 79 58 79 51 57 55 57 73 88 66 95 61 87 87 73 86 71 77 78 98 93 57 61 55 52 83 71 81 93 71 51 76 
54 85 71 96 59 69 88 98 67 51 63 70 97 57 83 79 97 69 66 86 90 73 78 74 99 54 68 89 84 84 99 63 52 74 98 70 85 53 72 61 79 93 66 85 64 96 67 81 87 51 98 57 73 55 96 75 87 50 80 80 91 60 61 78 66 63 52 81 64 54 52 68 84 73 79 50 95 64 88 55 92 80 73 50 67 73 86 59 71 50 51 66 57 72 74 53 61 67 97 74 
58 82 88 97 96 67 88 71 84 93 58 55 75 73 97 75 88 74 70 62 60 54 95 92 90 94 51 50 72 78 67 96 79 96 68 64 52 80 67 66 74 75 93 82 70 89 60 89 93 68 65 98 67 74 60 86 53 76 97 96 63 72 90 90 59 78 51 96 86 85 60 64 92 97 60 59 97 76 98 79 85 62 66 92 84 98 93 78 59 80 65 56 63 87 93 83 62 78 71 77 
59 52 78 96 79 97 70 61 89 56 86 60 98 53 71 63 50 85 88 56 57 89 77 63 65 75 63 57 76 71 62 82 71 91 95 53 83 51 73 54 77 76 96 80 78 53 68 78 75 88 76 57 89 97 60 67 87 61 99 61 56 86 63 96 88 59 83 95 67 60 77 77 92 68 95 87 87 68 53 68 97 89 64 63 92 74 62 97 98 59 61 81 70 93 72 54 60 90 57 62 
77 83 85 78 57 83 72 73 97 77 89 71 76 90 70 62 76 52 66 92 86 86 84 54 93 82 50 70 90 60 61 98 79 84 58 83 85 64 94 54 64 54 52 93 65 54 53 61 98 91 51 77 87 53 73 82 51 95 87 73 85 89 93 55 99 62 66 85 80 90 81 88 67 90 96 99 51 67 58 67 68 62 93 84 90 61 74 58 80 86 62 50 59 66 94 54 60 86 53 83 
62 53 95 52 99 90 89 87 96 91 87 90 59 99 61 58 98 65 52 70 64 77 91 79 83 70 62 51 69 81 89 55 64 68 84 75 65 86 80 77 97 67 79 71 65 57 99 64 69 66 95 61 84 73 99 50 75 67 50 55 65 63 93 70 89 51 98 78 95 91 98 78 98 98 95 72 53 97 53 89 72 67 65 59 51 82 60 87 96 97 75 83 72 56 92 80 68 79 63 70 
80 82 56 55 51 93 56 97 77 62 53 57 98 50 98 92 79 81 73 71 61 87 58 94 93 65 83 89 62 92 52 74 89 62 55 50 97 95 51 60 63 67 71 76 74 77 80 86 76 94 80 81 68 73 73 57 60 85 84 61 58 92 79 54 75 73 66 91 79 88 59 97 50 89 75 70 93 67 86 71 88 99 56 81 65 75 55 58 92 68 76 65 89 79 84 51 70 58 83 92 
89 52 56 62 70 91 83 67 56 63 79 62 99 65 97 57 84 66 74 72 97 72 95 58 68 92 97 63 91 91 62 73 61 69 66 99 94 87 74 90 61 64 74 83 59 52 92 75 78 73 99 78 77 56 90 53 99 96 88 63 71 72 50 88 64 86 56 76 72 93 93 67 98 69 70 74 66 54 77 52 78 52 93 94 95 76 88 81 85 82 89 56 64 71 77 70 55 94 56 81 
52 96 99 78 74 95 87 65 73 59 79 54 68 52 92 59 79 79 65 54 52 93 94 58 58 79 55 63 75 60 77 92 71 71 90 83 51 67 56 59 99 50 97 64 66 55 78 68 80 98 98 93 99 58 78 77 65 86 77 92 92 98 68 66 88 57 83 80 66 74 86 87 58 72 78 88 54 86 84 86 62 62 67 70 55 99 71 87 92 55 89 53 57 87 94 79 86 86 51 88 
74 75 76 85 71 93 56 81 90 62 58 79 68 59 57 88 69 75 83 55 50 90 79 64 81 71 72 89 90 81 77 84 91 83 74 84 88 71 70 75 77 88 99 51 52 80 69 68 66 73 61 90 84 99 70 93 63 88 95 86 88 55 63 90 53 80 76 82 76 97 76 70 56 98 65 50 77 67 50 60 75 97 86 76 75 53 57 59 75 67 99 62 96 65 62 62 91 78 50 96 
56 59 81 99 63 69 79 63 94 92 62 83 73 83 57 51 75 66 57 70 99 59 80 51 78 55 84 57 78 87 73 74 50 92 74 86 74 81 99 86 91 92 63 56 53 92 87 92 63 73 90 71 73 91 95 88 75 60 50 60 94 54 81 59 99 79 57 59 65 60 68 77 76 65 63 66 64 83 62 52 59 81 83 88 75 99 97 74 67 64 94 61 95 50 59 85 73 61 66 99 
76 84 60 69 52 64 50 53 80 77 54 84 85 62 68 84 89 83 75 51 97 60 73 80 68 98 73 85 99 86 76 60 53 99 63 60 55 64 86 91 68 83 99 83 98 77 85 84 70 86 79 93 88 70 93 60 52 51 64 66 72 91 66 60 93 97 62 68 83 53 96 86 55 80 51 52 75 92 71 90 58 83 79 55 98 88 83 76 80 76 77 52 98 83 99 98 71 54 87 89 
96 94 54 59 81 92 86 59 76 78 84 92 60 54 61 81 61 57 94 84 82 50 91 86 98 68 59 88 98 52 73 95 62 86 74 56 54 61 81 83 71 81 77 79 75 80 87 68 89 90 92 64 90 77 77 56 97 65 98 93 71 60 84 98 80 89 61 77 79 87 65 80 89 68 53 54 83 53 52 74 98 77 76 51 61 83 67 78 87 82 93 76 64 98 76 56 79 73 75 86 
69 57 92 59 91 81 53 62 61 69 78 51 74 93 55 71 80 94 70 55 99 79 62 88 55 79 84 74 76 73 90 65 78 95 64 97 53 83 91 76 61 67 66 77 88 92 59 93 51 92 52 89 75 64 77 97 91 52 58 59 83 83 73 96 66 75 87 59 91 64 83 72 66 57 78 65 52 74 93 91 62 99 54 51 53 62 81 59 98 76 79 73 74 83 92 64 53 72 84 60 
83 66 54 92 92 94 78 58 70 64 99 55 65 88 69 93 97 67 61 82 80 60 72 81 82 80 65 59 70 91 56 72 54 77 67 63 66 51 92 88 67 69 70 94 79 85 59 73 77 92 80 97 58 59 85 95 62 59 72 57 71 54 50 88 89 97 56 71 81 88 84 57 88 78 75 61 62 52 72 83 55 93 98 77 79 51 90 99 70 63 59 64 90 58 98 89 72 79 82 92 
84 98 51 90 98 94 76 87 66 65 83 97 59 84 69 59 64 60 63 78 94 97 64 71 53 85 84 77 61 60 72 63 84 96 86 66 59 69 74 98 82 91 58 99 91 51 86 96 84 86 82 54 72 92 80 69 61 73 96 85 54 80 55 87 73 73 69 69 89 86 68 73 63 97 73 87 63 60 62 59 73 98 69 64 66 80 82 94 62 53 54 72 50 85 86 56 50 97 96 70 
56 95 87 71 80 65 82 56 80 54 79 70 98 63 81 98 83 67 77 53 59 67 68 94 96 80 89 63 75 53 65 77 96 61 89 82 99 81 95 67 53 80 90 72 56 56 82 69 51 50 99 71 71 68 67 54 92 73 73 98 55 97 82 54 67 78 88 94 69 70 61 97 60 75 62 87 93 97 67 97 70 69 65 94 84 98 84 62 82 97 54 61 51 67 87 80 82 94 94 61 
95 77 97 80 83 97 65 63 51 82 86 60 59 99 79 78 80 66 76 77 70 91 69 78 96 76 53 93 95 84 75 69 50 84 80 84 86 51 94 98 85 89 84 64 97 93 50 62 87 98 62 68 87 74 98 71 92 78 63 56 95 62 89 87 70 72 65 59 84 67 80 75 63 96 71 54 70 62 63 68 69 53 95 67 92 71 90 56 80 91 62 65 85 70 97 80 88 69 65 50 
66 70 81 89 81 50 82 99 62 70 78 71 55 73 71 88 69 69 99 85 83 60 88 90 82 96 75 86 96 96 86 79 69 74 91 55 68 88 56 62 84 73 88 65 64 93 79 57 86 99 56 55 63 59 65 76 75 50 94 81 85 83 59 63 90 64 73 87 66 86 60 90 53 98 91 78 94 76 65 66 50 80 94 67 50 96 96 79 68 90 60 88 50 68 84 53 68 91 73 54 
89 77 60 86 64 55 81 92 70 89 68 64 59 89 96 76 73 72 92 81 87 86 90 83 71 67 87 85 65 58 66 61 80 80 73 75 70 59 69 65 54 50 72 99 86 75 54 71 78 50 94 62 53 92 92 68 62 83 98 74 71 86 97 88 81 90 64 61 60 74 52 93 59 99 74 93 66 56 77 65 81 93 85 61 77 93 90 57 70 76 77 55 72 64 62 52 91 67 50 93 
51 79 78 91 50 56 61 96 61 92 79 72 73 94 73 95 71 56 50 78 77 85 99 58 76 72 56 83 87 72 50 56 80 94 88 72 97 65 84 96 65 86 81 88 79 60 72 65 76 95 74 90 81 97 53 66 63 85 62 54 59 94 76 85 91 91 90 70 51 68 66 52 51 81 79 84 89 83 51 66 91 89 55 70 75 87 96 83 81 91 59 80 65 73 84 80 83 72 72 63 
59 74 65 61 55 69 59 71 66 56 92 56 67 62 69 59 86 55 73 65 63 53 97 69 96 95 69 62 79 52 95 61 91 73 83 87 89 59 84 86 65 78 77 91 74 96 50 77 65 82 98 72 92 61 74 56 74 91 99 77 67 90 62 60 74 67 63 85 82 84 93 85 77 76 95 61 76 59 54 51 54 91 50 87 50 55 65 52 78 67 63 62 71 96 84 51 64 62 74 99 
56 92 97 71 92 91 73 52 96 75 53 71 55 67 94 77 83 72 90 72 58 73 84 96 51 83 66 53 66 86 87 58 99 57 79 95 78 99 94 54 63 82 88 82 56 90 77 92 76 53 65 62 59 86 62 99 73 96 54 59 69 60 93 92 82 67 54 51 52 60 51 71 50 51 59 81 77 80 76 58 67 58 67 52 63 98 50 58 83 80 62 55 90 87 71 76 78 82 86 79 
98 62 59 72 69 62 74 97 55 95 75 83 88 51 76 71 97 52 58 53 67 50 90 69 62 94 85 95 87 84 57 82 56 98 79 87 79 69 82 65 82 59 74 66 99 66 62 77 97 90 94 81 99 73 60 67 79 66 85 57 83 55 65 86 83 61 95 61 71 65 58 74 97 66 63 93 97 92 57 84 82 74 96 71 76 89 85 73 82 53 77 93 90 84 76 64 51 79 52 70 
79 83 80 58 97 67 61 83 63 51 78 92 59 65 75 94 53 58 50 87 81 75 76 96 98 98 55 87 77 83 55 78 91 71 80 56 82 72 77 70 79 88 80 73 84 60 94 52 56 97 64 50 86 92 80 84 89 89 62 61 71 73 73 68 51 95 75 50 80 70 88 95 98 62 69 61 82 99 60 51 74 51 86 72 94 80 85 69 89 62 80 70 92 98 86 51 78 80 81 79 
84 75 66 50 79 75 93 52 55 64 85 87 68 56 93 54 73 81 90 67 86 69 64 99 58 90 73 85 83 91 81 54 73 89 65 91 59 83 98 81 58 64 69 53 82 68 52 52 78 92 89 80 56 74 77 66 85 53 86 75 95 58 57 58 72 57 86 93 88 50 72 89 75 99 52 97 63 92 50 90 75 53 92 76 54 87 78 93 65 86 67 95 88 74 52 51 56 61 90 73 
64 85 94 92 86 81 74 91 80 72 97 96 70 54 71 65 73 64 79 50 81 64 74 61 87 79 69 72 93 54 63 56 62 77 82 96 57 73 80 79 67 69 51 71 79 80 52 75 64 50 90 86 53 70 63 79 67 61 91 67 53 96 70 71 53 79 71 65 88 80 95 56 77 78 85 93 94 84 89 98 85 96 63 75 76 58 70 77 92 61 80 56 90 64 75 58 53 94 92 98 
62 85 74 93 51 51 56 55 94 56 50 73 55 62 63 75 56 92 70 86 80 66 87 54 80 71 57 87 64 56 97 57 50 75 95 74 64 64 79 61 58 75 75 72 70 76 68 92 54 71 98 92 89 86 65 53 84 68 52 89 61 86 83 57 59 68 83 85 57 64 77 80 79 66 86 60 54 99 66 56 82 86 87 63 69 62 62 93 60 83 83 77 72 54 90 56 66 71 91 93 
78 72 78 62 56 87 78 62 81 91 58 84 69 65 53 60 84 82 59 72 65 67 83 74 91 51 57 97 68 74 52 51 75 72 50 70 69 51 72 52 66 63 66 55 63 64 73 99 53 67 63 66 86 78 90 76 69 82 68 57 91 72 69 98 86 61 91 86 60 79 59 93 51 91 75 72 56 88 91 68 69 71 97 91 73 77 65 95 76 54 85 86 53 52 86 86 65 67 62 74 
85 74 87 57 91 85 96 82 91 86 87 97 54 83 85 70 76 91 56 97 52 54 73 53 57 86 53 96 95 76 93 87 63 63 81 93 93 92 58 50 96 64 95 97 55 83 91 57 93 51 74 64 58 86 58 99 92 97 51 63 94 52 61 72 74 67 69 53 81 68 87 83 78 84 77 58 54 81 50 55 61 63 86 72 94 77 51 63 95 51 96 70 89 57 79 54 98 76 70 85 
76 94 84 92 75 63 52 51 86 58 64 59 72 71 58 60 54 93 56 59 55 68 98 69 93 55 77 74 50 78 95 53 74 73 89 92 55 59 93 86 62 65 53 62 76 65 83 94 91 80 67 85 86 55 87 84 54 50 93 64 85 85 67 69 85 88 80 79 82 90 77 68 90 84 55 66 89 83 55 83 91 62 99 64 94 99 94 82 84 66 66 79 81 61 75 64 57 54 57 75 
64 76 55 97 64 76 50 86 88 78 69 66 86 76 83 58 91 74 55 63 51 53 99 54 93 62 76 65 55 64 57 95 50 72 60 79 60 80 62 91 67 52 88 66 57 89 87 93 98 93 95 93 94 63 79 86 98 74 78 79 96 63 86 66 67 61 88 60 78 89 91 80 62 99 54 89 92 97 92 95 74 53 73 74 88 61 84 61 87 66 80 86 80 75 99 72 79 88 68 75 
91 68 74 88 75 89 53 93 63 71 57 62 83 89 72 94 83 52 78 71 85 57 76 71 64 54 60 76 69 67 73 98 78 80 74 83 73 78 96 57 84 52 50 84 50 72 86 75 93 85 50 58 78 71 74 68 76 63 67 95 61 78 99 65 53 77 50 69 55 54 62 61 63 67 59 98 52 85 66 94 52 92 78 88 72 55 93 51 96 85 55 79 82 81 93 97 71 56 51 50 
78 83 95 89 70 80 81 76 91 94 66 59 70 66 57 90 74 70 83 51 52 52 64 63 97 77 99 54 69 60 78 95 92 65 58 95 87 89 68 69 89 80 78 58 97 67 94 88 93 70 67 74 54 71 59 54 62 55 82 81 89 65 64 98 99 63 96 69 64 97 77 81 64 65 52 93 89 74 77 86 94 89 56 89 64 82 52 90 63 51 52 88 94 55 97 81 74 96 66 61 
88 65 75 81 56 53 93 70 56 50 71 50 85 83 96 85 87 87 88 50 54 93 89 58 95 78 56 88 99 69 50 86 89 73 93 96 82 95 87 92 56 69 99 76 83 98 83 74 76 58 59 53 91 50 67 88 85 89 82 84 61 86 97 73 59 64 64 57 77 62 95 73 89 74 73 52 50 74 50 60 88 81 53 68 73 87 90 59 64 50 75 99 54 70 61 95 94 86 77 83 
53 86 88 72 57 57 71 83 63 81 53 70 50 99 67 59 89 70 73 77 94 88 66 60 73 69 84 87 53 59 68 85 76 50 64 83 80 58 76 85 50 79 68 70 82 65 77 73 84 75 71 73 91 59 97 62 55 74 91 95 61 86 86 67 59 53 59 81 70 51 70 67 90 65 82 52 67 82 99 75 52 77 89 83 73 76 87 65 55 92 55 68 77 61 80 94 94 54 87 67 
95 66 61 54 95 89 81 73 66 60 89 81 90 70 55 54 90 73 58 66 97 88 76 67 74 79 60 58 91 67 52 58 57 85 74 70 60 78 81 91 66 93 96 94 80 55 63 95 79 78 73 69 66 52 93 88 98 80 84 90 65 87 84 98 67 89 63 77 98 93 87 93 58 97 54 73 73 83 89 52 57 78 92 81 87 85 85 87 94 94 61 67 94 68 85 81 51 60 71 86 
65 67 51 71 86 77 72 65 94 64 54 54 98 92 68 69 95 62 65 58 56 69 59 99 76 91 50 81 58 91 69 94 61 71 62 93 78 67 72 72 85 56 58 60 94 61 69 97 55 76 63 86 51 58 51 71 70 72 68 81 82 76 53 69 73 51 91 64 52 63 68 81 62 63 95 50 87 67 88 85 64 90 69 66 80 90 68 97 55 99 56 55 92 80 76 87 76 90 71 73 
84 72 53 92 88 79 79 99 55 71 99 75 67 72 51 61 78 97 83 91 93 95 99 54 85 51 72 50 70 89 60 74 86 95 58 74 92 54 80 99 65 99 55 80 95 55 73 63 68 61 61 82 84 98 69 51 76 55 59 69 84 52 50 60 73 75 80 81 86 72 95 60 67 92 77 90 89 59 55 65 77 74 89 95 66 71 64 50 65 95 82 55 69 83 83 87 97 80 70 89 
69 80 80 72 78 68 98 83 94 64 59 78 89 60 95 78 80 72 69 52 96 56 93 84 75 67 70 75 97 72 70 66 65 82 84 88 86 91 93 82 59 96 68 98 64 56 92 59 51 89 56 57 56 75 74 51 68 92 84 76 84 70 72 73 94 93 52 92 77 77 67 75 70 98 97 63 58 61 53 98 63 66 85 68 52 96 76 50 79 55 70 86 61 84 70 86 59 62 81 99 
83 87 80 85 61 63 85 71 64 57 69 74 64 59 93 86 64 62 69 74 64 82 77 74 72 66 60 79 64 94 83 53 62 88 77 83 69 82 87 60 83 97 59 83 85 70 70 68 56 99 67 76 84 54 98 91 83 66 85 84 90 93 99 55 99 98 84 62 71 82 71 59 70 93 88 88 56 70 72 82 67 59 62 52 80 90 95 97 53 78 56 77 87 83 60 59 86 84 66 65 
67 94 52 70 99 72 88 62 79 53 70 97 74 82 61 76 65 56 57 58 60 71 70 54 78 50 51 88 99 79 88 56 50 91 77 52 72 68 55 78 96 79 54 91 86 59 84 58 90 79 93 94 99 89 62 67 77 96 87 85 53 53 52 71 72 55 76 81 55 74 52 82 97 69 76 54 55 77 75 50 79 80 84 50 70 56 64 79 93 95 82 75 84 74 64 60 71 84 94 93 
52 62 68 58 98 82 77 85 86 95 98 57 94 81 60 81 50 61 65 64 69 88 97 78 57 56 91 73 92 70 76 77 53 70 98 94 93 81 68 87 70 97 76 57 96 68 65 96 71 91 60 73 52 99 70 82 61 66 90 88 78 73 71 86 72 85 54 92 68 88 78 60 52 66 84 65 89 85 50 77 72 90 58 86 52 90 92 88 50 81 68 86 69 85 64 86 99 99 82 83 
66 96 95 69 99 71 65 66 76 75 85 54 95 77 60 80 99 91 80 73 55 80 71 98 88 73 99 70 51 91 78 67 82 63 76 56 65 85 75 95 52 88 60 93 78 86 74 73 94 72 78 67 71 83 83 98 67 75 59 99 76 88 70 61 74 56 62 78 72 91 64 62 66 62 89 61 61 51 78 55 59 94 60 69 59 52 57 85 93 50 89 81 53 97 59 98 56 66 91 51 
53 60 75 93 78 76 90 54 70 85 68 77 60 57 71 97 78 76 96 81 95 72 58 75 91 87 66 65 53 82 56 94 69 63 59 70 89 51 88 84 88 87 60 79 73 94 95 72 88 71 80 76 93 66 72 55 53 89 63 60 58 74 52 96 75 98 70 89 82 87 96 66 86 61 80 80 78 88 86 91 56 98 90 74 95 80 84 53 90 67 83 74 72 79 55 54 97 81 52 54 
51 70 84 62 92 76 88 96 70 65 55 85 60 98 95 85 74 53 71 61 63 90 54 67 97 83 90 56 67 81 91 65 95 78 95 69 65 95 93 80 72 55 81 67 81 69 76 57 85 77 78 68 75 74 59 69 57 94 96 92 95 71 50 54 63 66 79 89 92 94 74 68 82 51 83 66 62 55 70 70 86 66 74 97 50 70 81 82 59 78 82 94 64 59 61 81 61 99 65 95 
59 74 80 61 72 54 87 79 62 77 69 96 71 88 87 82 70 81 63 66 66 99 64 83 70 95 62 92 97 60 71 60 90 95 69 83 68 65 90 76 50 63 67 66 59 79 95 83 50 50 90 55 81 60 81 76 74 58 76 99 69 82 93 84 65 62 68 75 91 79 62 51 60 71 83 56 71 86 97 95 75 87 63 63 57 70 93 90 95 97 55 56 94 81 92 83 85 81 62 69 
79 56 86 96 67 91 58 51 59 83 97 51 74 58 81 60 71 59 86 89 59 98 70 63 89 57 76 99 81 88 51 51 76 59 81 89 59 61 73 65 78 56 51 55 87 97 76 52 58 63 52 57 74 79 92 70 73 82 95 89 77 64 59 65 55 71 78 93 96 60 50 87 78 82 92 79 55 70 96 79 71 65 93 99 68 52 79 73 55 79 97 63 85 58 70 94 52 55 97 71 
66 86 54 58 77 83 54 97 76 51 67 73 51 79 99 90 82 85 89 86 82 65 79 84 59 98 60 94 52 63 91 85 53 78 67 72 82 68 69 87 63 92 72 51 62 71 70 52 63 68 50 91 96 86 62 94 79 52 66 83 92 89 96 89 87 69 79 99 76 74 85 82 61 75 71 58 67 65 89 90 87 74 82 74 66 50 75 96 76 66 55 76 73 98 90 93 99 66 66 96 
75 67 81 91 88 62 59 59 97 69 66 56 96 99 90 50 81 61 77 61 95 82 50 57 53 96 60 91 99 56 53 95 85 55 58 56 99 90 83 51 65 68 86 68 64 56 65 87 94 67 81 86 80 79 70 65 72 51 84 75 56 67 74 89 84 85 52 78 74 78 69 75 56 70 76 78 95 85 62 61 67 72 83 78 83 65 82 84 62 70 79 65 86 69 60 96 92 92 84 56 
78 86 65 61 75 82 51 51 74 70 59 98 74 97 81 75 53 52 88 73 54 97 88 61 84 89 72 81 50 93 78 73 75 58 81 97 67 73 52 94 79 97 53 50 87 81 75 52 86 61 83 84 85 79 67 65 65 97 94 70 93 60 57 92 89 73 90 95 81 62 98 62 63 98 87 57 88 51 73 98 76 54 75 83 95 63 96 59 80 95 57 60 68 71 58 71 60 57 76 65 
97 78 82 75 65 66 89 54 68 52 90 68 79 65 89 93 95 76 80 67 84 69 51 81 55 60 62 90 85 50 94 93 69 51 85 74 78 93 85 84 76 62 56 66 82 88 62 89 73 57 99 70 74 85 80 57 85 66 97 62 56 58 70 68 66 52 53 59 71 55 52 52 73 91 64 75 85 52 70 79 64 65 77 83 60 54 56 95 52 64 60 76 64 50 55 87 75 91 85 79 
52 73 91 90 76 97 83 81 68 84 86 91 72 99 88 58 58 72 53 76 77 98 61 88 91 96 73 82 74 96 62 66 53 58 74 58 90 66 77 74 69 67 51 72 60 65 87 89 66 79 82 75 66 64 87 87 60 65 83 63 86 83 78 66 70 50 63 88 54 80 95 77 71 85 52 66 61 89 90 94 67 82 89 88 54 68 78 86 91 64 74 60 90 71 71 55 70 68 51 87 
97 56 84 78 64 81 74 83 75 61 75 59 89 61 65 61 96 84 79 90 55 67 75 83 67 97 63 86 62 55 61 91 70 51 55 84 94 86 66 93 90 52 92 55 64 71 98 61 73 61 69 50 70 65 85 80 99 51 52 84 79 61 66 98 86 67 57 64 65 86 62 53 92 58 77 90 96 60 71 58 57 54 93 59 52 90 88 52 67 66 58 55 88 76 90 92 79 51 67 95 
61 77 57 87 77 70 78 82 50 81 55 72 93 50 61 60 86 70 85 58 73 55 55 66 92 73 70 75 82 61 91 85 96 86 95 63 87 51 95 84 87 71 76 89 71 63 53 97 74 90 85 73 62 67 84 79 98 82 74 90 78 81 55 85 75 74 96 66 61 67 80 80 50 78 96 97 62 71 67 89 75 62 63 55 82 51 70 50 95 56 55 82 65 54 50 82 60 51 86 97 
55 57 99 69 77 71 96 78 59 82 88 63 88 89 93 63 91 81 81 55 70 88 90 74 88 97 54 69 68 57 66 80 67 83 57 64 97 59 74 80 66 67 55 50 95 67 98 89 52 56 50 83 99 94 60 91 83 51 83 80 84 65 85 86 73 94 93 66 86 82 78 78 53 69 87 94 52 64 52 60 56 89 93 52 68 99 76 76 80 52 94 61 93 68 71 89 66 68 67 89 
66 58 81 56 65 75 55 94 95 51 89 50 64 58 64 72 51 65 61 85 96 63 54 81 67 99 96 84 99 82 97 93 82 91 63 56 78 98 98 57 90 84 67 77 59 52 65 88 61 55 86 68 60 59 94 89 68 74 55 54 61 76 73 96 51 80 78 85 83 55 77 51 97 69 77 80 91 51 60 67 74 80 53 90 72 70 61 84 85 55 50 54 53 87 87 65 63 73 62 87 
81 54 75 92 91 91 62 61 95 86 94 99 81 61 91 82 78 64 77 65 84 72 93 97 58 57 72 50 69 86 76 64 52 52 86 50 98 73 78 69 65 57 77 80 80 89 65 92 73 60 75 68 50 51 73 94 56 61 82 97 91 84 74 85 70 81 60 63 78 87 77 68 63 77 92 77 84 98 94 54 87 76 92 76 56 86 63 69 65 50 77 57 96 92 63 97 67 65 74 54 
65 81 57 97 77 62 67 71 85 57 74 79 82 76 81 99 98 67 51 61 55 76 80 87 50 92 97 92 93 94 55 56 91 64 72 97 84 80 67 59 72 86 96 78 89 86 57 99 55 64 62 90 83 50 56 76 73 99 69 70 51 91 76 72 72 97 52 90 52 77 95 84 91 54 76 97 89 90 53 61 94 76 70 96 85 83 95 70 84 87 74 88 53 51 54 93 98 98 75 87 
74 69 51 90 94 64 89 90 51 61 96 54 89 91 57 59 59 87 62 81 82 84 62 58 66 92 51 81 58 99 60 50 52 65 84 87 59 97 52 85 62 55 84 89 76 72 63 62 50 98 71 97 82 73 77 53 61 64 64 85 74 62 71 81 68 70 88 72 60 53 51 90 64 95 94 85 57 71 62 88 98 78 78 77 64 74 81 66 76 82 66 73 87 57 70 62 52 60 62 52 
82 93 57 52 66 83 84 91 50 54 58 60 54 89 51 85 93 51 62 50 90 81 65 87 53 80 55 70 79 50 88 55 86 77 86 57 65 79 84 74 55 97 62 59 69 55 92 79 88 62 74 72 54 51 55 59 77 92 91 57 86 72 84 98 66 84 85 96 76 94 99 77 65 58 71 57 67 93 72 61 57 75 73 72 56 77 59 90 55 76 82 99 99 66 64 93 81 67 65 96 
78 71 84 73 68 55 62 70 65 53 84 62 89 82 72 93 57 86 53 71 78 77 78 70 65 71 65 62 70 71 84 61 58 71 50 59 96 95 81 85 55 52 65 80 72 83 77 81 60 86 63 94 59 76 84 68 87 98 78 98 91 92 57 82 62 90 57 82 56 50 81 89 67 72 73 72 64 84 70 68 86 80 59 82 82 51 83 63 81 57 67 80 94 72 54 79 99 83 65 85 
90 90 78 63 55 77 92 95 75 97 85 61 83 57 80 69 66 79 62 86 88 64 59 91 86 74 89 58 89 64 74 75 52 99 67 91 69 59 53 56 72 73 86 98 53 55 82 87 90 62 99 60 87 79 69 74 59 93 62 72 62 82 52 74 58 55 56 53 92 81 69 62 78 82 68 56 89 51 95 69 73 60 89 69 98 89 58 69 52 60 83 77 74 51 83 53 74 56 74 73 
56 67 66 51 80 77 51 80 54 86 66 76 75 58 95 62 84 57 80 92 61 88 88 54 52 97 78 56 69 69 55 62 91 55 68 70 76 92 75 80 85 69 74 62 69 85 81 90 61 58 95 85 70 83 51 74 55 73 64 93 78 74 69 72 58 80 98 65 55 72 50 68 75 99 55 98 71 58 96 97 60 67 78 53 59 59 85 71 88 73 92 92 89 54 57 98 61 79 79 98 
98 60 77 81 67 66 77 98 59 88 91 92 72 81 82 68 53 77 90 54 81 76 72 98 77 51 75 85 99 65 60 91 81 51 68 82 66 68 91 57 96 95 92 66 55 96 61 98 90 52 99 68 74 99 82 66 98 87 87 91 75 86 83 84 91 88 94 89 65 58 91 57 74 85 51 65 72 91 52 87 73 76 59 91 83 86 62 65 92 92 99 75 97 79 64 51 76 82 95 54 
52 72 72 64 65 58 55 59 81 90 59 59 86 57 92 80 83 94 84 89 52 54 94 84 50 73 52 93 76 95 60 71 55 74 74 99 74 78 65 67 51 86 73 97 54 98 82 63 96 99 53 53 84 89 95 88 64 65 76 86 69 91 67 70 53 97 81 54 63 56 62 69 98 93 85 55 66 79 69 50 61 84 72 66 91 54 66 53 86 89 67 71 70 73 81 98 92 93 98 95 
88 83 62 81 89 92 51 52 80 68 82 76 72 98 92 93 51 96 50 96 81 90 98 75 51 61 69 97 73 88 63 99 73 93 57 57 73 88 91 54 76 99 80 50 98 74 63 82 79 88 58 67 71 86 53 77 52 78 79 74 78 62 88 53 58 94 98 62 90 57 86 75 84 75 80 74 61 55 60 94 97 96 66 92 65 65 85 68 86 71 80 68 99 53 98 84 67 90 70 83 
82 87 55 53 89 62 52 70 60 85 59 90 71 77 55 62 75 55 66 60 97 57 81 73 61 53 93 70 78 94 71 78 50 52 91 67 81 94 78 73 87 57 83 57 56 76 66 91 65 94 50 80 63 58 51 80 58 71 80 83 97 57 78 92 88 51 79 71 88 61 85 59 86 69 82 94 83 77 72 52 70 57 77 56 94 96 90 80 70 81 85 94 95 93 69 98 82 93 80 84 
77 75 72 85 64 70 63 82 97 60 51 58 77 53 95 68 97 55 88 86 93 79 58 95 54 81 64 57 72 84 86 76 86 57 59 84 80 59 91 97 77 55 99 78 95 88 88 78 51 99 90 94 83 58 90 53 95 81 86 74 71 79 95 51 83 88 66 71 68 54 90 50 86 64 84 61 59 99 68 57 66 62 78 64 89 64 88 89 51 82 51 97 84 91 81 90 55 71 74 54 
70 64 89 68 75 85 75 86 53 73 69 95 73 50 78 94 97 97 82 83 81 58 51 71 70 52 65 71 62 67 61 60 63 82 80 64 93 56 61 67 59 64 65 99 56 62 92 67 99 85 86 90 77 67 99 53 87 82 92 69 76 85 54 77 81 51 54 99 53 59 67 55 79 92 78 91 85 74 96 85 74 74 77 95 94 71 71 52 88 83 99 51 57 96 84 88 93 82 63 55 
56 83 84 69 93 95 88 66 54 72 68 78 91 62 87 56 64 77 96 74 78 83 98 86 53 92 94 87 79 66 55 73 96 84 91 54 52 50 73 91 74 79 80 66 55 86 52 74 88 56 78 92 99 75 73 93 69 76 96 73 73 58 93 59 89 94 84 91 65 63 53 53 98 91 89 60 57 92 84 60 86 73 58 78 85 82 82 93 99 85 64 85 96 84 56 53 81 95 76 82 
94 91 59 59 70 84 87 79 95 72 56 63 94 57 81 74 65 67 59 64 52 94 76 89 63 52 57 88 94 80 77 75 99 97 54 53 80 75 67 59 74 73 68 57 74 90 56 58 54 87 52 88 66 56 57 70 86 51 87 83 97 71 71 63 76 58 70 56 84 88 79 64 53 82 77 66 52 95 60 64 99 56 72 62 89 61 86 77 92 86 89 52 72 90 81 72 78 93 99 80 
78 60 55 90 88 79 80 74 52 83 99 97 84 78 89 64 85 86 90 55 85 67 89 59 84 99 80 54 88 57 84 99 90 65 87 96 83 98 85 98 70 54 93 64 59 63 96 84 62 82 87 54 64 57 90 53 55 61 81 59 84 96 89 85 65 80 96 87 86 78 52 58 95 89 54 71 52 82 89 73 58 93 63 82 58 92 76 63 83 98 95 96 86 82 85 67 74 70 52 90 
77 85 66 60 54 74 61 56 85 67 75 76 62 52 76 77 89 71 59 73 74 72 88 96 92 95 93 80 73 86 55 62 79 75 72 98 83 90 69 52 56 99 66 85 79 76 87 86 86 82 57 52 85 65 52 79 95 75 66 60 50 79 66 64 72 82 62 77 55 56 94 84 54 77 97 85 67 61 73 50 94 61 77 70 85 82 67 52 95 84 57 68 80 79 99 93 93 84 99 61 
91 52 83 75 75 98 53 80 77 75 80 82 51 81 80 85 61 85 51 72 79 98 79 83 93 57 67 98 64 96 73 88 50 63 83 77 92 91 61 99 77 59 82 60 72 60 58 58 75 88 78 69 54 79 51 90 89 58 56 51 80 65 96 69 82 62 70 89 53 54 85 80 75 97 90 63 55 62 57 97 82 69 72 96 66 83 66 78 58 76 80 64 74 91 50 52 77 87 75 78 
64 74 80 96 95 54 98 64 53 74 90 93 52 71 88 72 84 65 56 57 81 64 92 88 82 60 85 56 80 70 69 79 65 51 86 88 72 69 56 56 88 77 76 84 56 75 79 58 63 72 50 76 77 80 96 84 60 75 88 60 70 70 85 97 57 79 62 85 58 59 58 95 52 60 69 62 79 87 61 68 73 64 52 83 70 73 94 98 91 55 66 53 92 71 82 56 72 50 80 77 
86 52 69 71 94 59 85 97 53 94 93 58 84 81 91 58 82 61 90 74 78 64 56 62 87 95 66 61 52 68 63 97 58 67 86 98 96 57 99 59 94 60 83 59 96 73 73 62 83 60 85 76 71 78 88 69 89 87 50 78 79 72 60 64 97 55 93 76 81 98 82 99 78 69 95 68 70 64 81 97 76 85 57 55 67 56 80 80 79 96 59 76 97 63 97 60 65 85 61 95 
74 92 52 82 94 78 88 52 87 73 64 51 71 79 91 65 81 80 84 69 91 82 96 55 53 72 83 61 65 89 99 76 82 92 60 50 76 95 88 54 98 96 61 76 88 92 75 55 81 50 50 66 78 52 77 59 88 81 77 56 82 70 85 76 96 53 80 97 82 83 52 59 71 60 92 51 93 69 54 79 82 99 90 78 85 61 92 72 60 59 83 64 68 57 77 71 78 61 60 51 
73 53 97 65 83 86 81 65 75 88 94 59 96 83 97 65 98 96 59 85 65 86 51 50 78 80 74 71 81 88 55 94 68 95 72 56 79 89 64 91 86 87 50 97 99 58 58 51 55 66 77 57 63 64 94 74 50 67 87 71 76 89 69 83 79 97 73 88 73 50 66 62 75 63 60 85 62 68 58 97 86 80 65 89 63 66 72 56 80 62 73 97 73 60 82 93 85 55 82 58 
66 99 75 99 65 50 82 66 67 69 78 76 56 56 81 97 73 95 71 61 66 78 68 86 91 98 95 91 69 57 92 85 73 55 91 53 97 88 72 77 51 50 54 65 56 85 93 87 60 91 78 89 53 64 65 66 51 53 72 97 57 69 58 68 51 76 61 54 56 95 72 71 65 61 95 95 64 80 98 82 68 62 65 63 80 89 52 89 79 52 68 57 89 53 66 62 63 79 60 82 
89 97 72 77 60 95 80 63 98 90 58 80 70 55 90 69 60 73 55 60 83 62 80 53 68 89 76 98 91 80 61 77 70 95 95 90 98 64 84 62 82 59 81 61 59 80 64 95 77 73 92 93 78 83 59 80 96 86 73 76 64 80 65 66 60 55 60 57 92 71 91 81 54 97 82 85 63 57 93 58 97 83 87 52 70 98 65 76 55 76 56 96 71 91 75 79 87 67 82 69 
90 75 53 53 63 79 93 74 85 63 84 65 62 84 55 80 90 93 73 66 52 65 58 61 56 94 63 99 78 91 67 73 95 79 96 53 82 69 53 52 92 58 76 98 60 71 84 90 53 91 90 62 98 82 69 90 79 90 62 60 67 67 59 68 57 99 92 94 52 71 67 99 60 89 92 57 52 92 75 56 89 66 80 73 72 93 72 82 54 51 62 63 84 93 53 89 84 71 98 60 

72 95 59 87 75 95 87 55 55 73 99 61 84 91 88 52 81 75 63 63 97 91 67 93 53 83 73 87 99 86 96 72 85 96 87 92 93 55 92 58 65 62 52 82 64 66 87 67 90 67 94 93 65 85 84 87 80 86 58 93 88 76 82 56 72 59 61 79 56 57 67 51 93 89 65 81 99 56 63 74 79 61 96 56 82 71 90 82 99 78 64 51 51 71 71 70 77 95 63 75 
70 69 81 51 61 69 96 77 89 83 50 52 71 83 66 59 89 67 94 97 85 67 78 69 67 55 61 53 73 99 50 64 71 94 56 57 75 86 63 89 82 59 67 64 87 50 53 65 64 95 65 72 61 99 51 74 57 63 58 84 88 75 74 73 74 75 66 70 99 77 60 56 98 91 65 92 82 56 81 94 84 83 87 62 81 76 50 60 61 54 55 56 62 53 77 71 55 70 75 96 
63 88 92 69 65 72 93 63 68 67 77 93 75 59 79 72 69 95 79 69 94 50 99 58 78 65 51 68 79 91 99 58 90 78 76 95 95 81 85 91 55 91 83 52 89 93 85 82 85 51 99 65 70 81 79 70 53 87 55 66 55 94 82 90 62 74 88 81 97 94 67 80 92 92 91 58 75 70 63 76 84 71 69 67 52 74 81 74 53 87 98 56 57 55 99 52 75 55 76 74 
76 61 61 97 60 89 84 86 86 66 99 98 97 54 54 79 59 86 61 83 73 92 70 50 90 84 60 94 84 87 67 91 54 83 70 54 67 89 75 74 92 77 92 60 93 78 56 50 69 85 56 57 98 93 63 61 59 89 92 51 51 84 62 96 53 57 77 87 60 55 62 89 99 60 68 65 61 85 89 61 52 55 94 56 74 90 81 59 52 84 90 97 87 60 51 87 67 61 77 55 
89 92 84 79 80 80 53 51 52 83 58 61 80 51 99 85 94 63 78 96 62 59 95 55 78 56 67 73 57 52 51 59 86 53 82 79 85 72 99 92 83 51 93 79 87 99 57 84 97 52 96 79 67 87 87 74 59 60 62 57 91 71 87 87 94 72 50 55 55 64 89 98 85 89 91 69 61 66 65 62 90 80 50 83 92 56 80 93 52 57 99 63 58 53 59 85 98 60 75 97 
87 66 87 81 85 90 50 57 50 51 70 61 60 68 96 91 50 83 85 73 70 63 56 83 81 60 66 57 97 86 78 99 54 68 60 72 99 91 84 84 53 82 66 87 83 62 68 63 93 98 56 68 71 86 71 72 98 61 90 65 97 97 78 66 75 99 77 79 97 50 54 63 69 94 99 88 83 72 51 69 87 64 99 71 69 51 95 63 94 63 52 76 62 52 64 64 52 65 77 98 
87 52 60 85 50 80 70 82 97 66 99 84 79 90 84 74 68 77 86 61 72 95 52 85 64 85 58 74 52 59 76 61 68 53 97 54 96 70 97 87 50 65 63 94 71 61 94 74 77 82 62 53 95 65 72 86 71 64 75 66 52 59 85 89 55 98 74 96 74 73 99 87 89 72 89 60 95 54 95 67 67 58 79 50 51 56 83 76 95 69 91 52 70 77 99 54 67 64 77 53 
74 67 65 58 87 89 76 55 98 96 69 50 79 81 97 50 58 64 52 88 55 92 92 61 72 61 73 69 81 61 56 59 68 73 63 55 92 78 85 83 79 86 78 89 66 59 73 64 97 71 60 59 51 54 94 82 98 76 74 78 64 98 97 64 91 70 52 89 96 77 65 63 66 87 71 83 84 54 76 61 66 73 75 96 96 50 99 69 76 88 63 83 57 52 72 98 54 59 55 93 
69 61 84 83 78 71 89 69 71 64 97 56 88 59 78 55 96 68 52 79 91 79 54 54 74 93 58 59 55 61 61 57 96 91 77 67 61 57 62 85 99 71 99 51 58 55 60 91 90 69 53 52 52 81 95 84 82 55 62 95 66 73 70 81 52 66 74 59 92 51 64 70 56 69 81 75 58 91 53 62 67 87 89 81 89 96 54 84 55 57 70 60 81 60 80 76 81 68 79 79 
71 56 88 79 79 52 84 52 66 65 81 50 94 85 96 99 79 62 53 78 64 52 61 98 88 85 62 69 77 88 89 91 97 74 81 77 56 81 59 64 81 99 55 92 68 75 74 95 87 85 74 74 57 90 94 68 62 76 58 61 74 95 54 85 98 70 58 67 88 96 53 75 75 75 52 77 51 69 84 96 70 92 83 81 73 67 51 51 53 96 80 52 57 63 93 85 61 67 59 63 
82 53 79 77 93 86 80 53 52 73 53 55 50 87 57 55 59 97 53 72 94 77 52 62 99 73 64 93 89 91 60 53 52 81 95 91 65 71 54 88 92 91 98 61 69 52 96 76 69 70 99 64 54 99 97 71 80 68 93 62 79 79 82 51 55 97 99 82 74 75 74 70 56 66 65 66 64 57 95 61 89 94 56 55 64 75 89 85 59 83 52 76 97 61 95 94 73 88 59 94 
58 53 56 93 94 93 86 94 51 75 96 97 68 90 51 53 98 54 75 95 56 64 81 68 64 99 82 90 99 55 90 75 93 89 90 57 95 88 95 52 85 55 65 77 71 80 53 89 68 68 61 75 75 87 81 53 61 76 62 52 69 91 58 53 68 82 50 77 55 80 93 76 83 51 78 50 84 97 95 85 91 69 59 83 57 61 67 98 50 75 62 90 58 53 82 86 76 75 91 67 
86 84 80 55 99 68 93 74 69 83 95 72 80 53 73 93 56 81 57 69 55 95 60 91 78 76 95 79 85 84 58 59 89 71 81 93 97 93 55 64 93 99 97 85 71 86 55 99 80 71 84 63 57 99 54 87 96 74 71 79 50 84 83 88 81 57 84 96 54 63 91 55 81 56 97 97 57 53 93 87 84 75 55 53 71 98 94 79 76 96 97 96 79 98 72 94 69 69 50 98 
60 74 50 69 75 78 51 61 98 96 58 89 57 53 76 57 50 74 64 58 53 97 64 73 91 54 79 62 66 86 80 51 70 89 68 87 76 57 72 83 66 58 62 80 75 80 91 97 85 61 74 96 56 60 96 77 88 82 71 98 76 73 94 69 85 77 51 65 54 93 63 76 93 92 51 66 58 85 95 54 96 75 97 59 64 72 77 51 54 80 82 81 80 62 59 93 87 80 87 95 
59 54 67 62 56 84 75 91 77 98 85 89 78 89 63 68 81 76 91 77 78 51 54 74 51 85 50 99 68 89 54 55 84 99 80 76 86 83 73 53 53 76 51 50 50 82 69 86 55 79 79 59 53 69 82 60 61 54 87 84 60 51 93 68 52 98 51 50 50 89 82 99 70 70 76 68 55 90 93 52 95 82 67 91 64 65 70 52 93 95 60 67 98 82 64 69 64 64 96 95 
78 52 72 96 51 85 60 75 79 68 82 99 69 96 94 91 70 96 51 93 52 59 75 68 74 54 62 85 53 56 87 66 56 76 88 53 70 58 70 86 85 79 53 67 74 90 80 69 82 85 85 97 87 70 90 60 51 63 65 59 64 67 78 63 60 80 50 58 58 98 68 72 71 59 75 81 62 99 51 62 51 53 52 75 69 98 83 62 55 62 58 85 78 76 73 94 69 65 97 78 
66 79 87 65 57 94 50 50 53 53 87 56 81 52 55 99 64 58 94 63 80 52 90 95 69 60 95 74 57 92 96 80 81 98 81 98 90 53 83 85 94 95 58 77 98 83 51 96 63 62 96 66 79 67 96 66 69 75 85 83 64 82 64 79 73 87 83 65 96 57 95 74 95 95 80 62 57 90 96 89 59 72 69 80 80 83 97 54 50 76 98 53 86 55 95 55 78 71 94 78 
52 89 91 52 58 51 57 67 71 76 99 84 79 63 55 52 84 84 86 93 55 54 67 59 85 57 82 86 97 78 75 80 98 82 91 95 91 92 85 84 75 60 98 92 52 95 98 75 70 65 67 79 72 81 67 57 79 85 69 80 66 78 98 91 86 71 87 50 53 63 56 94 62 61 89 98 83 85 57 79 76 53 56 69 58 63 84 55 51 64 70 72 95 92 73 65 53 70 67 82 
64 51 87 77 53 90 67 98 82 80 62 92 79 94 59 90 73 67 96 69 93 63 57 78 71 54 90 82 75 78 71 67 83 83 56 52 83 77 59 76 73 54 59 65 79 85 92 78 62 91 77 67 97 54 81 55 60 94 87 92 64 94 92 59 80 73 63 63 94 87 64 64 92 78 92 97 80 54 58 71 56 98 86 70 75 86 51 97 72 63 89 57 87 90 58 72 98 93 69 75 
70 57 56 97 56 85 81 67 75 93 90 87 58 58 67 66 56 53 56 95 92 61 58 84 93 99 57 55 72 63 80 76 61 96 87 58 97 98 58 61 69 77 83 80 62 76 51 98 92 67 55 80 83 79 78 50 97 75 77 80 98 93 90 82 94 82 75 95 77 85 69 71 80 92 83 63 85 91 84 68 62 51 94 86 52 50 60 81 72 69 66 62 70 92 91 88 90 98 95 97 
53 93 67 86 82 94 60 92 60 81 77 72 80 65 68 50 63 74 91 55 89 61 52 64 58 94 69 64 76 71 84 52 98 93 80 64 75 79 98 59 93 54 65 69 98 73 61 73 68 52 59 70 97 54 76 75 54 61 82 79 77 84 81 68 89 70 59 72 82 99 61 63 93 87 99 59 69 94 55 83 54 62 54 90 84 95 98 77 93 66 70 56 90 99 59 91 52 80 61 54 
66 91 67 59 80 99 67 59 61 52 53 55 50 70 96 87 53 63 95 57 74 89 99 87 60 66 72 53 63 90 78 88 86 58 67 74 76 97 82 80 57 69 88 51 73 76 77 69 93 93 60 54 83 68 51 69 81 67 70 50 53 59 75 76 75 62 72 77 60 65 98 58 60 96 59 91 94 81 94 66 70 70 98 85 96 53 59 60 77 67 83 72 78 69 87 86 99 85 95 63 
52 87 60 73 85 56 91 60 53 81 91 80 85 51 69 94 76 52 53 83 64 85 80 60 84 87 70 91 51 88 79 67 88 74 69 92 72 99 73 75 73 58 63 89 93 66 80 75 73 57 66 76 93 97 98 71 63 54 55 67 65 91 52 85 78 87 62 79 81 67 70 86 68 89 85 56 68 78 95 57 66 57 91 76 89 97 76 94 77 92 55 58 80 59 81 93 90 94 85 55 
68 62 84 92 71 94 64 60 84 76 52 96 79 57 99 59 94 70 93 70 84 77 55 81 80 61 51 90 56 58 91 55 69 52 75 86 93 56 90 67 54 85 51 50 77 88 70 94 82 70 98 98 63 78 64 56 98 91 74 80 56 51 73 59 86 60 86 68 73 74 80 54 64 75 89 75 84 80 93 56 56 90 61 80 93 74 55 65 64 92 80 52 93 50 85 55 70 91 80 55 
96 93 62 55 58 95 74 53 62 67 67 94 97 84 60 77 70 80 62 81 80 90 90 50 80 85 81 97 95 65 61 90 97 52 56 59 62 94 64 63 62 82 77 91 60 58 81 92 81 82 65 54 66 93 65 86 88 84 76 95 97 87 83 52 77 54 69 51 70 72 53 99 50 87 92 71 60 63 63 85 79 66 74 92 67 51 69 95 58 75 62 72 67 71 52 86 51 63 98 56 
86 71 65 82 77 62 88 89 95 97 50 57 58 80 90 92 55 88 62 76 75 51 61 88 83 89 96 94 54 92 78 95 75 99 94 94 64 69 58 96 81 82 90 86 79 99 89 89 86 66 79 71 91 96 82 59 62 93 58 52 99 73 68 90 51 72 73 88 89 76 92 57 86 56 86 91 86 63 68 53 53 85 83 87 55 64 77 95 76 87 66 53 75 77 99 80 74 77 89 56 
64 97 79 58 73 51 93 65 74 82 76 91 74 72 58 52 62 93 76 91 96 65 95 69 95 78 94 51 63 51 98 80 51 87 96 85 87 81 97 73 68 52 66 54 82 87 58 90 76 93 79 84 67 86 73 60 84 91 56 56 96 87 53 81 55 54 79 99 93 60 70 85 66 61 94 92 82 64 64 94 98 75 92 72 76 75 85 53 52 57 94 62 99 92 90 80 97 93 58 78 
86 91 59 51 91 78 51 98 91 75 81 79 62 61 53 80 87 71 69 53 50 57 85 91 52 65 64 70 99 60 75 71 77 56 98 61 87 64 52 57 55 80 88 86 53 61 94 88 60 78 80 88 73 74 83 73 94 61 71 86 87 70 87 63 73 80 93 77 81 71 57 77 94 81 76 53 50 87 71 75 56 55 78 94 87 51 95 94 56 95 67 63 86 64 82 53 87 68 70 78 
50 74 67 91 99 64 74 55 79 89 79 98 83 61 79 67 76 86 71 57 69 55 58 55 77 93 77 64 58 66 69 82 90 87 51 82 83 78 85 79 64 88 61 69 77 75 75 72 50 72 68 79 93 57 82 99 57 95 79 81 53 92 57 85 92 60 98 59 96 54 92 81 91 93 81 59 90 69 89 85 64 82 95 79 85 56 57 67 95 89 64 90 64 52 57 69 58 71 69 94 
78 70 84 83 69 92 55 69 70 87 53 76 88 62 93 54 78 70 69 96 94 61 88 66 92 82 69 77 64 63 63 51 73 57 81 53 70 75 54 85 61 84 53 54 62 70 88 75 71 87 75 51 99 93 84 85 60 85 74 82 81 59 72 65 69 66 66 89 54 72 53 72 84 50 66 69 73 64 59 59 50 54 95 80 68 90 70 78 95 71 90 60 55 82 55 51 64 81 55 84 
88 64 63 78 78 76 53 94 75 92 97 98 95 86 99 59 61 78 96 80 55 81 62 67 96 90 52 61 65 74 60 73 52 79 51 76 84 91 76 71 58 52 53 72 94 70 88 90 98 82 59 90 82 88 96 77 78 83 87 85 55 94 73 77 94 69 90 63 89 81 84 66 94 83 61 83 99 76 78 54 59 59 98 72 53 75 87 90 50 75 58 64 90 91 82 93 73 54 78 68 
71 71 86 87 50 75 90 96 52 72 65 82 55 99 88 90 78 82 65 97 93 59 75 56 69 95 70 81 75 79 90 87 90 92 97 85 71 56 87 52 88 71 64 68 62 50 80 99 57 85 99 86 62 86 78 97 89 68 59 64 96 99 65 52 51 69 57 74 93 55 94 82 54 74 66 60 78 70 83 62 68 73 76 67 84 59 73 84 76 51 67 95 53 84 93 91 51 55 85 94 
91 83 73 56 98 59 68 77 97 80 94 84 95 78 86 71 64 81 55 83 69 66 85 61 89 50 62 80 62 71 70 53 80 62 80 78 51 65 62 82 55 74 51 70 93 51 51 63 73 99 82 54 57 71 86 96 94 53 90 75 56 67 74 85 79 96 89 82 76 92 75 72 76 67 66 80 75 81 95 77 55 54 60 79 95 99 84 81 95 64 87 63 71 88 74 74 57 58 64 78 
63 90 62 97 88 84 91 58 63 62 58 83 65 58 64 74 54 68 97 78 55 86 93 51 92 66 72 66 77 68 61 70 99 89 88 98 56 50 87 97 89 96 83 56 79 81 60 87 50 55 76 56 88 89 99 85 57 82 64 77 88 76 73 66 83 59 79 57 69 51 97 71 61 76 85 83 93 97 71 87 84 57 51 90 98 66 60 87 86 51 73 80 79 85 80 66 74 60 98 88 
97 62 71 97 91 58 55 62 86 73 61 90 51 82 72 53 94 64 71 84 97 92 61 62 91 53 69 50 69 73 56 66 76 50 73 66 92 92 73 81 50 58 91 72 76 73 78 86 70 51 83 66 71 73 58 63 77 55 75 51 77 53 64 63 98 60 69 65 62 93 77 54 69 99 77 66 63 51 67 62 92 89 95 50 69 61 60 54 99 70 98 95 84 83 71 65 66 93 57 51 
73 74 68 61 98 94 52 68 96 61 68 52 56 69 51 77 80 57 54 60 67 82 53 97 50 71 94 70 55 84 87 70 86 68 61 81 55 73 70 58 90 54 99 57 66 70 98 62 52 57 50 61 80 77 73 78 66 68 93 52 60 56 61 85 64 73 97 62 79 78 60 61 95 82 54 69 78 65 80 78 55 83 63 95 66 87 74 97 55 97 96 77 68 83 66 80 95 60 95 56 
65 55 91 95 92 77 59 67 93 80 60 89 75 73 92 65 93 93 55 75 54 97 93 80 76 94 61 58 64 87 52 72 94 99 93 78 55 86 82 93 67 60 73 93 88 60 94 72 97 91 95 52 77 70 55 82 51 55 90 89 52 77 78 86 88 97 82 66 51 73 98 83 74 99 78 60 89 99 83 98 58 66 88 90 55 75 78 66 75 60 63 79 64 98 81 61 77 97 89 81 
60 67 57 77 90 75 69 71 74 51 67 92 76 96 75 82 63 65 69 58 59 92 92 52 74 87 50 76 55 52 79 80 69 59 96 95 56 50 63 53 86 58 51 77 71 94 68 53 75 78 70 92 95 65 82 55 70 58 94 92 90 84 72 72 72 52 76 52 85 95 80 73 50 85 60 51 62 72 89 96 57 89 95 68 58 88 54 71 71 94 99 88 72 83 55 91 95 71 74 66 
85 68 54 52 65 73 55 72 57 53 51 70 66 55 88 67 52 57 81 70 58 50 71 86 62 68 82 59 65 82 73 86 67 81 62 70 59 91 82 80 51 86 77 54 50 68 95 51 72 65 93 99 58 51 97 67 93 64 75 90 59 56 71 98 90 62 65 77 55 81 50 58 69 66 79 70 60 68 59 68 66 52 64 76 95 63 93 71 78 77 85 78 86 99 56 71 90 96 98 52 
65 77 99 86 62 82 88 55 58 97 80 92 89 73 77 98 68 98 58 95 61 71 64 99 56 61 67 50 54 74 74 79 71 97 79 86 62 65 90 77 60 73 71 85 59 92 77 57 90 68 62 67 97 88 92 67 85 58 50 58 50 77 88 74 84 67 80 68 85 55 94 82 85 74 55 85 76 98 82 77 60 56 64 82 86 57 61 66 52 86 78 82 89 60 54 91 59 78 93 88 
87 51 83 68 67 90 84 77 95 56 68 72 67 72 70 54 78 87 66 89 60 97 80 84 91 63 93 58 99 71 68 87 85 75 86 69 87 85 84 64 93 75 54 88 55 94 59 89 89 53 77 87 73 73 70 60 51 83 64 87 52 50 64 68 65 77 98 78 60 57 74 99 88 94 63 60 74 57 65 60 85 85 54 81 57 50 67 91 90 67 91 81 83 63 78 89 98 89 95 99 
74 52 97 76 94 81 67 92 95 94 76 52 79 94 73 88 64 66 87 87 92 79 71 52 74 92 99 87 83 95 64 98 79 57 52 94 95 95 64 89 66 75 69 76 67 74 94 58 87 94 83 78 57 59 80 58 94 72 55 71 54 96 85 71 62 85 90 88 70 54 99 73 87 56 54 66 98 84 91 63 99 52 85 74 54 91 98 97 73 85 57 76 64 78 84 94 86 87 71 92 
62 78 86 60 59 77 72 60 87 76 62 60 70 52 67 52 59 94 98 96 94 95 56 71 63 85 93 72 97 61 97 89 90 66 68 90 84 68 94 63 50 83 97 76 76 71 79 79 82 56 87 95 70 75 75 87 65 87 59 86 80 51 78 85 85 52 64 73 68 55 93 97 92 53 51 78 50 66 76 88 84 91 54 60 90 69 74 90 97 52 60 95 91 87 52 76 82 83 65 65 
89 52 71 95 89 86 91 60 70 99 94 83 62 54 81 63 58 74 98 90 60 51 79 68 93 63 85 89 89 65 60 61 72 62 75 93 90 66 75 91 93 80 97 66 91 60 86 60 87 75 89 54 75 56 62 63 56 74 95 86 63 80 76 98 52 95 55 97 50 82 70 55 57 86 66 89 80 71 91 91 85 80 53 80 67 92 77 94 61 90 77 97 67 68 98 55 77 64 80 72 
62 80 97 94 92 69 98 51 69 90 94 92 64 74 54 57 81 95 56 50 76 85 77 58 73 91 66 59 58 81 84 69 65 51 99 56 72 83 64 65 57 98 96 53 80 66 82 98 88 50 72 96 82 98 59 85 82 96 75 85 63 83 60 81 51 79 64 66 50 77 83 77 56 53 55 94 70 84 83 92 92 93 67 98 52 85 99 88 63 98 70 80 73 85 88 59 69 90 72 76 
69 53 87 95 61 74 88 52 91 60 77 83 73 65 53 73 92 51 98 57 56 96 86 66 87 77 71 66 65 63 97 62 97 71 74 75 71 82 89 92 96 94 72 52 67 64 66 75 81 57 89 95 95 99 82 86 92 64 61 84 86 61 59 57 72 92 61 51 67 77 63 55 66 70 68 71 87 57 73 68 79 70 66 67 60 73 68 84 62 93 50 74 57 69 64 81 96 52 72 57 
66 77 64 63 89 99 62 57 82 55 88 58 81 62 76 80 88 59 60 59 80 99 53 73 78 66 56 98 90 54 58 70 95 98 92 51 96 51 83 63 61 90 75 51 93 59 77 89 56 91 76 74 67 80 94 86 76 88 87 85 83 87 69 94 71 61 50 99 95 82 84 67 90 69 57 75 58 87 66 91 94 50 51 92 71 78 95 51 56 84 91 58 86 79 87 62 57 65 71 74 
80 68 60 54 70 92 73 90 86 79 78 67 84 95 51 69 96 92 69 88 59 98 71 60 53 79 75 59 71 94 78 72 64 76 53 83 92 67 58 93 54 82 87 96 88 77 88 96 78 53 57 84 52 74 64 58 58 98 92 73 72 63 95 94 67 89 59 62 61 86 80 90 55 65 91 81 87 74 74 79 74 89 82 91 85 61 77 84 75 81 85 51 96 94 56 74 54 63 81 90 
73 55 95 59 95 79 74 65 54 96 84 59 86 89 90 97 68 84 85 80 65 51 74 60 99 63 82 92 82 78 95 84 87 71 97 70 94 68 98 93 81 61 62 60 98 91 92 69 79 63 62 99 93 98 75 65 72 53 58 71 81 98 79 58 75 96 75 82 87 99 98 58 80 85 94 66 52 96 77 99 70 54 89 90 61 61 97 98 80 89 50 64 50 94 72 98 60 60 76 58 
58 85 71 50 67 64 89 54 61 67 56 88 80 59 61 64 58 87 60 86 79 75 86 59 60 63 99 66 95 99 55 57 81 65 59 64 51 72 84 67 81 78 59 77 85 97 79 85 59 81 94 62 95 72 88 54 50 90 96 83 85 58 60 76 92 62 79 51 86 54 95 57 68 81 75 62 52 70 97 59 52 87 71 84 76 58 95 73 93 85 72 99 66 52 61 96 92 79 63 98 
84 64 56 91 92 61 78 74 80 89 75 72 53 62 96 88 67 77 72 97 93 57 76 90 94 91 77 55 84 79 69 57 58 87 97 92 77 99 87 71 84 73 92 58 57 59 88 78 56 56 72 86 76 96 60 94 80 83 54 81 88 79 91 61 61 68 52 51 67 56 81 73 58 59 59 64 88 87 66 56 76 79 57 97 60 63 51 57 50 93 51 75 64 68 87 92 64 90 64 66 
68 69 83 51 73 87 65 80 88 60 90 68 69 61 56 87 89 90 63 65 88 83 74 55 51 88 95 94 71 93 89 95 74 61 88 54 98 78 73 63 69 79 89 88 69 65 74 67 68 82 74 83 61 52 85 82 79 69 58 90 83 89 74 51 77 62 84 55 95 56 95 99 91 52 92 63 79 94 74 90 79 63 54 86 70 93 72 79 99 88 74 57 67 90 50 54 66 62 90 51 
74 82 72 74 54 80 79 54 64 63 55 68 79 75 98 90 91 67 55 53 90 66 62 87 97 64 97 89 60 52 76 93 91 88 87 91 60 59 58 50 91 83 81 65 51 91 86 68 55 59 59 85 65 61 61 87 53 78 92 67 90 62 82 79 71 96 85 95 86 54 83 76 94 59 52 69 54 55 73 82 77 86 63 84 56 68 90 81 88 75 78 90 96 90 63 80 70 62 89 87 
87 89 72 81 96 67 80 80 50 83 58 58 71 95 58 80 89 99 71 72 54 84 82 86 60 77 68 79 57 92 57 94 77 63 66 88 58 81 66 56 63 75 78 82 94 64 64 59 87 77 82 89 90 52 98 75 62 79 78 70 62 64 64 62 68 90 71 64 56 69 72 91 85 67 82 70 52 95 73 56 72 57 77 85 90 93 84 94 67 89 61 77 73 64 74 78 77 85 94 80 
65 90 76 82 64 99 51 97 61 74 68 76 83 71 50 74 95 64 75 88 99 67 94 76 76 88 78 83 73 69 72 71 55 85 55 50 93 61 58 91 68 78 69 97 78 66 68 69 57 62 71 98 87 61 88 97 78 80 80 60 62 57 51 58 78 73 67 70 78 85 85 84 70 50 70 65 74 89 74 96 98 95 89 83 56 81 94 57 51 80 56 78 61 78 94 91 74 64 97 59 
98 68 50 86 97 80 50 83 57 87 85 94 80 79 82 51 66 72 79 96 98 57 93 99 81 96 91 91 86 93 61 80 91 53 55 57 80 94 87 88 93 86 50 96 80 93 65 61 86 81 90 52 65 82 59 67 82 75 78 54 93 57 78 68 95 81 70 79 86 99 72 50 51 57 98 75 78 57 55 63 62 71 71 66 67 54 95 86 74 99 77 86 80 50 50 73 81 56 72 72 
74 82 63 81 58 62 50 93 66 63 57 65 51 88 55 93 75 59 95 91 61 79 78 75 73 60 90 69 80 82 78 90 86 83 63 72 54 77 88 99 65 64 70 80 84 66 94 52 69 96 83 56 99 94 81 58 96 50 80 68 51 93 74 67 71 89 56 95 95 67 57 78 88 69 67 60 81 94 60 60 59 94 84 64 92 61 63 66 52 65 56 79 69 79 54 61 87 91 57 85 
73 62 97 98 96 74 70 87 52 56 89 95 77 86 97 72 85 86 75 55 55 55 71 77 87 89 71 89 52 67 76 66 52 73 99 89 56 87 98 89 68 85 53 91 93 85 99 67 61 93 96 63 57 67 83 85 98 69 75 89 99 64 93 82 54 99 78 63 86 84 50 60 63 80 66 99 77 61 99 69 87 85 69 84 79 69 99 98 54 77 82 75 51 83 51 97 81 86 96 71 
89 89 60 91 91 51 59 88 60 88 89 68 64 64 63 95 71 92 88 75 52 92 64 67 56 81 81 73 99 50 90 75 78 58 84 51 80 66 52 67 94 96 65 71 86 57 98 54 80 72 56 89 51 88 66 79 63 74 92 97 75 51 63 56 88 92 72 89 69 59 77 65 74 62 63 86 99 69 71 52 64 55 96 81 85 97 90 59 82 70 67 74 75 63 68 65 67 91 50 71 
74 61 79 58 98 54 66 52 59 55 92 59 82 60 81 98 75 53 69 82 78 80 62 76 52 92 80 69 68 92 62 89 78 73 57 52 97 84 60 90 97 62 99 87 61 64 53 61 98 88 55 83 98 83 53 90 91 72 62 86 77 57 62 92 76 64 80 54 86 63 60 77 95 60 64 65 89 55 57 58 89 72 52 90 61 95 80 85 76 93 68 73 80 75 99 79 97 56 70 95 
83 66 97 90 63 50 95 58 99 98 60 59 51 55 96 81 67 96 73 75 64 55 66 51 98 86 98 53 52 90 50 83 91 53 94 70 90 76 66 56 62 88 52 56 94 50 58 70 87 85 51 53 87 98 84 56 99 71 64 63 82 68 94 61 92 52 94 61 77 78 50 96 71 53 83 52 89 55 80 97 65 66 79 70 61 92 93 64 88 50 57 91 91 64 85 52 83 74 62 53 
72 60 78 62 97 52 74 86 55 94 61 65 53 57 76 60 88 56 84 58 51 50 78 68 81 77 78 83 56 64 86 66 90 60 67 83 64 87 50 59 86 83 86 88 70 96 73 60 84 77 51 51 58 70 74 94 84 90 72 51 90 90 53 85 66 50 60 71 72 74 74 52 66 60 57 61 60 64 58 56 62 90 55 71 72 51 54 89 67 53 74 79 89 91 82 51 58 76 60 99 
55 99 61 66 83 54 97 77 51 73 56 87 96 58 74 83 92 96 74 74 91 73 80 84 96 93 55 69 59 84 90 83 62 79 71 52 77 98 61 66 85 54 57 60 64 71 65 98 81 55 97 53 80 94 71 80 70 60 72 66 84 79 65 80 71 81 78 60 75 90 73 89 92 95 81 75 73 87 56 85 58 53 69 82 51 86 53 76 50 61 72 67 88 86 55 71 64 99 64 88 
64 78 65 94 77 80 74 93 84 58 79 91 98 98 74 51 51 94 71 75 70 57 76 66 57 64 63 56 75 50 82 95 56 73 52 78 60 79 98 59 86 98 90 67 80 64 95 57 78 81 97 71 52 71 69 53 66 52 88 56 95 86 57 96 73 52 86 79 83 99 95 77 99 66 67 64 84 98 82 56 97 87 74 62 96 55 53 67 90 81 87 73 91 65 81 61 73 67 59 60 
58 54 62 73 98 69 96 99 68 65 92 91 89 78 96 71 99 69 80 94 79 85 62 61 80 80 84 74 57 97 69 71 51 60 84 53 58 64 71 56 99 62 65 52 52 88 67 87 76 62 96 83 84 55 74 74 83 58 52 75 74 87 89 75 61 77 54 59 58 71 65 64 61 67 60 95 60 85 85 71 88 94 68 80 70 94 78 67 83 87 62 68 94 57 91 55 76 66 91 83 
71 97 62 88 84 62 54 78 99 72 71 75 62 99 79 95 93 79 77 86 53 79 98 51 68 61 87 75 60 94 63 69 55 51 80 67 92 75 69 94 66 60 61 56 90 67 53 75 67 97 76 86 59 83 51 51 97 71 98 67 79 65 73 91 91 78 78 62 95 60 73 98 84 68 60 70 84 75 54 58 80 80 57 69 93 90 74 93 67 95 52 95 77 87 55 64 53 67 58 86 
66 92 74 84 57 89 87 82 81 60 53 79 57 94 74 55 91 69 95 50 99 64 73 54 79 96 85 54 73 74 53 66 64 56 59 86 58 89 96 70 62 51 54 76 73 86 75 54 76 75 87 61 70 64 69 94 77 75 78 89 61 91 71 84 79 99 89 69 88 61 70 55 72 85 95 52 96 71 56 63 73 71 61 65 90 84 69 61 96 91 93 56 75 65 93 75 76 62 96 71 
63 69 89 90 78 98 83 73 56 82 72 69 50 92 90 81 69 70 60 53 86 73 66 57 85 88 57 99 75 68 59 81 67 67 56 64 74 65 69 77 94 94 75 70 99 62 89 86 66 78 53 53 94 56 63 67 59 97 58 61 52 95 81 55 69 61 80 94 85 67 69 88 72 55 60 84 83 58 57 68 55 59 76 93 78 58 99 58 67 54 94 82 90 53 65 60 81 87 91 91 
56 62 79 92 79 85 84 55 89 76 80 91 52 96 59 89 54 86 52 96 71 76 93 78 65 51 68 79 82 88 88 62 50 73 76 82 74 70 88 93 97 74 74 88 67 99 91 63 63 98 74 93 91 77 86 52 77 58 68 78 54 59 74 84 66 88 58 53 84 58 84 67 84 55 81 98 54 95 56 54 74 57 94 68 55 62 54 73 54 52 57 69 54 85 85 89 65 56 84 71 
72 97 55 70 78 56 60 82 93 96 85 70 76 66 87 96 88 83 98 85 94 97 68 61 66 62 75 73 52 70 88 66 89 58 71 97 89 53 73 70 87 73 58 90 96 50 59 63 95 91 55 58 66 66 71 98 64 69 55 84 58 83 87 80 71 85 63 55 60 75 85 57 60 66 81 87 78 58 60 81 82 82 58 89 68 78 84 54 78 84 84 62 62 84 90 68 60 53 91 86 
94 77 71 58 62 89 82 93 96 57 88 62 73 77 56 97 59 55 92 97 93 87 85 62 75 73 72 79 91 51 66 74 50 97 53 71 51 55 61 62 87 63 51 86 93 51 72 97 60 96 80 82 70 77 96 54 69 57 92 94 94 58 64 82 66 64 88 55 68 65 70 69 90 57 89 94 77 89 88 99 65 93 76 92 71 88 73 60 78 50 98 72 91 99 70 91 63 51 62 96 
92 76 57 89 64 86 58 86 52 98 67 78 82 85 80 55 74 90 57 56 90 66 73 73 61 95 69 94 69 75 71 57 74 74 54 71 81 91 68 66 98 50 87 62 77 60 66 84 81 83 82 89 62 51 77 52 71 81 90 80 80 63 99 83 53 54 57 67 94 93 59 74 95 59 93 77 81 76 90 57 60 75 81 75 89 96 76 76 97 52 58 68 57 63 91 91 93 55 78 82 
84 52 53 62 57 73 67 99 72 89 74 77 90 60 74 79 83 89 50 75 71 74 89 99 99 97 64 79 94 66 69 94 95 75 85 92 79 78 92 78 59 77 60 82 97 89 72 51 51 67 57 51 82 74 55 51 99 60 94 67 69 73 84 93 83 91 83 79 87 76 79 96 89 85 90 68 68 71 84 53 69 83 95 82 71 60 95 93 68 82 95 95 63 70 97 62 87 84 87 50 
94 58 71 95 59 63 70 54 74 88 99 80 94 81 92 80 55 82 51 90 63 78 87 75 62 52 52 73 92 64 96 87 54 97 68 97 71 75 82 67 88 53 75 58 71 94 86 93 70 55 77 66 94 61 61 51 51 51 81 56 51 71 98 94 54 61 97 88 63 57 96 78 69 79 54 78 80 73 92 93 77 56 73 88 75 91 81 61 87 69 92 90 61 89 57 84 90 82 68 68 
76 95 83 58 71 59 53 94 64 58 59 64 66 65 63 86 95 83 51 54 71 88 63 79 79 91 99 93 86 95 84 55 83 99 71 68 59 74 70 98 99 93 53 95 81 97 79 73 62 52 70 83 97 73 51 50 56 86 88 53 98 61 68 89 58 68 95 62 66 70 51 86 63 52 72 60 99 89 87 84 79 76 94 93 63 77 94 63 82 51 65 51 76 77 57 92 63 86 88 52 
99 75 60 89 71 97 99 94 84 93 69 82 86 52 70 78 88 71 96 56 69 80 73 67 67 63 51 60 82 50 76 61 54 72 69 78 85 86 52 62 93 64 53 87 53 71 91 89 69 74 89 84 66 52 61 64 98 54 81 55 88 91 97 80 76 60 56 83 95 92 65 83 62 52 86 88 75 88 84 95 60 68 96 77 79 58 76 78 89 91 78 77 85 61 95 86 54 83 77 71 
78 65 97 52 52 51 63 83 90 86 87 92 67 68 80 62 62 54 89 79 79 79 70 53 85 69 65 59 57 66 74 51 75 53 66 65 55 76 91 96 80 59 95 73 91 62 56 90 92 51 61 81 57 83 90 59 93 65 57 93 80 83 73 92 55 62 51 74 79 50 55 88 85 80 53 73 95 94 71 68 88 81 52 89 53 92 91 65 82 67 78 73 95 93 92 63 51 81 61 99 
73 98 76 80 68 75 98 99 88 86 96 83 79 68 58 85 96 61 92 97 82 94 62 71 60 50 75 66 81 85 71 80 62 90 52 62 64 68 72 70 68 50 69 79 88 68 53 79 86 75 79 72 54 79 55 86 84 51 83 65 93 90 54 92 88 56 75 81 64 99 96 54 50 89 92 51 52 68 93 79 61 86 84 55 53 86 94 59 54 91 77 99 68 72 71 72 84 86 66 79 
81 77 55 68 90 72 81 82 70 87 93 66 83 52 78 80 96 80 58 51 86 51 93 62 83 62 82 90 58 99 84 54 82 97 75 79 59 94 94 61 98 97 87 65 80 88 60 57 58 85 75 95 89 76 54 50 91 51 79 64 51 75 69 82 65 61 90 92 84 51 76 50 70 92 52 77 66 95 53 55 59 91 81 54 78 79 78 57 92 67 58 67 56 69 94 93 62 59 97 58 
87 51 77 78 62 95 92 79 88 81 79 53 69 97 80 58 86 89 70 82 95 63 86 58 89 80 91 82 76 82 92 77 90 59 66 93 93 90 58 72 80 64 75 61 94 68 63 50 86 60 85 99 98 99 69 91 69 91 65 55 97 81 82 87 95 94 55 84 61 66 96 72 77 88 94 53 59 58 72 78 63 55 56 56 56 80 57 54 57 71 59 67 76 85 67 53 72 54 71 56 
86 94 70 97 99 57 66 56 86 98 50 59 76 61 53 92 86 76 65 78 52 98 86 90 61 60 89 55 77 73 72 53 96 94 61 80 63 64 88 84 87 65 50 57 61 57 90 98 58 76 72 71 66 75 71 84 65 94 90 99 55 64 52 90 89 89 98 71 57 63 66 59 60 87 91 78 88 95 63 86 67 80 82 56 83 80 62 51 85 62 83 78 91 79 95 80 76 60 61 66 
70 99 62 55 58 75 70 87 66 91 58 74 65 98 58 97 77 82 71 71 94 77 63 71 55 59 79 66 57 82 60 59 55 73 80 89 74 58 56 81 55 93 51 83 68 96 57 58 53 52 86 65 78 67 56 66 83 72 96 76 58 93 72 94 82 94 94 52 78 83 61 77 87 54 72 95 92 79 97 61 97 59 60 60 87 79 98 88 82 57 84 53 98 53 76 85 74 73 56 85 
99 92 72 84 72 67 50 95 55 52 93 91 95 53 95 58 93 70 88 80 54 87 74 73 80 73 60 99 53 97 97 59 54 94 88 82 83 65 64 64 85 67 57 64 96 83 54 77 67 55 66 77 85 59 52 69 99 91 62 88 66 94 88 66 80 96 87 61 97 80 70 99 52 50 78 61 79 71 65 53 62 62 75 69 72 76 72 61 65 73 63 83 68 80 75 74 81 98 98 79 
52 98 84 78 55 74 99 62 86 71 50 93 54 98 62 90 64 89 79 81 83 55 83 59 70 77 62 81 56 88 50 70 62 65 55 78 96 71 88 77 95 65 98 80 74 55 66 81 72 56 85 69 76 64 82 50 79 87 75 89 66 84 98 80 87 93 64 83 69 67 81 72 57 58 62 78 87 64 74 59 81 83 79 79 68 76 61 66 95 92 90 85 61 58 99 90 80 88 51 75 
77 66 63 83 80 76 89 65 75 96 53 77 81 81 66 89 78 95 78 90 73 52 82 78 75 66 57 55 90 51 65 51 73 61 56 65 69 82 87 95 72 91 69 70 98 52 60 53 67 70 79 87 68 66 95 70 73 63 57 85 77 91 63 60 95 71 65 99 71 85 85 99 58 82 54 91 73 67 66 59 82 84 97 95 50 51 67 66 74 83 86 86 58 51 50 89 94 64 93 84 
86 55 98 92 81 56 54 75 75 60 92 65 53 67 57 79 60 93 71 98 80 56 54 64 99 57 92 97 99 82 91 56 95 54 72 71 80 62 65 76 65 70 60 88 80 64 71 87 58 98 72 86 85 64 56 51 94 64 57 52 88 96 99 76 57 57 59 78 61 50 95 74 87 87 67 98 62 91 71 89 82 85 88 98 97 73 57 95 77 91 95 51 65 69 53 60 74 99 55 64 
60 50 64 73 62 92 61 74 68 93 96 54 51 92 89 86 66 87 67 60 84 74 68 88 99 85 92 91 92 67 75 80 86 98 68 94 92 57 54 90 70 91 72 56 66 79 50 78 52 56 94 68 68 88 98 51 82 95 68 70 87 61 55 52 83 86 84 79 58 59 71 78 60 56 85 75 61 67 84 56 56 93 77 93 66 93 91 74 98 73 98 62 50 87 98 68 52 89 63 72 
71 64 91 87 82 65 55 72 64 69 86 61 61 85 80 69 95 72 55 81 65 78 90 90 90 52 67 64 59 53 57 91 79 53 55 60 56 90 77 53 69 56 73 68 93 75 72 58 58 94 76 77 61 96 73 66 80 63 82 92 93 60 82 62 66 61 64 73 56 92 76 72 69 93 69 74 90 84 62 84 77 58 81 85 79 67 89 97 77 55 55 76 52 85 72 62 96 83 66 56 
86 88 91 81 86 59 94 86 59 60 84 96 72 54 78 52 59 92 54 57 79 96 81 80 53 81 82 59 78 72 78 95 69 78 72 79 72 96 69 80 69 53 76 64 65 52 78 95 73 79 53 77 89 69 96 82 67 60 88 67 68 76 71 59 89 80 92 79 88 60 59 94 96 56 65 92 50 64 85 80 70 50 52 52 55 91 51 57 94 54 68 67 80 79 60 65 74 86 73 71 
72 88 71 83 63 93 91 70 89 77 55 65 71 61 87 75 66 66 92 53 55 55 73 87 62 63 73 55 78 72 86 66 58 56 52 68 75 99 67 63 92 91 52 85 66 75 74 90 71 96 82 91 54 64 80 95 77 66 70 93 53 63 64 93 77 56 96 52 55 55 72 89 75 60 52 79 58 64 75 88 63 87 72 63 73 73 78 88 73 68 79 72 78 59 68 95 77 94 56 89 
50 51 57 59 99 87 56 81 57 78 79 87 52 71 61 54 81 63 53 59 82 83 84 53 90 99 91 96 67 56 95 50 92 72 80 83 67 88 83 55 99 81 55 79 73 55 92 88 77 61 94 78 56 50 93 59 62 75 91 64 86 82 76 85 99 50 71 96 95 97 93 83 96 67 70 83 71 84 51 94 76 99 69 83 91 83 69 93 58 82 62 52 63 73 86 82 76 75 88 78 
58 52 63 51 79 59 50 83 68 70 84 52 80 81 83 91 79 62 73 52 51 83 72 60 60 74 94 59 89 91 83 92 79 98 89 64 94 71 99 97 76 59 92 67 88 69 81 75 96 67 73 95 83 63 82 79 52 64 62 51 75 78 76 57 68 52 95 64 64 81 88 72 85 50 76 57 56 81 76 89 76 54 69 74 97 61 64 76 98 62 81 58 60 78 76 61 73 55 90 78 
72 80 61 80 62 85 70 66 79 93 84 65 94 82 74 51 59 56 60 85 63 93 54 99 85 51 51 98 62 95 84 58 71 67 78 95 95 81 87 80 57 77 91 64 76 88 58 59 57 59 75 94 67 83 74 61 63 91 85 99 61 52 64 85 80 54 56 79 76 70 95 67 65 88 71 88 68 81 80 60 78 72 56 92 53 58 84 96 59 99 61 55 95 84 75 78 63 86 52 80 
68 80 54 92 88 78 97 67 61 52 53 77 93 80 88 70 91 98 92 53 79 97 55 93 77 84 68 69 73 77 54 74 93 81 74 82 66 84 79 50 88 90 64 54 95 92 60 65 69 94 67 51 61 91 89 94 53 92 91 98 87 92 55 65 74 63 86 99 75 76 70 80 82 66 70 75 71 55 83 88 53 65 99 97 99 53 53 56 95 57 75 98 80 96 86 81 61 81 83 76 
93 59 86 88 86 87 86 99 75 91 85 50 80 89 78 79 98 84 78 95 76 86 57 63 80 86 50 56 78 59 90 68 92 99 63 99 70 59 79 75 50 60 54 64 84 57 50 70 78 64 63 83 74 71 57 58 61 75 57 53 92 56 69 75 60 66 79 61 82 86 87 88 59 60 99 85 81 85 90 67 87 55 66 50 54 66 71 70 53 65 84 75 54 77 69 76 60 92 54 60 
76 56 90 92 98 73 90 67 59 92 87 58 96 95 99 50 84 53 98 72 57 75 59 68 74 69 88 74 55 59 57 74 66 95 58 55 95 80 62 61 67 54 65 54 78 78 90 99 75 52 96 82 64 68 72 55 53 62 87 65 83 88 85 65 58 63 53 61 70 70 97 66 51 66 92 65 81 79 83 76 80 75 58 76 53 93 55 55 55 85 69 70 82 63 91 51 88 87 75 50 
82 60 86 60 97 88 73 83 64 55 73 85 59 73 93 64 98 64 81 71 81 90 55 90 83 58 78 82 82 96 59 56 96 60 75 95 92 79 86 89 77 97 98 54 78 79 92 55 59 50 78 83 95 87 88 71 97 58 90 95 84 73 85 51 96 54 94 71 93 86 95 68 61 66 91 52 82 55 72 70 85 64 79 91 55 82 63 55 73 57 90 97 75 98 61 68 51 95 57 55 
82 81 72 54 73 81 59 89 96 56 88 78 68 82 53 57 93 81 89 76 93 67 96 85 94 68 97 89 80 80 97 59 73 52 61 69 60 72 96 65 71 69 80 78 89 92 73 81 60 84 56 70 74 84 54 92 93 87 76 70 64 68 85 68 74 72 81 76 91 64 51 99 96 96 62 95 62 73 73 60 86 85 77 56 96 87 74 75 77 66 53 63 83 91 70 65 51 77 52 70 
64 88 53 97 72 74 81 94 64 66 64 72 73 85 72 60 76 73 93 86 62 94 83 56 78 91 94 66 99 74 58 94 76 72 52 87 66 54 54 76 53 99 88 76 95 69 73 77 84 79 56 95 57 54 63 63 78 95 83 51 52 88 70 83 61 60 75 88 50 89 82 94 54 98 65 91 77 66 73 94 69 78 91 93 95 77 80 78 94 84 56 64 83 81 76 78 98 53 61 95 
81 91 74 59 60 66 97 81 53 90 68 84 57 52 67 94 89 97 73 65 66 62 67 75 73 62 91 59 64 85 82 75 80 53 54 95 89 60 88 94 52 77 55 97 74 56 56 53 50 88 68 52 52 89 96 90 71 98 89 89 75 85 98 94 59 59 57 94 68 94 64 71 78 56 88 74 54 74 76 90 70 74 78 70 72 54 85 67 51 76 70 57 93 82 94 94 95 63 67 79 

