2
120

125 128 
125 129 
140 172 
145 148 
135 169 
171 170 
169 141 
167 135 
152 156 
127 143 
159 152 
172 172 
128 136 
162 155 
143 139 
126 150 
170 152 
145 161 
160 172 
141 126 
162 133 
144 165 
170 134 
133 140 
164 147 
165 156 
162 132 
147 152 
164 151 
163 143 
163 145 
152 144 
131 142 
139 161 
169 148 
151 163 
169 128 
157 135 
127 171 
157 168 
140 151 
149 166 
168 145 
155 147 
128 134 
134 125 
140 137 
127 126 
126 133 
130 160 
157 128 
127 143 
135 125 
138 149 
165 134 
149 137 
147 167 
131 155 
144 152 
174 146 
132 139 
167 137 
174 134 
151 154 
173 145 
157 162 
152 157 
135 138 
139 160 
139 133 
148 142 
159 160 
143 144 
138 144 
128 134 
135 127 
168 133 
156 136 
173 159 
166 139 
160 137 
169 149 
128 131 
144 129 
130 166 
147 154 
126 146 
158 169 
173 134 
125 165 
127 159 
143 151 
171 170 
130 159 
168 145 
171 162 
136 140 
139 159 
172 156 
157 159 
168 143 
147 152 
135 174 
166 156 
148 158 
146 136 
170 164 
141 158 
133 141 
165 169 
136 153 
172 154 
171 127 
156 136 
173 173 
161 127 
167 132 
151 159 
155 133 
141 156 

57 82 82 63 89 86 94 61 66 66 96 61 61 60 94 98 51 94 72 67 80 78 95 70 78 70 92 71 82 98 66 86 99 76 81 65 86 65 51 70 61 80 87 62 87 95 55 89 86 61 71 54 82 87 80 52 89 64 89 91 74 89 83 96 93 73 80 92 94 54 96 98 93 58 56 59 78 58 95 67 79 90 61 68 69 63 54 72 68 56 81 74 64 70 89 98 63 81 91 90 50 70 91 73 60 95 89 85 68 55 80 51 65 58 78 62 96 81 85 56 
50 70 91 73 60 95 89 85 68 55 80 51 65 58 78 62 96 81 85 56 67 75 86 84 58 79 53 65 64 68 86 95 86 65 91 79 50 96 80 87 97 56 79 73 89 97 81 83 78 76 77 51 53 69 51 83 51 81 99 67 80 86 58 82 69 54 66 56 99 51 74 99 84 98 75 69 63 69 65 80 78 54 67 71 50 78 58 64 80 88 72 74 82 81 80 80 93 86 58 55 55 56 74 86 76 80 98 88 51 70 59 71 54 69 57 60 92 93 84 80 
55 56 74 86 76 80 98 88 51 70 59 71 54 69 57 60 92 93 84 80 54 54 59 87 64 92 64 61 71 67 50 78 55 64 99 62 57 93 61 61 74 76 58 57 57 70 84 97 73 71 98 65 61 74 99 63 63 96 67 89 52 91 86 95 76 98 74 74 78 83 80 53 73 84 89 63 52 66 52 63 92 86 89 91 64 80 58 99 60 73 67 62 67 50 50 93 79 77 77 61 96 55 94 88 93 86 67 56 69 67 90 76 99 67 86 66 71 60 89 60 
96 55 94 88 93 86 67 56 69 67 90 76 99 67 86 66 71 60 89 60 52 50 80 74 72 70 59 54 87 86 67 68 89 53 68 53 93 58 87 69 86 84 99 50 78 99 58 53 80 82 66 63 81 71 57 64 62 69 62 59 61 68 68 66 70 92 80 85 50 91 67 83 95 82 92 57 73 75 50 64 81 58 95 77 57 97 97 93 94 61 75 78 87 95 55 71 58 96 79 91 52 58 68 72 89 98 67 79 71 92 54 99 95 77 74 56 51 56 80 91 
52 58 68 72 89 98 67 79 71 92 54 99 95 77 74 56 51 56 80 91 56 95 99 57 76 76 53 88 85 53 96 60 69 82 57 84 86 61 70 90 56 51 62 98 89 98 81 98 90 79 62 63 57 81 70 95 74 59 95 77 94 66 50 61 77 68 92 67 85 79 77 72 81 61 53 84 91 50 55 96 73 87 80 99 86 89 99 52 96 68 96 88 54 76 73 50 74 94 97 76 59 72 58 98 76 62 62 95 58 73 91 88 62 54 70 62 84 85 83 71 
59 72 58 98 76 62 62 95 58 73 91 88 62 54 70 62 84 85 83 71 61 75 71 64 97 64 52 79 86 98 64 58 85 72 74 79 96 74 52 92 83 83 85 52 79 97 60 79 54 51 68 59 94 77 87 69 89 59 56 66 63 93 62 94 61 51 59 95 88 71 62 55 94 99 71 80 57 84 67 64 93 60 96 82 69 62 60 82 59 56 51 94 60 60 76 56 70 82 50 86 91 66 81 64 51 69 94 61 58 68 99 97 65 66 98 82 84 55 67 60 
91 66 81 64 51 69 94 61 58 68 99 97 65 66 98 82 84 55 67 60 55 74 97 51 72 72 66 61 72 97 72 90 72 79 81 73 69 80 64 62 62 82 65 71 68 97 89 81 73 78 95 82 97 68 82 51 89 99 96 50 51 92 65 71 87 62 71 73 79 56 77 75 71 64 89 95 66 81 66 56 99 91 76 92 78 54 83 57 85 97 56 71 71 97 95 73 80 90 96 89 84 55 86 51 88 85 73 52 85 50 70 96 50 77 71 93 62 72 79 55 
84 55 86 51 88 85 73 52 85 50 70 96 50 77 71 93 62 72 79 55 89 85 66 56 96 54 85 98 63 90 87 80 85 77 68 52 65 75 91 82 77 88 76 57 56 85 61 82 53 94 60 59 63 68 82 99 77 96 72 50 62 59 83 72 53 54 98 81 55 99 54 66 62 79 54 66 60 87 53 57 78 88 56 66 80 65 78 53 82 55 95 69 91 75 93 68 67 99 84 77 53 67 73 86 89 68 80 92 92 93 73 75 92 63 92 74 60 71 66 63 
53 67 73 86 89 68 80 92 92 93 73 75 92 63 92 74 60 71 66 63 80 68 82 86 82 66 78 55 78 90 83 67 71 79 62 65 56 87 68 77 76 94 55 85 83 96 62 72 86 85 80 63 59 64 87 91 96 96 96 65 89 72 52 53 67 99 59 92 91 54 57 82 71 98 51 93 69 98 72 62 60 93 81 98 90 72 74 71 67 90 85 92 65 66 71 73 91 73 58 87 50 54 58 97 79 58 78 88 71 85 76 59 64 65 69 63 83 51 54 67 
50 54 58 97 79 58 78 88 71 85 76 59 64 65 69 63 83 51 54 67 81 54 83 59 79 50 83 60 51 77 56 78 80 64 50 76 67 59 84 72 62 56 89 52 86 52 86 86 51 85 95 56 66 82 82 93 89 77 76 68 66 96 67 56 81 87 99 61 88 60 82 58 52 63 86 96 58 81 90 68 95 72 59 57 87 94 57 89 82 81 89 77 57 75 51 74 54 66 92 92 71 92 52 90 78 52 67 87 93 82 88 77 86 90 57 51 52 70 83 80 
71 92 52 90 78 52 67 87 93 82 88 77 86 90 57 51 52 70 83 80 65 88 52 85 53 53 67 81 85 86 81 99 54 70 81 75 81 61 58 87 71 51 55 56 89 76 67 60 62 85 66 98 95 50 95 68 95 79 75 75 74 83 53 57 56 57 89 61 70 80 74 50 68 55 56 74 50 93 82 79 58 90 85 89 74 84 59 88 54 66 77 75 53 61 72 95 96 50 82 97 78 55 50 83 83 77 90 93 73 50 74 85 82 98 60 96 99 95 65 79 
78 55 50 83 83 77 90 93 73 50 74 85 82 98 60 96 99 95 65 79 97 91 63 51 71 59 72 63 50 59 83 86 60 61 58 71 50 71 87 58 69 89 88 75 93 88 96 57 84 58 77 92 85 63 50 76 56 96 73 50 58 82 86 96 97 52 89 52 77 88 50 64 75 64 91 60 73 56 57 61 72 54 93 70 85 52 57 84 68 54 81 73 72 51 99 92 61 94 71 58 69 59 61 91 62 91 68 82 98 98 86 91 60 64 94 98 70 67 96 62 
69 59 61 91 62 91 68 82 98 98 86 91 60 64 94 98 70 67 96 62 50 99 90 51 54 79 71 51 86 84 52 85 85 81 73 69 55 91 81 65 69 84 86 82 91 86 92 51 67 78 55 73 95 73 56 68 99 51 89 53 74 68 66 94 79 92 98 53 86 99 91 68 65 89 95 61 54 71 64 56 72 75 95 91 64 51 72 74 77 80 97 72 59 77 65 71 68 66 62 90 76 56 73 51 59 54 94 70 93 85 54 78 87 80 74 67 62 82 88 86 
76 56 73 51 59 54 94 70 93 85 54 78 87 80 74 67 62 82 88 86 94 94 98 56 72 57 66 50 91 76 69 77 77 58 69 74 90 71 94 69 88 92 71 74 87 87 73 56 64 62 93 87 93 91 70 52 53 91 84 77 67 65 64 64 73 96 98 62 52 71 79 74 91 62 54 75 98 56 95 58 99 54 94 89 88 58 54 54 95 93 78 80 61 61 56 68 70 53 76 75 67 71 81 59 52 76 55 70 90 56 54 78 62 88 72 57 78 90 79 99 
67 71 81 59 52 76 55 70 90 56 54 78 62 88 72 57 78 90 79 99 68 70 63 97 78 88 73 69 63 69 97 88 87 85 80 60 56 68 59 73 87 98 66 61 56 79 87 97 78 50 64 63 90 99 60 84 57 54 90 58 75 87 78 77 80 58 62 64 80 93 96 83 57 60 72 93 78 53 53 74 65 70 75 78 97 95 54 80 81 89 52 78 98 87 90 90 60 58 77 61 54 90 70 99 54 98 71 69 71 59 93 98 52 77 98 91 88 58 57 95 
54 90 70 99 54 98 71 69 71 59 93 98 52 77 98 91 88 58 57 95 86 75 75 86 71 61 64 86 62 88 80 89 84 94 77 92 61 68 75 54 66 78 56 59 82 85 58 96 56 87 66 84 88 85 73 56 52 94 70 58 90 71 82 90 83 83 71 81 96 75 53 84 53 50 93 63 79 87 58 81 81 92 81 78 54 93 73 96 67 85 68 98 59 99 52 81 77 58 80 93 95 55 92 89 65 74 51 68 70 58 71 62 93 69 71 72 73 94 68 88 
95 55 92 89 65 74 51 68 70 58 71 62 93 69 71 72 73 94 68 88 89 86 67 66 60 63 60 64 64 58 73 55 56 95 54 71 61 63 86 87 75 58 78 54 77 65 77 61 69 95 67 69 55 86 51 78 78 90 97 62 61 83 63 74 64 50 71 60 79 53 92 92 91 60 55 61 72 89 86 62 68 96 76 51 69 96 83 86 64 61 60 71 89 86 79 83 58 77 55 88 99 62 62 69 92 79 59 92 90 99 68 86 95 79 83 67 76 95 55 75 
99 62 62 69 92 79 59 92 90 99 68 86 95 79 83 67 76 95 55 75 57 52 53 71 59 76 99 90 69 91 87 82 59 80 61 56 63 96 83 52 52 80 84 91 60 58 75 98 57 79 61 88 99 85 62 81 85 92 89 52 69 50 60 79 83 66 56 95 64 83 69 66 97 69 84 98 71 90 71 92 53 94 99 75 76 52 86 74 59 99 60 54 64 51 50 99 55 54 76 69 93 65 56 90 50 70 89 70 85 60 91 57 61 78 59 77 63 51 90 86 
93 65 56 90 50 70 89 70 85 60 91 57 61 78 59 77 63 51 90 86 87 99 71 94 73 58 80 81 88 90 78 65 95 58 59 87 91 96 81 60 88 80 78 99 83 87 92 67 72 78 54 86 99 95 51 69 58 69 56 84 51 63 73 53 79 75 87 57 95 66 57 95 75 79 82 57 89 97 77 52 50 64 84 64 96 88 83 82 91 53 50 89 95 73 52 65 68 75 87 64 80 62 66 72 74 92 87 83 73 69 53 53 96 85 83 93 98 58 63 73 
80 62 66 72 74 92 87 83 73 69 53 53 96 85 83 93 98 58 63 73 56 77 61 77 60 50 76 79 51 85 94 70 82 64 88 69 57 58 86 73 71 52 52 81 74 86 89 66 55 79 77 95 64 68 91 77 97 70 52 79 73 58 77 91 72 57 66 99 85 61 65 84 98 96 64 53 55 75 94 63 90 95 93 65 80 88 66 92 54 90 50 94 88 58 62 96 65 79 68 62 71 69 84 92 52 60 86 97 96 87 84 52 57 92 70 93 90 91 87 60 
71 69 84 92 52 60 86 97 96 87 84 52 57 92 70 93 90 91 87 60 98 79 58 69 65 60 65 58 78 86 92 69 82 62 98 67 84 73 54 88 67 58 61 57 89 97 83 73 84 72 65 57 79 78 75 59 82 71 95 54 98 72 89 74 59 84 52 56 95 83 90 81 57 53 58 63 65 84 96 52 96 75 79 74 79 81 69 78 96 95 50 89 54 68 61 97 93 89 78 53 61 70 56 98 95 53 61 98 99 64 86 50 53 71 72 67 69 78 85 69 
61 70 56 98 95 53 61 98 99 64 86 50 53 71 72 67 69 78 85 69 67 87 83 61 71 56 94 85 79 59 53 63 58 61 86 61 72 60 95 84 79 92 58 56 68 63 62 84 92 85 95 88 80 87 85 69 90 62 88 77 80 70 82 88 55 95 84 80 74 62 64 64 97 63 85 51 91 95 87 99 94 99 60 89 61 68 76 74 91 61 58 55 93 53 55 84 58 63 50 83 60 90 85 87 73 70 94 91 53 50 85 99 66 67 53 97 58 73 69 80 
60 90 85 87 73 70 94 91 53 50 85 99 66 67 53 97 58 73 69 80 50 92 91 91 72 89 63 64 82 56 50 85 69 84 94 68 66 80 89 75 51 84 63 55 63 72 85 59 93 85 95 77 70 78 98 53 72 86 95 64 86 73 86 78 66 87 72 70 95 73 71 63 90 93 53 95 52 63 65 90 99 78 95 54 91 78 66 62 52 89 50 55 97 57 58 85 57 95 91 53 63 63 51 84 56 92 86 66 80 63 74 92 98 58 54 50 96 58 56 85 
63 63 51 84 56 92 86 66 80 63 74 92 98 58 54 50 96 58 56 85 82 57 71 57 76 59 99 83 91 67 96 90 72 67 73 75 57 56 57 85 58 96 90 55 56 95 72 53 87 67 87 57 59 85 51 61 61 54 50 71 81 88 98 64 78 72 90 64 98 67 83 63 55 98 81 60 96 82 62 76 55 56 82 55 67 78 82 97 60 56 72 71 91 99 92 93 89 65 61 72 88 78 63 86 63 64 63 62 83 62 95 75 89 59 91 62 55 90 77 96 
88 78 63 86 63 64 63 62 83 62 95 75 89 59 91 62 55 90 77 96 93 71 76 55 92 99 68 62 92 54 52 81 80 66 95 94 68 89 57 62 77 71 99 81 90 58 87 68 82 60 90 55 81 79 91 73 76 91 54 94 75 79 92 98 92 64 66 51 89 74 61 50 57 58 86 51 88 98 74 85 66 55 50 56 59 68 82 69 89 75 75 88 60 50 95 77 84 92 55 64 96 90 77 55 96 82 81 99 87 95 50 96 86 65 73 60 69 81 64 90 
96 90 77 55 96 82 81 99 87 95 50 96 86 65 73 60 69 81 64 90 64 77 80 50 79 76 65 52 62 84 69 63 99 77 68 82 77 63 71 99 76 79 51 97 94 53 90 94 98 84 66 74 91 62 62 56 85 54 60 87 65 90 77 54 85 86 92 83 88 81 54 55 77 72 66 50 95 99 69 91 64 71 76 55 73 87 99 63 67 59 58 54 59 69 73 51 97 99 56 77 98 76 54 71 90 87 93 92 68 93 76 56 93 96 53 97 69 95 71 90 
98 76 54 71 90 87 93 92 68 93 76 56 93 96 53 97 69 95 71 90 91 55 91 58 67 74 73 56 72 81 58 64 64 93 62 93 67 56 68 60 50 88 93 62 94 78 72 57 76 80 61 82 69 95 50 81 83 98 61 82 91 62 50 51 60 73 56 83 83 83 94 87 75 53 72 61 82 95 52 87 85 53 74 60 51 84 54 59 79 67 86 82 74 58 58 67 62 99 53 56 85 51 80 84 91 65 54 57 80 84 63 54 88 67 82 72 99 73 88 87 
85 51 80 84 91 65 54 57 80 84 63 54 88 67 82 72 99 73 88 87 86 69 87 99 89 78 66 58 61 75 75 64 99 63 87 81 84 94 57 94 55 65 70 81 88 69 54 71 96 54 70 62 81 77 77 91 78 89 63 97 67 66 52 59 83 51 91 57 77 89 66 84 62 98 92 58 75 50 86 68 58 81 86 89 73 51 88 53 67 78 72 87 53 89 72 67 97 74 67 66 94 77 73 85 90 83 70 81 95 70 52 71 91 53 90 82 53 94 78 84 
94 77 73 85 90 83 70 81 95 70 52 71 91 53 90 82 53 94 78 84 85 85 53 86 68 65 87 89 88 84 50 54 66 62 68 51 96 50 54 93 73 50 50 66 71 79 93 50 63 80 94 68 79 72 54 63 57 63 82 92 89 89 75 88 72 51 84 56 61 57 73 61 89 78 78 57 74 94 91 59 66 91 70 57 79 85 50 63 95 55 93 81 72 88 98 75 84 86 84 61 74 84 72 80 69 85 79 85 66 93 76 63 91 62 63 84 64 92 57 79 
74 84 72 80 69 85 79 85 66 93 76 63 91 62 63 84 64 92 57 79 60 95 69 71 82 50 60 75 87 51 53 57 67 98 98 77 59 59 57 90 58 82 86 80 56 77 53 80 53 94 59 57 60 81 97 96 80 95 79 77 86 55 99 60 97 59 65 82 67 90 51 82 60 50 60 84 83 97 93 62 63 69 50 56 51 93 86 85 67 55 50 90 59 78 68 92 54 61 74 98 79 94 93 71 84 59 58 80 59 51 78 56 58 94 84 51 54 54 99 58 
79 94 93 71 84 59 58 80 59 51 78 56 58 94 84 51 54 54 99 58 70 75 69 61 71 56 86 57 69 90 61 98 59 52 59 82 72 59 79 81 60 89 94 83 69 91 56 57 72 67 61 97 83 57 83 73 97 57 88 92 89 69 70 94 69 70 65 73 99 59 98 79 94 87 59 78 63 72 77 76 91 76 92 64 58 85 53 89 55 84 53 70 89 60 96 68 89 59 75 92 59 86 65 81 70 59 62 96 58 69 79 73 84 53 62 54 92 89 81 51 
59 86 65 81 70 59 62 96 58 69 79 73 84 53 62 54 92 89 81 51 63 74 85 94 79 87 60 79 92 88 75 84 97 64 76 96 94 54 97 63 76 66 98 62 96 55 61 95 91 92 85 53 58 79 82 58 78 62 57 72 79 85 50 99 70 90 84 82 78 97 65 52 88 95 62 95 93 97 51 52 76 96 51 88 86 93 84 61 62 97 69 93 63 71 71 81 99 58 82 88 65 61 61 75 52 65 96 98 92 57 98 63 76 93 87 76 98 92 66 78 
65 61 61 75 52 65 96 98 92 57 98 63 76 93 87 76 98 92 66 78 59 55 79 58 79 55 50 82 64 69 93 73 60 64 53 91 83 80 83 65 97 77 86 90 93 96 63 78 56 78 97 65 71 91 90 98 60 51 97 67 94 95 57 96 87 60 91 54 80 68 56 65 82 91 90 85 65 70 93 51 53 58 60 70 80 93 57 81 81 90 78 55 60 69 56 80 69 77 54 67 99 97 62 66 95 75 68 83 51 60 75 98 77 90 53 86 76 67 90 80 
99 97 62 66 95 75 68 83 51 60 75 98 77 90 53 86 76 67 90 80 93 97 56 89 57 52 73 71 90 80 65 59 95 69 82 96 55 80 99 85 86 70 87 80 57 91 64 60 64 52 57 63 86 53 55 83 82 62 91 64 50 69 74 80 67 72 88 54 51 77 82 57 65 68 84 74 99 88 83 60 85 89 77 79 69 75 97 82 57 76 77 99 59 56 95 61 58 55 93 63 77 84 64 52 76 78 74 54 81 84 72 67 69 67 86 95 64 54 79 68 
77 84 64 52 76 78 74 54 81 84 72 67 69 67 86 95 64 54 79 68 70 56 70 84 98 82 91 68 91 90 79 72 53 92 98 68 80 63 51 92 67 52 95 60 98 66 50 86 96 97 71 67 77 71 76 65 76 90 79 54 73 52 70 72 51 53 71 92 99 64 54 75 89 86 80 57 78 90 61 59 56 62 97 91 69 97 56 91 70 72 60 99 51 58 74 72 72 65 98 69 52 72 66 92 73 78 90 76 70 83 88 69 77 84 69 83 65 70 58 94 
52 72 66 92 73 78 90 76 70 83 88 69 77 84 69 83 65 70 58 94 68 84 80 87 54 68 88 57 82 80 79 60 68 55 54 56 86 75 66 64 97 69 66 77 54 69 65 79 82 66 51 70 95 62 58 92 78 83 97 65 58 64 61 76 58 50 51 66 51 61 93 56 65 64 84 78 78 56 66 99 94 67 82 82 50 74 62 87 93 71 51 82 63 99 87 85 73 91 54 74 60 85 81 56 56 86 74 77 74 61 50 57 74 50 85 94 91 75 71 84 
60 85 81 56 56 86 74 77 74 61 50 57 74 50 85 94 91 75 71 84 90 93 90 95 65 58 70 92 64 88 94 78 58 58 96 56 99 74 93 50 51 78 95 66 57 54 68 58 77 58 55 51 60 99 60 97 85 96 92 63 55 84 93 84 91 50 83 98 77 92 72 69 52 64 62 95 93 92 73 93 65 70 79 73 94 93 52 92 62 66 96 67 97 63 61 91 83 91 87 63 85 85 77 89 97 55 61 64 97 63 98 90 66 94 58 72 51 78 83 64 
85 85 77 89 97 55 61 64 97 63 98 90 66 94 58 72 51 78 83 64 91 67 88 76 94 61 57 57 51 85 51 52 78 55 77 87 89 69 94 98 69 91 83 92 74 53 84 88 99 75 93 70 56 64 50 84 92 73 66 85 53 86 72 74 77 70 75 59 64 74 66 74 96 64 70 61 85 95 89 69 95 66 92 50 52 87 90 67 77 88 83 91 51 76 87 70 69 85 82 63 63 82 73 55 64 72 50 78 54 72 88 73 63 76 91 58 65 71 62 52 
63 82 73 55 64 72 50 78 54 72 88 73 63 76 91 58 65 71 62 52 91 74 56 77 51 83 92 81 58 96 89 75 50 51 95 77 94 96 53 65 76 91 68 71 85 71 97 51 57 90 65 63 88 73 52 59 84 86 92 57 62 63 73 84 88 92 55 90 94 92 56 66 50 84 86 57 54 62 81 72 75 85 99 92 63 65 54 81 66 82 86 88 79 91 50 63 99 99 70 92 57 79 56 99 50 56 73 90 80 96 96 95 65 71 62 80 71 63 87 56 
57 79 56 99 50 56 73 90 80 96 96 95 65 71 62 80 71 63 87 56 91 72 65 67 73 74 71 72 75 73 78 87 78 67 71 54 98 73 93 65 93 70 66 63 58 91 71 58 70 96 88 96 91 90 59 81 84 61 81 61 68 60 93 65 65 62 77 65 82 60 63 82 85 50 99 55 91 63 66 66 94 80 74 95 63 79 91 78 94 68 75 95 93 82 56 93 53 58 81 55 56 65 65 92 96 69 52 98 72 76 72 77 57 85 68 57 90 88 59 72 
56 65 65 92 96 69 52 98 72 76 72 77 57 85 68 57 90 88 59 72 75 94 89 57 51 90 93 96 55 87 96 63 89 91 57 54 77 78 65 68 66 56 68 91 98 86 76 53 71 59 72 94 83 94 93 84 63 78 67 84 79 88 95 79 84 83 94 95 68 53 72 74 75 94 64 70 53 87 71 68 64 55 81 52 97 53 99 90 64 99 68 51 61 66 54 80 64 78 87 91 79 90 59 95 88 81 80 74 67 63 68 52 75 68 50 81 56 53 93 75 
79 90 59 95 88 81 80 74 67 63 68 52 75 68 50 81 56 53 93 75 80 82 62 85 55 81 62 60 92 65 84 88 81 53 85 59 71 76 53 69 74 56 89 73 83 72 88 66 77 71 99 86 90 84 67 56 94 59 82 57 92 58 61 68 91 77 63 97 78 51 96 70 52 78 83 95 64 77 91 74 80 95 65 94 82 54 98 99 80 98 64 99 52 99 93 68 83 75 89 99 83 53 57 99 92 80 71 59 83 99 96 66 94 86 81 80 56 73 82 56 
83 53 57 99 92 80 71 59 83 99 96 66 94 86 81 80 56 73 82 56 66 58 79 92 61 85 77 88 69 56 91 57 78 83 69 80 97 53 84 98 60 66 71 95 50 63 59 94 65 59 63 81 80 90 78 64 52 55 92 87 71 87 89 88 69 72 68 78 72 71 64 62 59 73 80 87 93 73 83 91 99 82 83 53 60 94 74 75 57 95 80 97 79 98 90 85 66 93 99 54 55 75 74 54 53 54 68 88 98 93 70 91 54 83 96 71 65 97 63 65 
55 75 74 54 53 54 68 88 98 93 70 91 54 83 96 71 65 97 63 65 75 51 76 94 50 98 71 92 53 60 67 53 56 93 82 60 81 98 78 83 88 81 93 68 55 51 72 91 95 99 57 55 54 85 86 62 55 57 69 54 69 59 88 71 70 57 76 90 69 61 74 58 58 96 97 66 84 54 62 90 95 99 80 82 54 85 82 93 85 58 80 61 86 81 50 65 72 88 52 98 97 96 86 83 51 61 92 84 66 70 70 69 88 69 71 87 64 62 59 54 
97 96 86 83 51 61 92 84 66 70 70 69 88 69 71 87 64 62 59 54 54 81 74 70 99 91 64 73 85 84 75 89 93 75 84 79 86 63 72 52 82 59 72 79 68 71 90 53 69 51 96 85 59 74 81 95 96 85 51 68 91 61 63 82 72 51 56 69 83 57 85 56 67 69 73 78 89 50 87 91 86 84 57 58 52 90 75 73 80 83 80 66 91 60 65 59 77 55 87 95 94 61 52 70 60 65 78 95 76 90 74 73 90 88 74 64 84 50 76 67 
94 61 52 70 60 65 78 95 76 90 74 73 90 88 74 64 84 50 76 67 92 76 69 91 97 66 94 63 51 98 98 76 93 72 77 54 57 64 99 86 75 97 66 64 93 84 65 90 57 94 70 94 52 59 97 88 50 91 70 59 78 61 77 58 64 58 89 68 84 59 84 60 80 96 97 57 82 90 77 56 78 73 56 82 53 93 80 93 50 93 85 53 73 82 56 63 99 84 51 65 82 91 68 73 90 58 75 90 52 78 67 95 80 70 75 93 82 94 69 85 
82 91 68 73 90 58 75 90 52 78 67 95 80 70 75 93 82 94 69 85 56 78 62 88 53 58 74 57 78 51 83 71 82 56 68 66 74 71 60 91 71 52 79 85 73 58 54 79 77 92 55 99 50 80 90 89 51 84 76 95 86 71 77 74 97 94 73 80 68 79 99 83 72 88 78 69 55 65 65 58 89 82 69 52 60 58 69 92 72 70 96 53 72 93 54 84 90 91 75 88 65 78 88 70 85 69 59 56 99 95 59 58 51 81 76 82 58 85 65 86 
65 78 88 70 85 69 59 56 99 95 59 58 51 81 76 82 58 85 65 86 50 78 54 53 74 92 65 94 82 67 83 58 58 83 86 96 92 71 56 89 88 50 58 57 65 77 77 76 80 68 75 64 51 69 78 50 56 85 71 53 76 67 74 82 65 88 69 73 73 67 66 52 65 84 91 54 56 54 58 87 62 76 68 94 83 89 51 77 70 91 73 64 84 88 52 57 97 93 81 62 58 70 71 96 82 82 86 73 62 96 76 87 99 56 73 89 80 69 88 65 
58 70 71 96 82 82 86 73 62 96 76 87 99 56 73 89 80 69 88 65 69 75 92 60 83 89 95 95 72 98 53 99 89 84 91 55 87 98 99 70 95 79 51 91 70 50 78 78 99 68 95 83 74 88 66 52 61 51 84 85 96 52 85 60 89 54 73 60 50 89 94 98 94 93 87 52 88 87 63 85 77 78 97 61 57 89 63 63 78 60 51 52 56 74 76 88 76 68 73 82 55 50 97 75 69 94 56 78 76 60 92 65 62 54 70 99 61 62 87 54 
55 50 97 75 69 94 56 78 76 60 92 65 62 54 70 99 61 62 87 54 56 84 80 76 66 85 95 96 74 88 78 71 96 57 75 78 54 82 65 77 75 57 57 73 57 98 83 75 96 70 77 81 54 58 75 94 88 91 70 52 90 95 52 94 73 56 61 69 95 92 99 68 89 83 96 72 55 79 67 91 77 63 89 95 70 65 97 67 97 52 67 80 78 52 77 67 97 87 93 56 56 58 70 70 66 63 97 50 67 69 81 90 73 85 82 97 76 60 80 62 
56 58 70 70 66 63 97 50 67 69 81 90 73 85 82 97 76 60 80 62 61 54 74 55 99 75 85 61 95 58 55 99 99 60 93 72 98 70 72 90 70 82 88 55 78 55 86 51 96 59 52 73 82 78 81 83 61 82 98 87 57 79 70 94 80 72 50 75 82 81 50 87 75 63 85 99 82 59 92 52 90 53 95 69 83 67 89 98 67 58 80 64 54 64 85 51 56 83 97 53 76 51 58 68 83 73 80 55 90 99 56 83 77 80 65 96 64 71 53 53 
76 51 58 68 83 73 80 55 90 99 56 83 77 80 65 96 64 71 53 53 96 59 99 68 50 99 91 92 71 71 86 80 54 66 94 76 77 74 97 95 65 69 94 74 67 78 93 56 63 57 96 53 98 75 78 56 98 70 65 60 89 72 71 59 87 70 53 81 98 82 98 98 64 75 56 98 59 58 85 85 85 75 89 93 61 97 80 92 65 91 70 94 71 90 75 70 76 55 76 86 92 93 93 99 60 83 69 51 99 74 74 92 92 90 69 83 95 59 87 64 
92 93 93 99 60 83 69 51 99 74 74 92 92 90 69 83 95 59 87 64 81 57 66 82 81 66 96 82 65 51 96 53 92 61 95 66 85 74 98 81 69 66 90 65 92 62 94 98 66 92 56 72 64 83 86 82 75 61 60 53 97 92 82 94 73 84 62 54 82 64 89 78 95 82 51 53 53 57 56 71 79 66 89 55 73 67 52 69 84 71 65 86 93 89 60 53 85 73 75 89 99 90 78 96 73 55 83 56 58 88 55 62 71 72 52 79 60 70 76 51 
99 90 78 96 73 55 83 56 58 88 55 62 71 72 52 79 60 70 76 51 68 52 85 95 80 98 80 72 89 68 95 99 90 78 64 52 50 78 52 72 75 56 66 72 86 90 57 97 51 99 94 73 85 92 94 89 57 82 89 71 56 99 75 55 81 87 56 95 51 75 52 98 81 50 78 63 94 67 85 55 75 51 62 57 76 64 78 83 78 50 52 86 92 71 78 67 86 88 94 89 73 59 87 54 99 93 56 55 69 62 80 52 96 78 60 90 82 77 52 93 
73 59 87 54 99 93 56 55 69 62 80 52 96 78 60 90 82 77 52 93 61 61 60 75 74 78 68 58 75 91 86 65 88 62 54 95 83 72 91 67 77 79 67 85 88 94 93 72 86 71 80 94 99 50 80 71 83 67 67 93 51 86 69 66 99 75 57 97 52 60 52 55 77 73 58 68 63 96 86 89 99 75 91 62 82 67 73 56 79 92 51 90 82 70 73 71 64 58 52 75 65 99 96 66 87 62 97 73 78 61 75 93 55 65 79 79 77 74 61 76 
65 99 96 66 87 62 97 73 78 61 75 93 55 65 79 79 77 74 61 76 97 51 84 75 65 60 69 94 94 80 89 72 89 79 60 66 63 60 88 84 57 70 78 79 93 95 72 93 76 50 99 80 71 88 98 52 59 56 66 90 71 90 62 54 60 88 57 88 50 78 52 93 64 77 91 57 76 88 99 74 73 64 74 54 90 78 82 95 90 51 82 62 58 96 80 62 84 88 81 77 88 52 95 63 98 95 94 68 74 56 67 88 95 68 78 52 52 57 83 67 
88 52 95 63 98 95 94 68 74 56 67 88 95 68 78 52 52 57 83 67 53 68 53 86 92 57 86 63 87 79 97 60 68 89 99 73 88 55 51 80 58 58 95 58 76 60 91 52 55 79 76 99 98 61 79 83 64 52 74 73 65 69 55 51 71 99 74 63 58 92 57 77 76 56 53 94 85 54 77 99 90 65 61 66 60 90 79 87 71 64 73 58 68 63 84 95 76 83 53 95 50 88 50 94 64 72 91 78 80 64 57 74 77 92 83 64 60 88 96 53 
50 88 50 94 64 72 91 78 80 64 57 74 77 92 83 64 60 88 96 53 74 61 60 69 93 67 74 85 80 84 54 77 95 56 81 81 68 77 72 76 91 90 53 77 52 80 91 94 67 80 59 70 73 60 97 84 76 67 66 66 62 60 74 52 92 57 53 72 86 57 70 51 57 69 53 89 83 93 54 84 78 73 67 98 74 66 63 65 76 62 88 65 59 59 90 94 72 73 84 79 78 57 87 88 63 86 61 59 86 94 71 83 63 86 71 84 93 89 65 96 
78 57 87 88 63 86 61 59 86 94 71 83 63 86 71 84 93 89 65 96 74 81 90 91 50 52 63 96 54 76 83 77 64 97 97 69 89 93 88 64 92 59 66 93 74 89 50 57 70 85 91 67 50 75 55 89 94 81 69 72 63 95 87 66 83 64 66 89 92 82 56 89 61 65 55 97 74 88 50 95 79 68 62 60 63 59 79 82 59 87 75 91 71 99 81 67 90 98 97 64 59 62 98 75 52 77 79 68 59 56 77 73 69 63 87 90 61 52 72 99 
59 62 98 75 52 77 79 68 59 56 77 73 69 63 87 90 61 52 72 99 87 91 84 81 64 75 89 90 53 62 99 69 55 53 94 66 58 67 90 93 67 96 63 86 98 58 52 67 60 60 85 63 72 76 67 72 98 52 84 85 64 93 67 53 91 92 77 65 83 55 64 88 89 76 81 61 86 53 73 67 70 89 61 79 61 55 95 74 53 85 83 57 74 84 94 77 82 81 82 76 64 60 90 82 66 76 67 95 99 54 83 91 79 63 63 65 87 51 50 77 
64 60 90 82 66 76 67 95 99 54 83 91 79 63 63 65 87 51 50 77 84 56 98 51 58 70 50 68 92 91 69 80 57 86 80 72 61 60 72 67 76 91 87 67 68 82 82 65 51 68 57 96 58 63 65 86 68 75 92 95 97 56 50 98 89 84 70 87 85 83 96 61 52 64 77 92 55 93 78 95 57 92 79 94 52 65 57 60 90 75 72 83 67 97 98 60 88 67 83 93 68 72 86 80 99 95 83 94 61 79 71 60 96 63 67 75 87 83 97 96 
68 72 86 80 99 95 83 94 61 79 71 60 96 63 67 75 87 83 97 96 62 74 86 72 59 81 72 91 62 78 82 73 89 57 86 71 78 79 58 98 93 50 65 95 98 79 72 69 96 53 80 60 65 78 84 88 97 82 97 61 90 97 67 62 79 93 51 87 59 69 52 84 66 69 84 95 74 78 62 94 80 62 95 84 99 79 55 58 88 68 77 91 68 50 72 55 60 67 63 94 99 55 85 82 59 59 89 99 92 53 83 73 59 79 80 93 71 77 83 99 
99 55 85 82 59 59 89 99 92 53 83 73 59 79 80 93 71 77 83 99 57 61 82 59 85 99 55 69 55 87 64 62 54 77 54 92 69 55 67 56 79 56 63 98 86 61 54 55 94 86 87 76 75 89 74 50 50 80 55 65 93 66 87 59 75 60 52 69 85 94 83 52 58 82 78 60 65 56 85 51 84 99 99 61 70 79 50 73 67 94 81 68 54 54 87 52 99 94 81 70 75 83 98 75 61 73 74 50 95 66 70 86 89 60 69 93 88 65 94 92 
75 83 98 75 61 73 74 50 95 66 70 86 89 60 69 93 88 65 94 92 98 54 73 82 51 56 69 89 89 96 95 52 81 81 67 76 88 69 89 82 55 74 55 60 61 67 55 91 68 80 73 69 96 95 52 74 72 66 74 54 70 59 87 85 98 79 53 71 78 59 86 65 63 93 52 74 80 90 80 78 89 66 89 55 88 75 78 66 94 78 50 54 99 70 78 98 80 68 67 79 50 89 81 53 70 56 63 58 88 52 68 68 71 97 89 60 53 91 89 70 
50 89 81 53 70 56 63 58 88 52 68 68 71 97 89 60 53 91 89 70 80 77 65 52 52 86 98 62 97 79 57 86 82 67 53 78 62 53 63 60 89 63 68 58 93 82 95 83 70 60 79 50 98 89 81 77 91 75 77 54 95 73 69 73 85 84 93 96 80 65 71 55 75 77 84 61 60 78 82 86 94 51 63 67 74 91 58 77 64 99 90 73 76 57 94 52 66 84 86 52 94 91 86 64 83 90 64 95 85 71 98 64 79 57 67 81 70 81 59 75 
94 91 86 64 83 90 64 95 85 71 98 64 79 57 67 81 70 81 59 75 82 75 83 66 79 97 65 55 77 96 75 96 93 53 99 58 86 93 97 89 89 62 93 58 97 63 97 65 62 74 98 90 66 80 91 75 90 61 80 87 67 72 83 75 97 93 92 77 74 70 70 86 93 50 74 50 69 66 73 91 70 57 98 50 74 74 62 53 61 88 86 76 69 54 59 56 68 51 89 81 77 76 87 50 71 64 85 63 67 56 81 72 95 98 94 92 57 69 67 86 
77 76 87 50 71 64 85 63 67 56 81 72 95 98 94 92 57 69 67 86 60 71 88 56 67 93 54 60 72 79 98 97 73 99 74 92 70 54 74 76 51 60 79 60 70 98 90 57 73 60 76 65 85 61 96 69 69 89 95 69 63 95 75 72 87 67 78 94 80 71 72 56 67 89 50 97 60 87 92 94 99 84 64 87 63 93 95 84 92 83 76 51 50 79 85 80 89 82 77 97 81 71 96 90 87 82 71 89 79 84 58 93 80 99 98 93 82 83 81 59 
81 71 96 90 87 82 71 89 79 84 58 93 80 99 98 93 82 83 81 59 53 70 83 69 57 53 65 96 56 92 80 94 63 96 94 71 94 95 92 96 89 93 91 64 60 99 70 89 66 78 64 86 77 69 94 69 81 93 58 58 89 98 69 83 83 53 55 70 96 78 66 86 75 84 65 89 96 53 76 85 65 74 89 67 98 77 71 74 86 78 63 84 77 52 82 99 71 88 67 52 86 74 93 79 54 68 87 68 60 50 55 90 79 83 99 89 86 99 76 93 
86 74 93 79 54 68 87 68 60 50 55 90 79 83 99 89 86 99 76 93 63 56 58 98 72 83 80 99 78 76 63 88 64 69 94 50 81 54 87 65 95 59 93 84 65 77 95 92 71 96 68 54 50 76 88 96 96 57 85 64 65 78 52 82 66 55 63 77 67 78 52 79 68 92 99 66 87 67 53 51 72 79 66 77 95 96 95 59 57 66 61 56 93 60 64 67 87 51 57 54 76 50 79 82 77 80 88 62 56 68 57 61 96 71 89 77 80 51 60 94 
76 50 79 82 77 80 88 62 56 68 57 61 96 71 89 77 80 51 60 94 56 52 87 53 90 56 99 74 67 88 98 65 64 74 56 67 55 80 67 83 61 58 90 51 56 55 67 66 81 67 50 78 70 53 82 54 55 63 89 88 77 80 80 92 72 92 62 50 86 75 97 80 57 61 59 84 51 58 58 51 78 71 93 97 64 53 82 83 81 56 62 93 97 95 77 60 89 63 62 52 84 77 60 81 80 95 66 60 67 69 95 88 78 57 68 87 76 54 56 65 
84 77 60 81 80 95 66 60 67 69 95 88 78 57 68 87 76 54 56 65 76 57 86 78 75 62 84 87 97 92 81 83 78 56 94 68 58 74 79 80 84 74 79 82 70 76 73 59 68 73 94 88 51 99 99 76 72 79 66 96 66 61 56 53 52 54 50 81 92 70 72 88 88 62 54 85 50 94 91 75 67 78 86 54 63 97 56 50 90 56 97 94 57 50 70 60 91 53 81 58 67 66 53 79 83 52 86 65 93 51 80 99 54 65 75 56 50 71 86 90 
67 66 53 79 83 52 86 65 93 51 80 99 54 65 75 56 50 71 86 90 85 81 91 86 63 81 69 90 60 66 86 97 51 54 79 57 76 73 81 83 77 56 66 52 66 59 51 98 91 97 59 93 61 77 89 83 96 88 66 62 92 83 55 69 68 82 64 52 91 64 60 63 67 82 75 91 55 97 90 80 81 99 66 54 68 64 57 52 62 61 81 86 62 84 97 93 61 62 87 63 70 71 87 75 72 59 57 80 64 67 85 65 66 99 93 74 51 66 75 67 
70 71 87 75 72 59 57 80 64 67 85 65 66 99 93 74 51 66 75 67 52 50 70 52 96 76 94 61 79 75 76 83 80 80 53 58 58 87 72 60 79 54 73 71 55 90 71 97 54 96 86 75 94 52 88 84 65 76 96 90 65 51 69 89 57 85 83 87 79 51 66 60 74 60 95 60 69 83 60 91 81 69 68 83 89 89 65 53 97 68 74 53 64 90 60 63 71 96 89 66 65 72 85 55 86 60 50 52 97 84 78 57 56 65 60 67 90 74 51 57 
65 72 85 55 86 60 50 52 97 84 78 57 56 65 60 67 90 74 51 57 98 52 81 83 58 71 62 80 75 86 98 92 84 63 99 97 86 72 83 83 60 92 96 94 95 62 81 54 54 59 82 90 71 97 75 55 97 87 54 61 90 86 91 55 96 68 58 73 55 85 67 71 53 65 86 91 95 79 89 51 84 69 75 56 54 56 50 90 93 93 53 63 63 65 66 59 56 98 50 64 62 71 56 69 66 59 88 74 86 86 54 58 96 92 76 66 91 66 78 76 
62 71 56 69 66 59 88 74 86 86 54 58 96 92 76 66 91 66 78 76 71 83 99 59 86 67 56 90 67 71 96 59 75 87 98 71 83 66 86 98 83 55 82 66 81 72 84 99 83 77 54 97 89 83 62 97 59 75 91 59 59 60 58 99 84 71 57 74 93 72 81 64 51 72 91 76 87 87 51 71 63 73 51 83 71 73 96 74 59 56 99 61 55 88 91 51 58 52 87 50 64 53 87 77 96 90 92 67 96 81 72 63 64 94 52 53 59 78 75 59 
64 53 87 77 96 90 92 67 96 81 72 63 64 94 52 53 59 78 75 59 69 83 60 54 69 69 81 95 89 98 73 57 99 75 70 64 97 63 81 84 55 55 77 55 73 55 81 94 62 80 62 91 52 79 56 97 82 60 76 60 60 73 83 50 71 69 80 91 74 76 72 72 89 87 93 61 74 80 52 76 58 78 93 87 90 81 55 85 96 62 79 88 92 81 54 83 61 61 97 89 71 63 93 81 57 63 98 70 60 79 84 68 96 99 88 80 68 68 98 83 
71 63 93 81 57 63 98 70 60 79 84 68 96 99 88 80 68 68 98 83 65 63 60 55 63 72 76 81 51 74 80 84 97 69 59 66 64 55 74 59 77 53 86 69 54 89 75 88 96 51 97 82 60 92 62 72 57 73 66 72 71 60 55 63 52 92 74 89 57 64 53 79 67 97 92 57 56 94 57 92 83 72 62 83 52 60 65 71 64 64 56 95 77 61 75 63 69 65 74 94 92 81 79 94 87 79 90 96 88 80 57 89 91 69 54 97 52 77 55 70 
92 81 79 94 87 79 90 96 88 80 57 89 91 69 54 97 52 77 55 70 71 95 50 53 96 78 56 67 70 50 82 68 76 69 69 66 97 83 75 99 98 96 69 74 78 59 55 70 96 85 65 57 72 55 60 83 50 53 80 74 71 96 64 96 56 83 65 95 63 82 51 68 51 78 78 87 54 87 64 65 78 83 51 87 93 90 96 85 73 73 84 85 56 95 60 58 59 82 76 79 65 84 90 69 71 63 60 74 54 69 98 90 97 95 86 91 92 75 92 82 
65 84 90 69 71 63 60 74 54 69 98 90 97 95 86 91 92 75 92 82 75 66 77 59 68 88 54 85 82 98 66 99 58 94 67 72 70 72 93 85 86 87 52 88 65 98 61 98 85 58 74 73 62 99 92 66 83 73 99 83 63 78 77 71 98 72 57 90 87 63 96 56 57 96 79 84 63 82 96 66 81 73 70 77 82 88 69 93 88 53 65 84 97 94 71 78 85 57 83 99 56 51 77 64 93 81 85 91 57 67 92 93 99 77 86 66 53 85 81 70 
56 51 77 64 93 81 85 91 57 67 92 93 99 77 86 66 53 85 81 70 71 98 72 94 60 72 58 93 65 62 92 79 67 78 99 83 59 99 87 61 64 98 93 76 64 94 54 71 67 80 60 87 60 58 51 73 50 83 51 73 61 69 70 71 54 85 71 82 61 99 71 65 93 61 53 79 68 79 53 61 77 68 82 83 91 98 60 88 76 71 71 78 86 97 91 78 98 65 90 79 67 84 91 77 65 55 60 97 60 78 59 85 74 52 58 63 53 65 55 87 
67 84 91 77 65 55 60 97 60 78 59 85 74 52 58 63 53 65 55 87 59 53 87 84 78 79 67 80 82 77 56 85 88 59 80 77 81 50 51 84 62 60 81 86 78 80 78 95 88 86 88 91 87 83 89 91 66 80 85 83 75 50 55 54 93 59 82 70 57 52 73 77 54 98 61 95 74 68 52 97 87 65 80 61 76 61 73 62 95 67 83 79 76 74 59 69 76 67 75 51 89 85 78 56 73 97 85 86 51 98 90 64 51 99 56 52 62 69 59 60 
89 85 78 56 73 97 85 86 51 98 90 64 51 99 56 52 62 69 59 60 97 58 51 62 87 55 90 64 58 84 68 50 97 66 97 50 67 63 89 76 65 88 77 94 85 79 64 67 78 95 78 78 87 57 71 93 84 51 90 51 93 95 91 63 65 85 68 72 79 76 69 62 99 76 78 67 52 94 69 72 64 68 96 96 51 78 74 65 99 87 58 82 53 60 97 67 66 79 62 75 91 64 57 78 59 53 96 60 61 93 76 55 54 58 59 70 72 59 86 95 
91 64 57 78 59 53 96 60 61 93 76 55 54 58 59 70 72 59 86 95 80 69 89 55 98 62 96 73 99 93 94 52 70 84 85 89 70 97 72 91 92 86 82 71 55 76 56 93 97 74 91 73 58 75 95 51 65 80 68 89 62 50 72 98 87 72 86 66 59 55 55 72 64 95 73 91 99 68 75 76 91 93 94 51 82 87 85 58 62 97 79 74 65 83 89 75 53 96 98 94 72 79 69 99 66 83 77 78 52 79 91 99 97 97 77 81 77 85 81 76 
72 79 69 99 66 83 77 78 52 79 91 99 97 97 77 81 77 85 81 76 56 93 91 59 86 74 60 92 81 99 95 79 91 91 94 77 93 72 85 63 73 94 84 55 96 97 72 74 91 82 63 62 96 55 97 62 64 57 90 72 86 72 86 94 91 70 98 77 69 68 69 52 92 72 84 75 73 89 85 57 65 61 91 82 59 55 80 56 70 82 91 81 96 68 81 58 54 83 69 66 75 94 87 69 81 64 88 58 98 74 82 53 83 85 70 82 61 87 91 87 
75 94 87 69 81 64 88 58 98 74 82 53 83 85 70 82 61 87 91 87 79 91 50 65 69 91 84 81 53 57 99 56 55 61 59 69 62 53 59 57 53 68 58 81 50 89 67 57 73 51 64 92 81 81 83 97 67 97 72 55 98 59 95 62 77 57 62 74 52 57 69 81 83 52 85 77 95 69 77 70 94 51 52 80 75 71 93 58 78 52 53 80 70 87 56 78 96 82 84 69 65 84 64 84 72 77 88 61 98 70 85 77 77 65 95 50 50 50 90 91 
65 84 64 84 72 77 88 61 98 70 85 77 77 65 95 50 50 50 90 91 56 57 75 67 82 60 71 88 65 86 57 84 80 70 55 74 57 58 81 63 80 62 80 56 93 77 82 67 64 79 80 95 89 90 65 74 83 54 88 50 78 60 89 67 66 55 97 74 54 71 78 68 89 67 76 91 81 61 93 88 67 67 93 78 51 82 84 86 91 77 57 60 84 88 70 78 89 50 69 95 66 78 64 69 53 97 84 90 74 91 97 52 50 78 98 68 79 99 72 59 
66 78 64 69 53 97 84 90 74 91 97 52 50 78 98 68 79 99 72 59 86 82 74 88 85 89 50 81 63 70 96 63 69 96 74 91 54 62 53 84 62 75 58 77 90 80 67 62 85 91 98 80 82 62 80 56 85 85 73 50 82 86 91 51 75 50 54 54 81 76 80 67 75 89 65 74 89 53 67 69 52 68 86 83 88 91 85 95 68 76 56 71 97 71 72 61 88 66 60 87 66 74 98 78 89 96 64 79 73 91 96 89 64 61 75 57 89 92 76 61 
66 74 98 78 89 96 64 79 73 91 96 89 64 61 75 57 89 92 76 61 53 93 68 66 56 96 77 50 99 77 93 63 83 63 90 90 81 74 65 86 68 90 71 81 96 75 79 54 70 96 94 86 93 93 96 87 80 53 78 98 61 54 97 61 82 81 76 79 66 56 88 60 64 74 81 66 53 87 56 84 64 69 75 96 67 82 90 56 68 73 63 83 75 81 83 66 89 53 82 51 72 98 59 91 77 98 82 98 56 98 89 64 78 68 95 89 68 57 58 56 
72 98 59 91 77 98 82 98 56 98 89 64 78 68 95 89 68 57 58 56 62 66 51 91 65 98 90 72 92 91 93 99 52 79 58 56 81 77 63 73 77 51 99 76 58 79 83 98 94 89 81 69 78 68 63 56 59 78 77 93 78 64 62 72 75 61 66 67 60 62 97 61 90 78 66 59 80 72 73 94 76 67 83 92 55 72 56 89 97 82 80 66 61 98 94 79 70 81 70 93 65 90 59 98 92 54 95 75 98 77 73 88 61 89 68 50 96 99 59 99 
65 90 59 98 92 54 95 75 98 77 73 88 61 89 68 50 96 99 59 99 60 63 96 69 72 98 98 91 88 73 56 69 78 95 99 77 96 91 90 95 53 81 95 92 97 50 74 77 99 85 68 76 62 87 73 75 87 97 95 65 91 87 83 85 90 62 72 90 68 62 72 61 88 92 52 62 74 85 73 89 73 73 84 65 58 89 50 56 91 94 77 80 64 99 51 89 87 89 50 51 57 99 60 76 69 50 68 68 52 74 90 96 78 78 98 59 61 95 82 56 
57 99 60 76 69 50 68 68 52 74 90 96 78 78 98 59 61 95 82 56 52 92 53 60 91 64 86 88 57 55 54 57 69 55 71 82 51 56 89 63 71 52 73 82 84 75 56 90 96 57 66 76 73 65 68 98 51 97 93 77 90 66 92 89 55 91 61 63 72 98 50 79 99 50 68 53 96 82 53 86 95 58 98 58 87 95 77 65 87 77 82 54 62 75 75 68 80 90 54 66 82 89 93 50 76 77 76 82 60 53 50 86 96 81 59 73 74 81 72 66 
82 89 93 50 76 77 76 82 60 53 50 86 96 81 59 73 74 81 72 66 83 59 84 89 93 61 88 56 79 85 66 58 68 73 63 50 53 75 85 69 83 91 75 91 68 72 81 56 58 54 96 96 63 54 82 55 87 55 79 82 90 75 63 94 70 88 84 91 79 75 88 85 85 86 64 76 74 77 77 84 70 60 91 55 64 98 58 78 60 54 77 96 53 61 58 83 81 89 93 70 70 94 75 70 75 77 89 93 50 91 74 82 62 69 84 88 57 97 50 71 
70 94 75 70 75 77 89 93 50 91 74 82 62 69 84 88 57 97 50 71 61 64 69 77 91 68 72 86 68 86 58 50 79 67 71 54 70 96 63 85 62 69 91 96 58 81 91 61 84 77 59 64 97 86 86 57 57 69 93 94 96 84 89 99 54 97 72 93 93 57 72 72 94 80 96 72 73 50 97 86 99 65 52 67 71 95 67 89 51 99 77 65 75 96 60 84 95 91 53 57 98 89 57 71 58 52 93 76 93 97 50 75 52 82 88 86 98 63 88 95 
98 89 57 71 58 52 93 76 93 97 50 75 52 82 88 86 98 63 88 95 76 83 54 83 92 63 91 78 97 55 82 58 97 63 80 63 86 58 63 68 88 63 56 85 97 54 71 68 67 70 98 74 79 81 76 95 87 83 94 53 90 98 72 81 97 79 96 61 84 73 96 91 60 62 99 73 57 89 76 63 75 95 84 63 64 78 89 92 73 80 69 75 53 74 94 79 52 57 84 51 81 52 78 54 53 64 77 88 54 87 57 64 97 61 81 86 99 81 78 99 
81 52 78 54 53 64 77 88 54 87 57 64 97 61 81 86 99 81 78 99 89 86 64 65 60 60 80 96 80 74 54 75 67 53 69 56 56 89 63 85 53 66 86 50 79 91 61 55 54 97 75 86 96 78 71 66 89 72 82 70 83 90 87 84 86 74 66 84 51 63 55 84 94 62 65 50 91 77 98 57 75 73 50 78 63 94 62 99 99 96 88 69 56 89 70 81 76 50 95 66 59 68 55 64 78 51 83 84 63 59 65 79 62 99 55 91 87 83 84 75 
59 68 55 64 78 51 83 84 63 59 65 79 62 99 55 91 87 83 84 75 99 68 86 79 66 52 80 98 59 82 51 77 53 90 67 51 63 98 96 63 78 85 83 93 97 72 76 79 85 59 68 96 54 80 91 52 79 78 55 83 97 83 73 71 73 85 59 91 62 73 51 72 50 84 58 91 88 88 85 91 63 87 57 60 75 81 95 88 91 89 86 76 54 90 52 75 88 84 96 94 82 76 84 80 94 94 88 55 84 64 51 95 58 51 89 56 78 84 79 55 
82 76 84 80 94 94 88 55 84 64 51 95 58 51 89 56 78 84 79 55 93 62 54 50 79 61 57 90 78 61 69 97 60 70 97 61 75 64 50 52 97 76 88 72 90 92 56 77 90 71 94 79 58 87 96 82 81 98 56 61 61 85 92 82 75 94 61 64 55 65 87 69 56 92 92 87 96 94 74 50 95 51 99 84 97 51 98 62 65 81 90 93 64 85 85 75 62 92 76 67 76 56 87 96 82 85 98 95 54 55 62 51 51 86 87 91 82 56 65 80 
76 56 87 96 82 85 98 95 54 55 62 51 51 86 87 91 82 56 65 80 59 55 52 82 73 61 63 88 97 74 54 70 60 92 84 89 56 63 62 86 69 87 94 99 51 76 94 74 52 88 51 90 60 90 55 61 93 99 77 63 52 50 90 66 80 80 78 98 77 67 61 52 59 86 82 51 90 68 88 98 75 81 59 61 67 84 96 89 56 58 93 99 74 99 94 56 98 93 53 66 51 70 54 91 71 54 83 96 87 78 63 92 55 58 81 66 79 64 78 68 
51 70 54 91 71 54 83 96 87 78 63 92 55 58 81 66 79 64 78 68 56 57 88 99 71 69 74 93 93 98 96 90 88 87 84 75 95 85 85 75 61 59 84 68 98 57 68 56 98 97 83 77 96 63 67 65 58 97 75 77 52 91 97 67 59 55 50 95 56 74 80 88 57 52 67 78 93 50 52 99 54 82 85 52 86 73 88 97 84 91 82 99 71 84 81 77 88 64 88 82 61 75 57 88 58 72 98 83 72 88 99 96 88 59 87 73 91 90 95 73 
61 75 57 88 58 72 98 83 72 88 99 96 88 59 87 73 91 90 95 73 93 83 62 88 52 61 62 96 69 59 92 67 52 87 52 95 91 53 63 59 56 85 59 68 66 68 57 89 75 80 85 55 59 79 71 56 99 65 57 69 83 69 92 97 97 89 84 76 85 57 98 92 74 50 68 78 74 83 88 79 79 57 54 66 83 77 56 86 96 94 88 63 98 71 71 88 73 92 59 98 89 69 78 92 98 68 56 66 59 91 69 95 52 70 79 68 75 70 53 63 
89 69 78 92 98 68 56 66 59 91 69 95 52 70 79 68 75 70 53 63 98 69 97 59 63 84 99 52 73 99 72 65 89 73 81 93 88 78 89 53 69 63 99 99 73 66 77 71 53 65 87 77 98 82 76 88 58 56 76 50 66 89 82 84 52 76 61 68 78 89 89 82 70 91 58 55 64 84 82 71 78 75 85 96 66 97 93 90 75 63 71 90 72 84 54 93 58 63 51 83 77 86 95 56 97 60 72 83 64 55 56 90 55 72 66 58 96 84 77 94 
77 86 95 56 97 60 72 83 64 55 56 90 55 72 66 58 96 84 77 94 77 87 80 93 93 52 86 61 88 81 92 67 53 91 74 95 72 70 78 60 60 93 64 76 61 68 96 76 95 95 54 78 55 53 68 66 93 67 53 67 73 75 86 60 55 71 53 98 73 91 56 60 51 84 77 72 67 87 69 50 93 67 66 97 69 84 78 94 87 94 58 52 64 53 80 59 85 67 51 80 67 62 92 57 54 67 60 72 86 82 71 54 86 70 84 98 86 71 83 73 
67 62 92 57 54 67 60 72 86 82 71 54 86 70 84 98 86 71 83 73 91 77 94 56 74 97 88 91 62 61 63 61 90 64 72 92 54 77 78 81 75 82 73 94 68 56 66 71 76 99 77 68 61 89 89 88 94 91 64 67 77 78 84 96 80 99 60 68 70 64 57 76 87 61 65 74 80 59 93 85 56 70 75 70 67 96 92 50 82 79 91 51 64 54 50 96 71 83 99 77 78 58 86 79 79 59 86 69 83 63 81 72 82 63 94 69 93 79 64 63 
78 58 86 79 79 59 86 69 83 63 81 72 82 63 94 69 93 79 64 63 72 76 85 65 52 59 51 62 54 80 91 98 51 64 71 64 89 97 97 99 74 55 94 88 94 98 94 52 56 96 84 60 82 97 73 80 58 74 52 86 87 53 61 74 88 86 74 69 74 82 66 70 73 60 96 89 69 99 74 59 97 60 91 58 52 63 60 78 80 80 74 74 80 89 69 52 88 64 66 51 81 94 63 61 63 56 68 97 51 61 68 66 73 86 76 96 84 55 90 61 
81 94 63 61 63 56 68 97 51 61 68 66 73 86 76 96 84 55 90 61 75 88 62 60 67 79 85 61 54 85 52 98 95 78 61 62 73 50 76 57 73 95 73 96 74 91 80 65 65 56 68 71 69 98 69 92 83 84 70 77 89 53 88 93 64 53 88 60 74 72 76 59 88 81 52 55 80 71 62 57 68 86 65 86 74 70 59 81 64 81 70 59 72 75 56 86 73 95 74 90 57 98 68 50 97 97 65 61 60 58 92 82 97 64 69 86 64 91 90 85 
57 98 68 50 97 97 65 61 60 58 92 82 97 64 69 86 64 91 90 85 86 54 50 68 64 71 53 65 53 80 66 74 50 75 91 66 87 76 50 60 57 94 97 70 71 65 86 89 51 64 65 93 95 85 53 52 55 59 73 96 75 99 91 79 94 78 59 54 80 54 92 64 68 67 87 70 73 87 52 75 67 79 85 80 54 59 93 68 65 86 63 66 78 98 87 89 51 84 74 95 99 56 69 66 98 89 50 68 81 88 57 66 79 95 66 72 50 78 87 55 
99 56 69 66 98 89 50 68 81 88 57 66 79 95 66 72 50 78 87 55 53 94 68 75 60 55 50 83 55 97 76 99 54 51 51 70 52 77 85 64 82 55 56 67 56 66 56 89 83 84 68 58 78 50 98 50 75 58 99 62 73 50 55 94 74 91 56 61 67 71 79 51 71 92 72 81 87 87 92 91 97 62 92 58 66 51 98 87 90 92 72 96 52 90 97 72 68 54 77 52 61 94 67 65 55 93 72 91 68 98 67 67 55 76 64 95 99 99 99 84 
61 94 67 65 55 93 72 91 68 98 67 67 55 76 64 95 99 99 99 84 50 71 81 57 55 51 92 86 75 66 87 65 70 54 86 89 83 69 55 83 95 80 97 51 83 70 53 72 54 85 86 85 64 86 51 74 51 58 77 64 60 75 97 87 79 64 53 90 69 67 86 76 55 50 66 65 66 96 65 52 75 80 84 85 56 53 96 55 90 53 92 79 97 58 67 85 83 75 52 86 72 78 59 86 67 65 60 88 69 52 78 64 99 83 78 56 94 51 83 67 
72 78 59 86 67 65 60 88 69 52 78 64 99 83 78 56 94 51 83 67 72 56 96 61 52 53 82 64 74 94 70 55 83 70 93 97 67 50 81 84 53 70 90 84 70 76 80 80 91 52 86 98 86 71 64 57 50 54 77 97 62 72 62 86 64 88 67 63 59 98 59 55 52 97 61 87 83 75 60 74 64 61 86 96 93 94 89 91 54 58 76 92 86 91 82 79 87 55 79 75 94 88 60 99 78 65 91 90 57 80 67 97 84 90 56 81 55 64 60 73 
94 88 60 99 78 65 91 90 57 80 67 97 84 90 56 81 55 64 60 73 91 98 99 83 56 73 99 99 99 86 53 66 53 98 55 84 53 97 70 89 58 58 90 54 79 61 90 68 65 54 64 73 93 74 60 65 76 60 98 54 71 60 64 60 58 59 55 58 83 69 64 54 52 95 96 79 99 74 83 61 55 54 78 79 61 61 94 66 62 56 91 98 59 67 62 64 75 76 71 97 84 56 87 81 89 81 73 97 67 68 63 73 62 51 79 66 53 62 91 58 
84 56 87 81 89 81 73 97 67 68 63 73 62 51 79 66 53 62 91 58 80 98 78 80 91 77 85 55 96 51 64 77 57 86 91 82 73 69 65 94 63 98 61 92 79 53 56 58 92 80 86 99 60 79 76 92 84 67 59 68 90 76 76 92 79 68 53 79 86 87 73 86 70 80 99 95 76 52 70 64 81 66 56 58 54 97 91 70 85 75 98 54 58 92 65 55 62 94 69 72 86 60 70 94 76 78 73 72 66 71 50 84 58 77 95 53 55 69 66 99 
86 60 70 94 76 78 73 72 66 71 50 84 58 77 95 53 55 69 66 99 59 76 77 71 97 73 74 88 52 58 56 62 50 67 80 59 86 95 62 51 63 55 89 74 56 64 72 68 75 84 89 50 56 87 72 54 79 92 57 69 70 55 71 75 87 73 85 95 69 86 92 70 63 85 97 68 64 73 64 59 50 91 82 96 55 74 82 88 63 87 64 59 68 56 76 92 52 81 94 86 95 83 59 97 78 93 60 69 88 66 79 83 94 56 88 58 69 82 54 91 
95 83 59 97 78 93 60 69 88 66 79 83 94 56 88 58 69 82 54 91 71 78 98 50 77 69 56 54 85 94 70 92 98 80 76 59 50 81 71 74 95 75 81 70 69 54 69 82 94 65 79 95 70 53 65 59 87 53 89 66 57 92 65 66 58 54 58 95 79 65 91 50 61 55 87 83 98 85 61 55 85 73 53 96 61 76 89 61 72 86 63 71 84 76 64 78 60 67 87 68 79 78 70 94 78 97 77 58 80 80 92 50 91 93 73 57 56 76 94 81 
79 78 70 94 78 97 77 58 80 80 92 50 91 93 73 57 56 76 94 81 50 69 79 56 53 92 51 72 74 75 67 62 65 82 94 97 96 64 64 66 57 85 67 50 92 94 70 69 97 73 89 84 91 54 96 58 50 64 77 91 60 59 55 97 84 98 69 77 94 64 57 70 79 79 92 52 51 51 75 58 57 53 91 76 91 94 97 79 62 96 96 85 56 55 59 62 89 61 55 76 65 90 83 51 92 74 75 96 58 80 76 53 96 96 85 68 97 96 94 95 
65 90 83 51 92 74 75 96 58 80 76 53 96 96 85 68 97 96 94 95 88 58 88 99 70 86 81 77 53 56 55 87 57 82 70 89 51 53 66 53 94 79 90 86 93 95 81 85 63 61 54 68 71 61 61 84 71 79 90 75 83 51 89 81 85 63 97 93 63 52 54 86 85 52 84 99 64 89 83 71 96 54 58 51 52 79 87 51 53 89 72 93 88 66 86 69 51 94 81 73 67 62 97 86 65 75 95 77 92 83 84 65 75 80 69 66 56 89 62 66 
67 62 97 86 65 75 95 77 92 83 84 65 75 80 69 66 56 89 62 66 95 71 82 62 71 60 86 76 72 82 52 70 63 78 78 82 81 81 91 65 68 97 90 53 99 52 95 69 55 81 68 62 80 58 83 83 81 85 66 70 76 53 66 84 98 87 88 72 74 88 53 58 57 54 77 53 85 90 67 66 76 59 73 63 65 85 76 95 68 57 95 80 83 70 85 87 96 64 79 99 82 76 64 83 74 91 92 52 79 99 85 51 79 75 93 85 59 59 63 70 
82 76 64 83 74 91 92 52 79 99 85 51 79 75 93 85 59 59 63 70 69 61 76 91 84 66 65 73 57 70 99 97 79 84 93 92 58 65 98 80 65 98 59 70 74 51 82 55 92 75 88 70 76 86 77 62 62 70 66 90 92 74 77 85 56 64 72 62 70 77 85 95 92 75 98 63 98 75 73 54 65 93 58 53 55 54 76 85 66 88 92 83 95 63 96 83 78 86 97 98 67 90 66 53 90 99 51 62 87 91 65 73 82 71 66 72 83 91 86 94 
67 90 66 53 90 99 51 62 87 91 65 73 82 71 66 72 83 91 86 94 61 71 94 77 68 68 63 98 61 65 52 63 52 85 60 67 58 54 64 59 70 97 69 66 85 56 55 72 56 94 87 56 89 97 95 73 76 95 88 69 95 88 58 69 97 85 97 61 73 72 79 87 75 61 65 59 71 96 93 97 73 97 75 70 96 67 75 84 94 53 96 72 77 72 91 84 61 77 52 61 57 98 81 95 52 60 88 58 81 74 92 94 64 86 71 86 79 95 53 54 
57 98 81 95 52 60 88 58 81 74 92 94 64 86 71 86 79 95 53 54 68 52 63 66 54 51 76 85 53 56 58 85 71 80 56 70 75 66 68 77 63 87 55 63 88 59 55 53 57 74 81 74 68 52 93 67 55 76 56 79 74 65 57 99 62 96 89 64 62 94 84 62 58 81 62 93 85 90 58 91 79 95 73 67 82 97 75 88 61 56 85 95 95 64 70 91 86 87 95 68 60 88 66 62 81 77 73 77 71 99 84 64 58 96 73 56 89 61 87 75 
60 88 66 62 81 77 73 77 71 99 84 64 58 96 73 56 89 61 87 75 78 55 75 91 82 50 85 53 95 93 82 75 52 67 99 69 62 97 51 90 90 53 70 94 69 90 50 82 53 83 81 74 97 51 86 97 76 76 80 75 55 52 59 56 72 79 50 74 67 77 73 74 64 97 65 67 63 80 74 61 92 60 79 94 68 84 85 81 98 94 86 81 91 95 66 74 69 83 72 72 94 58 54 99 97 52 97 71 82 70 51 77 95 86 75 59 50 85 88 52 

89 69 78 92 98 68 56 66 59 91 69 95 52 70 79 68 75 70 53 63 98 69 97 59 63 84 99 52 73 99 72 65 89 73 81 93 88 78 89 53 69 63 99 99 73 66 77 71 53 65 87 77 98 82 76 88 58 56 76 50 66 89 82 84 52 76 61 68 78 89 89 82 70 91 58 55 64 84 82 71 78 75 85 96 66 97 93 90 75 63 71 90 72 84 54 93 58 63 51 83 77 86 95 56 97 60 72 83 64 55 56 90 55 72 66 58 96 84 77 94 
77 86 95 56 97 60 72 83 64 55 56 90 55 72 66 58 96 84 77 94 77 87 80 93 93 52 86 61 88 81 92 67 53 91 74 95 72 70 78 60 60 93 64 76 61 68 96 76 95 95 54 78 55 53 68 66 93 67 53 67 73 75 86 60 55 71 53 98 73 91 56 60 51 84 77 72 67 87 69 50 93 67 66 97 69 84 78 94 87 94 58 52 64 53 80 59 85 67 51 80 67 62 92 57 54 67 60 72 86 82 71 54 86 70 84 98 86 71 83 73 
67 62 92 57 54 67 60 72 86 82 71 54 86 70 84 98 86 71 83 73 91 77 94 56 74 97 88 91 62 61 63 61 90 64 72 92 54 77 78 81 75 82 73 94 68 56 66 71 76 99 77 68 61 89 89 88 94 91 64 67 77 78 84 96 80 99 60 68 70 64 57 76 87 61 65 74 80 59 93 85 56 70 75 70 67 96 92 50 82 79 91 51 64 54 50 96 71 83 99 77 78 58 86 79 79 59 86 69 83 63 81 72 82 63 94 69 93 79 64 63 
78 58 86 79 79 59 86 69 83 63 81 72 82 63 94 69 93 79 64 63 72 76 85 65 52 59 51 62 54 80 91 98 51 64 71 64 89 97 97 99 74 55 94 88 94 98 94 52 56 96 84 60 82 97 73 80 58 74 52 86 87 53 61 74 88 86 74 69 74 82 66 70 73 60 96 89 69 99 74 59 97 60 91 58 52 63 60 78 80 80 74 74 80 89 69 52 88 64 66 51 81 94 63 61 63 56 68 97 51 61 68 66 73 86 76 96 84 55 90 61 
81 94 63 61 63 56 68 97 51 61 68 66 73 86 76 96 84 55 90 61 75 88 62 60 67 79 85 61 54 85 52 98 95 78 61 62 73 50 76 57 73 95 73 96 74 91 80 65 65 56 68 71 69 98 69 92 83 84 70 77 89 53 88 93 64 53 88 60 74 72 76 59 88 81 52 55 80 71 62 57 68 86 65 86 74 70 59 81 64 81 70 59 72 75 56 86 73 95 74 90 57 98 68 50 97 97 65 61 60 58 92 82 97 64 69 86 64 91 90 85 
57 98 68 50 97 97 65 61 60 58 92 82 97 64 69 86 64 91 90 85 86 54 50 68 64 71 53 65 53 80 66 74 50 75 91 66 87 76 50 60 57 94 97 70 71 65 86 89 51 64 65 93 95 85 53 52 55 59 73 96 75 99 91 79 94 78 59 54 80 54 92 64 68 67 87 70 73 87 52 75 67 79 85 80 54 59 93 68 65 86 63 66 78 98 87 89 51 84 74 95 99 56 69 66 98 89 50 68 81 88 57 66 79 95 66 72 50 78 87 55 
99 56 69 66 98 89 50 68 81 88 57 66 79 95 66 72 50 78 87 55 53 94 68 75 60 55 50 83 55 97 76 99 54 51 51 70 52 77 85 64 82 55 56 67 56 66 56 89 83 84 68 58 78 50 98 50 75 58 99 62 73 50 55 94 74 91 56 61 67 71 79 51 71 92 72 81 87 87 92 91 97 62 92 58 66 51 98 87 90 92 72 96 52 90 97 72 68 54 77 52 61 94 67 65 55 93 72 91 68 98 67 67 55 76 64 95 99 99 99 84 
61 94 67 65 55 93 72 91 68 98 67 67 55 76 64 95 99 99 99 84 50 71 81 57 55 51 92 86 75 66 87 65 70 54 86 89 83 69 55 83 95 80 97 51 83 70 53 72 54 85 86 85 64 86 51 74 51 58 77 64 60 75 97 87 79 64 53 90 69 67 86 76 55 50 66 65 66 96 65 52 75 80 84 85 56 53 96 55 90 53 92 79 97 58 67 85 83 75 52 86 72 78 59 86 67 65 60 88 69 52 78 64 99 83 78 56 94 51 83 67 
72 78 59 86 67 65 60 88 69 52 78 64 99 83 78 56 94 51 83 67 72 56 96 61 52 53 82 64 74 94 70 55 83 70 93 97 67 50 81 84 53 70 90 84 70 76 80 80 91 52 86 98 86 71 64 57 50 54 77 97 62 72 62 86 64 88 67 63 59 98 59 55 52 97 61 87 83 75 60 74 64 61 86 96 93 94 89 91 54 58 76 92 86 91 82 79 87 55 79 75 94 88 60 99 78 65 91 90 57 80 67 97 84 90 56 81 55 64 60 73 
94 88 60 99 78 65 91 90 57 80 67 97 84 90 56 81 55 64 60 73 91 98 99 83 56 73 99 99 99 86 53 66 53 98 55 84 53 97 70 89 58 58 90 54 79 61 90 68 65 54 64 73 93 74 60 65 76 60 98 54 71 60 64 60 58 59 55 58 83 69 64 54 52 95 96 79 99 74 83 61 55 54 78 79 61 61 94 66 62 56 91 98 59 67 62 64 75 76 71 97 84 56 87 81 89 81 73 97 67 68 63 73 62 51 79 66 53 62 91 58 
84 56 87 81 89 81 73 97 67 68 63 73 62 51 79 66 53 62 91 58 80 98 78 80 91 77 85 55 96 51 64 77 57 86 91 82 73 69 65 94 63 98 61 92 79 53 56 58 92 80 86 99 60 79 76 92 84 67 59 68 90 76 76 92 79 68 53 79 86 87 73 86 70 80 99 95 76 52 70 64 81 66 56 58 54 97 91 70 85 75 98 54 58 92 65 55 62 94 69 72 86 60 70 94 76 78 73 72 66 71 50 84 58 77 95 53 55 69 66 99 
86 60 70 94 76 78 73 72 66 71 50 84 58 77 95 53 55 69 66 99 59 76 77 71 97 73 74 88 52 58 56 62 50 67 80 59 86 95 62 51 63 55 89 74 56 64 72 68 75 84 89 50 56 87 72 54 79 92 57 69 70 55 71 75 87 73 85 95 69 86 92 70 63 85 97 68 64 73 64 59 50 91 82 96 55 74 82 88 63 87 64 59 68 56 76 92 52 81 94 86 95 83 59 97 78 93 60 69 88 66 79 83 94 56 88 58 69 82 54 91 
95 83 59 97 78 93 60 69 88 66 79 83 94 56 88 58 69 82 54 91 71 78 98 50 77 69 56 54 85 94 70 92 98 80 76 59 50 81 71 74 95 75 81 70 69 54 69 82 94 65 79 95 70 53 65 59 87 53 89 66 57 92 65 66 58 54 58 95 79 65 91 50 61 55 87 83 98 85 61 55 85 73 53 96 61 76 89 61 72 86 63 71 84 76 64 78 60 67 87 68 79 78 70 94 78 97 77 58 80 80 92 50 91 93 73 57 56 76 94 81 
79 78 70 94 78 97 77 58 80 80 92 50 91 93 73 57 56 76 94 81 50 69 79 56 53 92 51 72 74 75 67 62 65 82 94 97 96 64 64 66 57 85 67 50 92 94 70 69 97 73 89 84 91 54 96 58 50 64 77 91 60 59 55 97 84 98 69 77 94 64 57 70 79 79 92 52 51 51 75 58 57 53 91 76 91 94 97 79 62 96 96 85 56 55 59 62 89 61 55 76 65 90 83 51 92 74 75 96 58 80 76 53 96 96 85 68 97 96 94 95 
65 90 83 51 92 74 75 96 58 80 76 53 96 96 85 68 97 96 94 95 88 58 88 99 70 86 81 77 53 56 55 87 57 82 70 89 51 53 66 53 94 79 90 86 93 95 81 85 63 61 54 68 71 61 61 84 71 79 90 75 83 51 89 81 85 63 97 93 63 52 54 86 85 52 84 99 64 89 83 71 96 54 58 51 52 79 87 51 53 89 72 93 88 66 86 69 51 94 81 73 67 62 97 86 65 75 95 77 92 83 84 65 75 80 69 66 56 89 62 66 
67 62 97 86 65 75 95 77 92 83 84 65 75 80 69 66 56 89 62 66 95 71 82 62 71 60 86 76 72 82 52 70 63 78 78 82 81 81 91 65 68 97 90 53 99 52 95 69 55 81 68 62 80 58 83 83 81 85 66 70 76 53 66 84 98 87 88 72 74 88 53 58 57 54 77 53 85 90 67 66 76 59 73 63 65 85 76 95 68 57 95 80 83 70 85 87 96 64 79 99 82 76 64 83 74 91 92 52 79 99 85 51 79 75 93 85 59 59 63 70 
82 76 64 83 74 91 92 52 79 99 85 51 79 75 93 85 59 59 63 70 69 61 76 91 84 66 65 73 57 70 99 97 79 84 93 92 58 65 98 80 65 98 59 70 74 51 82 55 92 75 88 70 76 86 77 62 62 70 66 90 92 74 77 85 56 64 72 62 70 77 85 95 92 75 98 63 98 75 73 54 65 93 58 53 55 54 76 85 66 88 92 83 95 63 96 83 78 86 97 98 67 90 66 53 90 99 51 62 87 91 65 73 82 71 66 72 83 91 86 94 
67 90 66 53 90 99 51 62 87 91 65 73 82 71 66 72 83 91 86 94 61 71 94 77 68 68 63 98 61 65 52 63 52 85 60 67 58 54 64 59 70 97 69 66 85 56 55 72 56 94 87 56 89 97 95 73 76 95 88 69 95 88 58 69 97 85 97 61 73 72 79 87 75 61 65 59 71 96 93 97 73 97 75 70 96 67 75 84 94 53 96 72 77 72 91 84 61 77 52 61 57 98 81 95 52 60 88 58 81 74 92 94 64 86 71 86 79 95 53 54 
57 98 81 95 52 60 88 58 81 74 92 94 64 86 71 86 79 95 53 54 68 52 63 66 54 51 76 85 53 56 58 85 71 80 56 70 75 66 68 77 63 87 55 63 88 59 55 53 57 74 81 74 68 52 93 67 55 76 56 79 74 65 57 99 62 96 89 64 62 94 84 62 58 81 62 93 85 90 58 91 79 95 73 67 82 97 75 88 61 56 85 95 95 64 70 91 86 87 95 68 60 88 66 62 81 77 73 77 71 99 84 64 58 96 73 56 89 61 87 75 
60 88 66 62 81 77 73 77 71 99 84 64 58 96 73 56 89 61 87 75 78 55 75 91 82 50 85 53 95 93 82 75 52 67 99 69 62 97 51 90 90 53 70 94 69 90 50 82 53 83 81 74 97 51 86 97 76 76 80 75 55 52 59 56 72 79 50 74 67 77 73 74 64 97 65 67 63 80 74 61 92 60 79 94 68 84 85 81 98 94 86 81 91 95 66 74 69 83 72 72 94 58 54 99 97 52 97 71 82 70 51 77 95 86 75 59 50 85 88 52 
94 58 54 99 97 52 97 71 82 70 51 77 95 86 75 59 50 85 88 52 66 77 75 50 62 61 93 95 91 91 80 59 84 74 75 74 70 84 99 66 95 89 96 87 71 53 67 83 65 72 85 54 67 59 89 93 58 72 82 93 70 55 97 96 94 53 91 86 78 65 54 86 77 71 95 80 76 81 56 94 51 90 91 61 57 81 96 63 80 87 91 65 96 83 83 88 88 71 78 50 57 60 95 75 87 84 97 90 80 95 57 76 75 59 60 75 87 96 78 91 
57 60 95 75 87 84 97 90 80 95 57 76 75 59 60 75 87 96 78 91 55 63 75 92 85 70 54 62 65 71 57 88 52 80 57 99 70 97 80 67 75 57 61 61 97 95 87 53 63 80 73 73 91 59 59 94 51 93 61 71 99 58 61 68 90 98 82 90 79 73 90 52 89 87 97 99 94 98 96 98 78 82 59 74 81 65 71 87 80 67 53 89 68 81 61 60 98 99 75 90 92 99 53 52 68 72 55 56 70 52 69 64 70 81 81 91 53 58 91 80 
92 99 53 52 68 72 55 56 70 52 69 64 70 81 81 91 53 58 91 80 56 56 87 72 53 75 66 95 63 54 54 95 92 65 50 67 95 78 76 86 75 96 59 93 57 70 77 98 55 73 65 63 85 89 71 70 66 67 90 59 60 52 53 75 77 90 83 73 64 78 75 54 72 88 54 50 69 57 59 97 92 84 59 69 81 63 88 89 99 62 56 86 66 50 71 91 50 75 97 90 71 70 54 73 84 98 96 79 52 86 79 79 90 55 72 87 65 97 82 60 
71 70 54 73 84 98 96 79 52 86 79 79 90 55 72 87 65 97 82 60 69 51 97 90 98 64 65 94 88 64 72 75 74 96 82 66 88 89 50 83 87 73 82 62 82 53 60 59 92 77 84 87 70 77 70 88 93 90 60 55 68 65 52 94 77 65 65 93 58 83 85 56 65 54 80 68 91 70 83 53 50 83 93 56 59 52 77 58 57 85 97 71 76 96 98 59 91 72 85 74 90 75 99 88 64 97 92 95 60 54 52 77 95 55 67 84 98 71 75 53 
90 75 99 88 64 97 92 95 60 54 52 77 95 55 67 84 98 71 75 53 52 59 56 99 95 62 97 88 95 74 96 79 73 61 90 55 68 65 69 50 98 94 53 79 75 78 67 96 99 63 73 71 85 96 74 72 80 70 72 72 55 50 88 58 71 80 74 80 93 79 53 93 76 51 58 66 59 78 53 59 71 71 74 89 88 80 50 67 77 62 87 58 52 80 64 65 68 59 94 64 69 91 60 65 93 96 50 77 65 80 93 57 79 53 76 55 97 83 60 60 
69 91 60 65 93 96 50 77 65 80 93 57 79 53 76 55 97 83 60 60 66 95 99 93 78 97 94 79 89 87 85 72 93 53 59 68 64 74 72 50 85 91 55 58 54 70 85 92 65 58 67 70 65 88 59 89 87 87 59 56 71 97 97 71 92 96 59 99 70 82 63 77 73 98 74 81 55 68 51 89 89 85 69 84 80 87 69 70 63 84 96 99 64 75 61 72 91 87 59 78 67 96 60 52 64 52 91 94 88 73 57 87 97 99 82 85 58 55 97 94 
67 96 60 52 64 52 91 94 88 73 57 87 97 99 82 85 58 55 97 94 83 64 99 81 59 61 91 89 50 95 51 63 85 87 56 77 70 71 89 80 97 76 83 96 50 82 70 73 54 83 97 97 56 98 50 75 86 68 90 68 73 54 91 78 86 80 85 53 87 80 83 81 54 71 99 95 52 58 68 94 83 70 53 52 93 52 88 82 68 57 93 81 97 81 97 70 67 57 50 99 98 59 65 99 89 88 90 65 72 85 67 89 73 96 72 96 85 77 98 81 
98 59 65 99 89 88 90 65 72 85 67 89 73 96 72 96 85 77 98 81 61 56 80 72 73 61 61 75 98 93 84 83 62 96 78 56 73 96 85 61 83 86 78 69 61 53 64 78 62 60 84 57 88 65 93 89 86 56 59 70 51 51 76 83 84 53 74 87 87 70 83 57 75 74 50 90 93 90 85 90 93 58 52 75 60 67 78 52 74 75 72 81 69 88 50 89 99 60 98 52 57 55 66 77 96 60 66 76 90 87 89 60 65 61 91 98 55 84 65 76 
57 55 66 77 96 60 66 76 90 87 89 60 65 61 91 98 55 84 65 76 92 73 73 67 81 62 86 70 96 88 80 50 58 85 54 53 90 75 54 86 78 69 78 91 99 94 58 72 68 54 57 88 92 76 55 77 92 64 51 59 69 84 55 97 66 62 89 86 97 88 89 97 76 98 67 56 69 88 52 61 68 54 77 76 95 57 55 61 73 79 60 82 60 84 75 80 59 59 64 61 67 72 92 79 93 82 54 90 93 80 65 87 51 97 54 87 75 59 96 89 
67 72 92 79 93 82 54 90 93 80 65 87 51 97 54 87 75 59 96 89 66 80 62 87 69 87 66 69 77 59 65 70 82 97 55 60 96 76 61 52 86 65 52 83 85 79 52 52 92 99 88 89 51 60 89 98 91 63 93 70 87 80 98 97 76 90 50 50 88 97 70 58 69 54 98 53 83 96 91 64 60 59 58 51 55 75 92 68 55 62 77 54 69 67 52 54 94 71 87 52 59 76 92 91 54 99 62 73 97 62 79 97 67 55 75 98 67 67 73 68 
59 76 92 91 54 99 62 73 97 62 79 97 67 55 75 98 67 67 73 68 84 86 61 74 89 55 83 68 62 94 64 93 60 79 87 96 64 60 78 50 67 68 69 75 85 66 63 69 58 82 70 79 99 74 57 61 78 78 60 78 60 98 77 66 65 90 85 79 57 60 65 56 86 60 74 64 74 98 53 66 86 66 64 56 64 96 95 78 50 69 80 51 57 79 54 76 82 59 82 89 54 83 92 89 57 78 57 67 58 89 82 88 65 77 58 55 68 61 50 62 
54 83 92 89 57 78 57 67 58 89 82 88 65 77 58 55 68 61 50 62 51 94 73 57 91 63 99 58 50 77 81 80 54 76 97 72 93 84 66 54 84 54 68 93 66 97 67 63 71 56 57 62 85 60 81 94 94 91 81 84 77 89 60 91 82 75 88 80 63 71 96 60 75 69 76 65 85 67 93 64 67 82 82 68 90 65 85 58 98 53 52 90 59 93 83 97 56 53 74 99 94 78 79 79 86 94 82 77 67 70 57 86 70 53 90 61 76 55 61 74 
94 78 79 79 86 94 82 77 67 70 57 86 70 53 90 61 76 55 61 74 99 82 60 55 55 99 87 78 99 96 66 65 87 89 60 94 69 95 95 96 87 59 78 53 82 99 88 83 78 97 58 97 72 89 54 74 53 93 97 56 73 90 69 98 93 68 67 85 66 71 71 98 61 52 94 71 64 69 77 92 50 79 70 81 66 71 64 97 83 67 51 88 90 50 63 87 58 59 66 90 55 77 97 81 77 70 50 53 68 76 87 97 67 65 54 53 57 67 85 59 
55 77 97 81 77 70 50 53 68 76 87 97 67 65 54 53 57 67 85 59 50 95 75 60 60 87 84 77 70 52 61 80 68 95 51 68 97 80 85 72 71 90 63 70 97 62 71 63 63 56 97 61 73 94 71 77 56 81 85 77 96 91 56 66 52 65 72 94 72 64 81 65 77 53 51 81 56 72 61 98 75 93 67 94 96 72 91 59 80 53 50 94 63 84 50 54 67 66 95 56 69 56 90 82 90 96 87 72 71 99 85 72 73 70 59 77 67 96 71 99 
69 56 90 82 90 96 87 72 71 99 85 72 73 70 59 77 67 96 71 99 55 95 76 86 86 52 55 61 87 62 92 53 98 67 50 50 77 61 99 75 52 58 76 63 65 84 60 85 69 87 75 91 72 73 70 69 50 60 87 52 76 91 78 94 63 72 76 64 99 93 80 60 84 94 63 95 96 64 89 96 65 83 72 90 52 56 72 55 71 94 86 84 89 53 52 98 72 79 55 90 95 55 90 65 79 58 71 67 63 88 56 92 51 90 66 52 96 51 56 61 
95 55 90 65 79 58 71 67 63 88 56 92 51 90 66 52 96 51 56 61 76 56 63 56 54 56 52 63 82 66 52 50 75 53 80 53 58 63 55 94 60 92 52 62 85 71 86 73 51 86 62 84 94 71 55 82 58 75 79 50 97 81 53 55 67 57 86 87 82 58 74 68 51 54 63 58 60 92 96 69 90 53 87 70 88 80 75 86 93 58 80 83 85 66 54 97 89 73 82 58 85 66 57 63 59 56 87 85 60 84 96 64 51 98 68 81 69 78 70 91 
85 66 57 63 59 56 87 85 60 84 96 64 51 98 68 81 69 78 70 91 54 54 72 87 61 74 75 53 71 98 91 87 96 85 56 87 62 81 72 93 90 57 83 66 93 85 83 96 98 82 50 85 68 96 54 60 83 84 87 73 90 57 91 84 55 68 72 58 67 50 87 85 97 69 83 75 59 86 92 97 53 58 99 65 99 92 53 94 84 60 81 97 69 72 50 53 55 71 95 73 82 53 65 60 96 58 55 80 83 86 97 61 56 83 69 95 63 83 93 60 
82 53 65 60 96 58 55 80 83 86 97 61 56 83 69 95 63 83 93 60 58 83 66 97 52 80 85 75 57 51 80 81 95 86 56 96 67 54 82 76 84 63 52 77 81 68 79 54 91 98 89 99 84 92 65 55 83 53 93 72 73 69 83 53 77 51 86 52 64 70 94 64 57 88 62 79 93 96 62 88 53 69 88 53 69 81 63 54 97 74 80 93 90 76 70 52 81 64 70 67 77 85 61 57 56 56 82 80 80 56 94 66 55 53 60 85 91 93 52 52 
77 85 61 57 56 56 82 80 80 56 94 66 55 53 60 85 91 93 52 52 56 94 56 54 56 54 77 63 94 80 70 84 62 89 92 66 81 83 95 59 94 82 76 91 65 80 63 86 88 88 86 81 98 51 61 53 69 61 99 67 68 85 56 54 94 92 56 77 57 99 64 51 55 70 79 52 53 79 62 92 60 94 71 99 88 74 99 92 66 61 82 72 83 75 83 59 96 92 85 74 62 70 88 89 90 63 74 99 87 56 76 82 83 58 91 87 65 66 83 56 
62 70 88 89 90 63 74 99 87 56 76 82 83 58 91 87 65 66 83 56 74 94 66 92 66 50 63 93 90 56 62 73 82 88 98 92 69 82 98 58 93 74 71 96 88 68 60 57 95 71 84 61 89 72 71 57 76 96 80 59 90 82 81 70 59 50 86 78 81 60 70 64 53 88 91 81 97 63 75 94 80 85 55 83 56 89 90 75 92 88 93 55 69 66 81 83 82 97 92 79 86 50 79 65 51 95 98 90 74 58 91 78 84 88 84 69 75 97 64 53 
86 50 79 65 51 95 98 90 74 58 91 78 84 88 84 69 75 97 64 53 90 62 56 80 87 59 73 64 90 91 99 66 64 79 88 78 55 59 82 61 88 66 79 63 79 59 78 94 64 66 74 72 68 96 61 74 54 83 53 73 79 75 65 74 68 66 79 73 64 54 75 90 72 91 51 78 62 90 86 94 74 75 71 96 70 86 82 69 50 87 75 51 72 73 90 50 77 77 97 66 50 60 94 89 58 80 71 92 84 82 66 87 63 76 67 87 56 60 53 95 
50 60 94 89 58 80 71 92 84 82 66 87 63 76 67 87 56 60 53 95 53 63 74 95 90 93 95 60 97 79 57 55 57 83 55 68 74 95 77 66 94 94 90 73 77 87 77 99 53 66 83 81 86 62 76 87 88 94 68 74 61 92 95 82 65 95 87 87 90 95 57 84 95 76 71 65 65 94 76 69 78 94 66 69 60 77 51 77 77 91 78 60 67 60 82 63 84 77 83 53 90 65 82 80 91 67 55 63 85 92 63 58 76 94 99 67 82 68 97 52 
90 65 82 80 91 67 55 63 85 92 63 58 76 94 99 67 82 68 97 52 64 55 86 84 82 51 91 67 83 68 72 93 67 71 84 70 57 96 86 64 67 61 72 94 74 74 79 65 67 70 95 76 50 79 81 86 94 77 95 79 51 70 90 89 59 68 63 85 79 57 65 62 74 77 97 72 68 90 62 79 94 68 84 95 78 72 73 58 71 84 68 87 54 55 91 91 86 79 76 80 97 54 54 94 63 64 80 68 99 50 80 66 62 76 78 57 54 69 79 96 
97 54 54 94 63 64 80 68 99 50 80 66 62 76 78 57 54 69 79 96 92 77 87 57 71 82 98 84 81 73 57 57 86 68 50 65 54 84 73 65 96 66 85 95 52 61 66 81 67 82 80 64 77 68 90 64 57 94 50 82 91 67 61 57 75 68 71 59 74 57 51 53 57 57 68 66 59 73 64 98 89 72 81 54 63 95 56 55 71 58 65 53 55 84 76 85 80 70 64 70 94 63 89 77 77 97 64 91 95 63 60 62 54 50 94 80 57 94 50 65 
94 63 89 77 77 97 64 91 95 63 60 62 54 50 94 80 57 94 50 65 96 95 58 60 76 92 82 90 57 79 54 94 62 71 82 77 78 69 60 95 69 94 87 72 71 69 72 81 54 50 88 92 97 84 51 54 75 94 53 85 79 73 80 91 95 52 62 84 77 56 82 54 70 67 89 53 58 77 58 78 83 90 95 60 65 90 55 57 50 55 98 58 93 50 92 63 91 70 72 70 87 59 56 73 81 91 88 82 71 58 85 81 60 61 85 66 84 67 94 81 
87 59 56 73 81 91 88 82 71 58 85 81 60 61 85 66 84 67 94 81 71 62 92 88 85 90 58 68 97 74 75 85 76 96 84 80 76 62 62 58 87 97 91 83 60 80 65 58 55 59 79 98 63 51 81 57 88 77 55 98 52 56 90 85 53 52 58 64 69 77 83 76 70 92 58 91 72 99 87 89 76 67 57 57 64 74 63 64 63 97 90 83 90 80 83 53 82 83 94 74 69 60 68 73 71 67 61 58 60 62 91 58 94 72 87 66 53 74 82 90 
69 60 68 73 71 67 61 58 60 62 91 58 94 72 87 66 53 74 82 90 88 73 68 57 79 73 80 68 61 91 60 92 98 57 72 51 54 60 59 85 63 87 51 80 63 69 97 66 64 82 93 63 54 50 54 72 54 79 51 77 55 91 73 56 61 57 76 93 88 73 79 59 85 60 62 69 59 99 69 70 57 99 79 53 51 98 95 98 54 51 68 68 96 63 91 51 79 51 98 82 75 69 88 88 56 59 92 85 62 99 66 89 97 60 83 91 67 62 70 57 
75 69 88 88 56 59 92 85 62 99 66 89 97 60 83 91 67 62 70 57 85 53 58 96 82 83 52 90 95 72 99 55 89 85 53 63 68 78 65 97 99 71 91 82 79 86 71 65 63 60 64 89 65 92 94 80 73 50 72 77 71 83 64 80 77 64 65 97 79 57 99 99 92 73 96 52 52 62 72 70 65 95 63 94 89 65 63 90 51 94 93 94 61 64 90 97 52 68 69 86 98 83 83 57 93 78 74 81 93 68 55 76 53 92 77 78 90 86 54 57 
98 83 83 57 93 78 74 81 93 68 55 76 53 92 77 78 90 86 54 57 86 61 86 60 87 95 65 64 85 98 88 78 83 61 65 88 89 50 51 97 91 73 96 59 86 76 69 68 83 70 81 72 71 62 86 75 86 69 80 83 75 68 70 96 96 67 62 71 72 94 68 88 50 84 84 71 65 67 82 53 50 50 69 97 99 75 72 75 72 89 62 99 52 78 85 61 68 74 64 79 90 90 81 60 98 98 89 91 56 93 78 64 65 81 81 98 82 56 56 76 
90 90 81 60 98 98 89 91 56 93 78 64 65 81 81 98 82 56 56 76 77 51 63 69 99 58 63 62 76 67 98 83 71 93 62 95 96 63 72 66 91 58 69 93 59 79 81 91 96 67 86 52 87 91 88 68 85 50 92 92 92 97 57 80 86 72 61 89 55 68 93 79 73 94 93 59 92 72 89 61 77 63 74 74 94 92 87 85 68 89 58 96 63 63 84 76 62 55 60 51 83 91 77 86 66 59 82 98 67 54 52 59 82 96 90 71 72 88 95 94 
83 91 77 86 66 59 82 98 67 54 52 59 82 96 90 71 72 88 95 94 57 89 75 53 78 57 50 71 68 54 53 82 58 92 86 92 66 81 80 87 96 97 94 59 91 91 57 79 63 79 59 97 50 50 91 75 50 78 50 87 61 92 70 61 82 52 69 68 70 75 99 80 61 58 78 82 62 81 84 92 62 77 96 99 74 77 83 71 82 86 98 54 80 85 86 94 96 81 61 66 87 82 87 95 74 94 57 68 89 77 68 70 68 77 69 67 82 54 55 83 
87 82 87 95 74 94 57 68 89 77 68 70 68 77 69 67 82 54 55 83 76 96 92 60 84 57 94 77 68 85 54 90 54 84 71 86 92 82 92 50 94 55 98 60 63 60 60 93 62 69 53 59 75 77 90 74 55 84 82 60 92 62 53 70 76 78 59 86 82 57 52 99 79 71 51 96 95 72 79 51 94 64 95 73 80 81 84 77 86 79 71 62 75 50 85 97 93 56 93 54 61 73 73 87 66 87 62 64 53 75 74 59 80 51 69 76 68 54 61 78 
61 73 73 87 66 87 62 64 53 75 74 59 80 51 69 76 68 54 61 78 75 67 82 85 52 72 59 98 79 93 72 80 57 74 54 50 61 72 91 81 85 76 59 85 86 82 69 93 82 83 73 78 70 65 69 50 98 88 70 69 85 83 81 55 57 90 78 59 96 99 71 87 76 62 64 98 88 64 66 83 55 81 65 57 53 58 89 98 59 64 61 96 65 95 98 67 73 75 74 84 72 68 85 73 80 75 98 55 55 60 51 52 87 91 68 92 68 56 74 87 
72 68 85 73 80 75 98 55 55 60 51 52 87 91 68 92 68 56 74 87 86 86 96 64 82 51 84 85 99 85 64 51 85 98 99 52 92 87 75 57 95 53 87 96 94 87 87 60 63 75 66 97 61 89 73 82 51 64 94 70 95 94 77 84 79 75 99 86 51 99 83 83 64 93 95 94 75 89 97 60 98 85 63 59 98 78 57 74 98 96 81 82 99 92 75 91 93 57 94 84 55 80 97 83 55 72 72 64 91 92 65 62 72 78 69 69 62 53 51 55 
55 80 97 83 55 72 72 64 91 92 65 62 72 78 69 69 62 53 51 55 54 88 85 64 62 69 59 82 53 87 73 85 98 98 72 50 85 76 66 53 75 58 63 80 67 90 71 51 88 87 94 90 72 97 67 80 76 82 59 65 63 54 97 87 77 50 73 74 66 61 73 80 85 64 53 94 79 75 54 76 54 68 92 53 56 88 78 82 57 82 58 98 86 51 87 63 94 82 88 61 90 71 91 95 83 68 51 79 95 81 89 78 65 66 69 79 86 61 70 58 
90 71 91 95 83 68 51 79 95 81 89 78 65 66 69 79 86 61 70 58 51 51 52 87 62 64 65 67 70 68 82 64 56 56 78 88 72 54 74 97 63 59 58 87 57 80 89 63 80 95 63 59 80 74 97 94 58 60 81 58 76 71 55 74 65 80 63 50 79 78 71 91 63 97 82 63 54 97 70 63 97 91 68 54 52 68 55 93 79 92 86 52 89 71 67 68 57 89 89 83 88 60 78 76 67 95 69 97 64 81 73 54 97 89 99 62 89 79 73 96 
88 60 78 76 67 95 69 97 64 81 73 54 97 89 99 62 89 79 73 96 70 74 51 55 78 86 73 83 95 51 89 69 76 96 83 74 80 75 56 77 50 63 75 89 50 97 90 95 58 59 59 54 87 62 70 66 98 79 77 71 63 63 96 57 96 73 81 60 92 83 79 51 96 84 74 87 54 51 64 75 52 68 89 77 77 90 70 64 76 62 84 56 53 57 78 90 95 74 67 87 72 79 54 89 53 80 61 70 77 58 64 98 69 74 58 51 58 52 53 97 
72 79 54 89 53 80 61 70 77 58 64 98 69 74 58 51 58 52 53 97 54 84 70 72 86 53 54 91 73 67 97 60 95 79 56 98 76 84 69 79 76 94 76 54 69 61 71 84 67 66 69 50 63 79 81 78 74 86 89 59 71 84 54 77 82 62 57 70 59 94 62 51 84 92 80 98 95 70 96 95 84 57 52 58 61 75 66 85 89 56 68 75 52 74 91 59 94 57 99 96 72 75 81 84 90 54 78 78 73 75 92 53 85 75 75 55 59 69 78 77 
72 75 81 84 90 54 78 78 73 75 92 53 85 75 75 55 59 69 78 77 89 76 70 79 55 59 80 86 57 62 73 50 54 58 52 68 97 75 97 59 86 53 88 54 64 63 89 68 52 93 51 84 64 63 94 95 90 70 76 63 68 76 95 84 95 64 84 59 62 98 64 83 97 69 97 80 84 98 98 50 83 60 54 82 73 91 96 87 66 57 83 99 75 57 70 87 58 71 97 64 56 51 52 60 85 67 70 70 56 71 72 67 86 54 57 86 52 90 69 61 
56 51 52 60 85 67 70 70 56 71 72 67 86 54 57 86 52 90 69 61 67 50 83 85 98 57 58 71 94 50 70 95 79 53 64 76 86 51 95 99 82 50 82 59 85 96 65 98 83 94 72 98 93 50 56 90 65 70 65 71 85 98 90 50 69 81 89 56 61 92 81 56 85 72 85 89 51 65 64 73 55 63 60 83 97 67 84 74 71 70 77 82 50 96 71 92 98 64 82 67 87 73 56 52 66 80 75 52 99 98 80 52 97 86 63 79 59 67 73 77 
87 73 56 52 66 80 75 52 99 98 80 52 97 86 63 79 59 67 73 77 70 71 93 56 51 56 75 90 77 90 57 73 58 98 73 80 63 61 64 80 64 67 96 71 54 82 59 98 62 58 86 57 60 77 86 54 97 63 64 74 51 58 75 63 50 76 54 90 84 95 94 90 70 91 69 78 58 64 68 97 72 87 66 95 76 87 78 56 50 50 50 60 59 83 58 52 76 51 51 77 91 70 52 67 91 76 96 63 65 79 69 62 93 89 71 70 78 99 99 91 
91 70 52 67 91 76 96 63 65 79 69 62 93 89 71 70 78 99 99 91 92 50 53 64 56 54 72 53 77 58 68 88 61 98 91 86 69 57 61 94 90 54 56 85 85 86 58 72 77 93 64 74 77 51 85 71 84 62 79 91 51 84 65 78 81 79 71 92 94 56 93 59 94 91 73 52 76 99 62 97 51 73 89 89 60 73 89 75 78 58 93 93 60 70 79 70 54 55 53 95 59 65 96 87 95 65 72 56 83 65 94 98 69 64 94 68 90 51 91 52 
59 65 96 87 95 65 72 56 83 65 94 98 69 64 94 68 90 51 91 52 55 62 68 50 92 51 74 58 64 72 65 84 62 75 52 93 82 85 60 93 90 71 60 69 50 57 89 77 75 52 56 66 87 99 74 62 74 74 94 75 52 98 68 79 95 79 93 52 98 55 65 97 91 71 98 76 71 55 68 83 86 64 92 94 84 56 63 81 88 68 82 56 71 94 92 72 57 50 77 61 81 76 81 77 86 53 84 61 98 88 63 87 98 66 78 56 58 59 99 69 
81 76 81 77 86 53 84 61 98 88 63 87 98 66 78 56 58 59 99 69 97 80 51 71 97 72 63 68 69 69 73 86 65 56 54 98 81 56 95 96 87 59 94 98 66 99 53 97 96 75 54 54 93 95 64 50 67 57 86 75 92 86 76 94 92 73 75 66 83 55 50 71 73 69 76 81 85 72 94 93 68 53 52 65 71 94 93 76 69 99 73 58 91 64 76 72 85 84 57 73 66 84 91 74 98 65 72 58 65 89 52 99 82 85 91 89 63 96 83 65 
66 84 91 74 98 65 72 58 65 89 52 99 82 85 91 89 63 96 83 65 97 66 88 98 84 99 54 89 73 68 70 64 86 88 61 72 56 85 89 76 86 67 53 73 75 55 84 66 67 76 65 64 57 90 65 73 80 60 82 94 95 94 76 93 86 65 72 87 96 63 52 86 61 76 74 74 75 81 97 88 60 58 95 96 94 86 68 80 73 64 59 57 53 64 87 71 75 64 78 99 94 56 71 77 87 58 68 66 57 59 97 62 51 77 60 68 82 67 59 57 
94 56 71 77 87 58 68 66 57 59 97 62 51 77 60 68 82 67 59 57 65 99 81 75 98 77 68 96 98 92 81 82 76 86 78 54 98 53 83 74 95 92 69 83 50 82 61 86 99 70 66 58 58 70 82 91 72 88 91 95 74 63 67 73 82 60 88 79 63 81 73 94 77 93 87 57 66 98 54 58 50 88 79 72 90 50 71 53 59 71 79 50 68 61 98 85 83 86 52 74 90 84 59 63 77 77 54 56 62 65 59 55 51 86 71 62 50 68 64 88 
90 84 59 63 77 77 54 56 62 65 59 55 51 86 71 62 50 68 64 88 61 85 69 92 72 74 50 78 52 76 95 51 95 93 98 58 83 78 58 65 68 69 98 72 51 75 77 85 56 59 57 52 57 83 99 60 60 84 97 73 51 90 67 57 92 96 53 96 72 87 82 94 74 72 52 84 59 64 78 50 93 73 75 81 54 88 84 78 53 73 60 70 78 89 94 90 52 80 72 84 94 84 89 79 75 87 83 97 86 68 89 96 90 85 56 66 50 50 83 70 
94 84 89 79 75 87 83 97 86 68 89 96 90 85 56 66 50 50 83 70 82 54 56 67 93 77 57 95 91 94 90 81 79 80 62 54 80 93 81 69 64 56 74 75 70 77 63 88 66 98 68 76 92 82 85 75 57 62 69 83 65 97 73 85 54 62 54 98 92 86 88 90 50 92 79 75 86 51 65 72 55 78 88 77 90 69 78 69 77 66 98 88 76 77 70 85 80 99 58 87 60 58 64 62 74 91 51 73 95 92 70 57 77 90 70 89 52 61 66 76 
60 58 64 62 74 91 51 73 95 92 70 57 77 90 70 89 52 61 66 76 63 81 51 59 52 97 86 66 93 94 54 81 84 95 98 89 61 96 92 60 78 94 66 83 92 93 67 65 98 67 56 68 86 96 87 79 61 68 56 93 54 92 75 91 84 92 75 84 50 95 59 95 55 99 86 65 66 54 67 58 62 79 90 70 64 82 76 76 56 71 64 75 88 69 69 63 55 62 57 70 98 69 98 75 77 51 59 60 54 95 54 59 83 65 82 76 57 65 55 89 
98 69 98 75 77 51 59 60 54 95 54 59 83 65 82 76 57 65 55 89 54 77 70 77 85 61 89 64 72 91 99 85 57 66 88 65 63 54 71 79 53 72 58 79 92 75 98 90 72 74 69 84 79 52 62 53 79 73 87 72 93 80 59 96 59 72 51 55 60 96 55 76 72 81 65 83 76 50 55 93 63 60 54 53 95 50 72 99 64 67 98 97 71 97 85 91 77 61 74 85 56 58 86 65 52 84 55 72 68 72 61 57 61 88 77 99 77 73 83 55 
56 58 86 65 52 84 55 72 68 72 61 57 61 88 77 99 77 73 83 55 69 56 64 87 74 50 54 94 62 82 80 60 56 89 66 88 74 92 56 68 61 82 81 92 89 87 72 76 50 80 60 54 72 95 58 91 55 57 94 55 89 82 61 87 59 79 69 79 94 74 72 85 92 86 50 87 81 69 81 92 74 97 84 98 94 61 95 93 77 90 74 91 91 51 76 68 82 52 73 77 54 57 99 68 69 90 76 58 73 62 95 96 56 87 96 99 65 78 78 94 
54 57 99 68 69 90 76 58 73 62 95 96 56 87 96 99 65 78 78 94 61 71 94 61 67 71 79 94 71 74 81 77 92 63 89 66 99 64 99 50 63 54 88 63 73 78 96 95 53 95 92 51 51 54 73 58 73 69 87 68 69 71 67 91 91 54 73 66 66 76 90 90 59 98 81 86 77 85 57 70 90 60 53 81 97 79 70 59 65 62 60 83 87 90 92 61 98 52 93 55 86 73 67 84 89 76 63 67 65 82 71 56 89 99 56 78 81 63 82 68 
86 73 67 84 89 76 63 67 65 82 71 56 89 99 56 78 81 63 82 68 97 81 84 96 62 60 73 60 58 57 89 72 89 55 91 94 99 64 95 59 99 98 73 96 51 89 66 76 88 96 70 57 62 96 99 85 57 79 92 99 52 60 69 92 74 64 81 99 78 64 52 72 89 57 67 74 85 56 69 76 73 76 50 65 97 72 85 74 82 62 95 83 67 64 72 54 74 86 65 53 74 50 58 99 63 92 65 72 69 73 57 54 55 69 51 87 50 70 65 91 
74 50 58 99 63 92 65 72 69 73 57 54 55 69 51 87 50 70 65 91 56 54 96 82 78 74 62 51 79 73 87 76 58 73 86 68 59 69 56 63 86 64 90 71 60 68 58 61 99 97 51 90 73 95 99 60 73 88 79 61 85 62 61 59 50 93 91 91 66 90 81 51 51 74 71 93 83 94 74 57 70 74 92 55 60 86 70 99 64 71 51 67 71 70 62 80 85 66 80 93 53 80 94 93 60 63 60 79 97 99 85 56 76 95 57 78 85 76 73 78 
53 80 94 93 60 63 60 79 97 99 85 56 76 95 57 78 85 76 73 78 97 72 67 62 50 52 64 79 86 69 86 50 57 92 63 77 58 96 68 51 89 91 89 78 82 73 88 89 66 82 92 85 71 86 96 91 59 76 54 55 88 85 91 60 86 61 98 60 57 78 71 51 74 58 99 54 75 86 86 85 86 76 67 83 58 88 83 65 89 86 72 96 60 71 78 83 75 88 82 61 57 92 70 80 56 52 65 66 78 89 71 76 80 94 89 73 54 81 69 77 
57 92 70 80 56 52 65 66 78 89 71 76 80 94 89 73 54 81 69 77 54 86 83 63 71 59 94 92 58 98 58 50 57 52 94 85 56 89 96 91 93 71 99 52 76 69 94 92 52 87 65 77 85 77 55 59 87 64 97 54 62 97 89 69 65 81 56 77 91 72 90 70 53 68 57 95 59 91 67 59 73 64 85 56 83 63 90 66 59 97 92 72 50 67 99 94 85 73 92 68 83 51 96 54 60 58 89 64 56 94 51 55 79 60 64 86 88 58 59 84 
83 51 96 54 60 58 89 64 56 94 51 55 79 60 64 86 88 58 59 84 90 72 99 87 73 72 99 55 64 78 76 74 75 68 81 56 85 83 87 77 61 66 65 66 90 81 92 56 70 61 99 75 86 50 81 81 53 70 58 60 51 72 53 75 87 50 85 81 84 85 78 84 52 51 78 62 62 65 76 98 65 52 67 65 55 51 85 83 79 72 74 78 91 52 93 91 88 86 63 79 75 51 95 54 64 78 94 53 92 81 53 65 64 54 50 86 71 93 56 52 
75 51 95 54 64 78 94 53 92 81 53 65 64 54 50 86 71 93 56 52 61 79 66 62 74 95 54 98 59 54 99 52 95 67 63 60 70 84 66 70 57 88 54 84 94 64 98 66 66 70 51 99 92 95 77 90 54 97 59 89 88 52 66 66 99 58 81 61 80 63 72 66 70 67 83 97 99 81 73 65 65 89 72 58 90 70 70 94 91 99 76 75 79 79 68 94 68 72 60 90 76 53 97 60 52 50 57 77 83 65 81 95 76 55 71 59 71 73 66 87 
76 53 97 60 52 50 57 77 83 65 81 95 76 55 71 59 71 73 66 87 89 59 66 98 65 99 62 84 66 86 71 59 71 56 79 73 96 76 85 87 56 95 85 71 95 67 52 63 85 61 52 93 88 95 80 88 68 59 86 67 80 59 54 51 76 55 81 50 78 73 85 99 68 55 96 52 82 57 57 62 61 96 82 75 92 93 71 96 88 81 88 99 83 62 69 89 68 71 57 53 75 78 80 53 74 72 57 66 95 64 95 58 88 92 57 92 86 86 88 75 
75 78 80 53 74 72 57 66 95 64 95 58 88 92 57 92 86 86 88 75 66 80 76 60 81 55 69 89 51 53 98 98 82 94 76 50 60 85 75 53 83 70 57 55 64 66 80 90 69 58 61 78 78 91 85 55 71 56 74 65 89 97 84 82 69 82 64 89 81 54 89 52 59 81 84 78 74 83 57 76 63 53 97 76 55 83 68 64 88 70 74 51 71 55 84 86 61 93 74 92 51 73 99 80 53 75 67 72 89 96 50 97 51 59 69 89 98 55 80 76 
51 73 99 80 53 75 67 72 89 96 50 97 51 59 69 89 98 55 80 76 76 98 68 52 83 58 66 59 77 68 95 79 52 95 65 89 88 92 61 63 70 92 97 90 92 99 89 68 79 65 92 62 59 66 65 73 64 58 74 88 88 93 55 54 53 76 53 55 54 60 99 63 66 70 69 92 89 87 97 57 67 91 90 64 98 67 91 51 71 69 73 50 77 93 86 78 73 51 58 52 64 57 56 78 78 86 89 81 81 62 86 81 98 56 68 89 81 78 86 97 
64 57 56 78 78 86 89 81 81 62 86 81 98 56 68 89 81 78 86 97 99 92 99 53 77 83 98 90 90 85 60 71 61 77 79 88 81 55 74 85 86 85 96 88 90 53 90 74 77 95 53 54 82 80 92 57 91 81 66 90 96 59 61 56 72 57 66 83 97 81 93 90 95 84 68 65 93 91 95 62 91 80 78 80 74 56 91 56 55 67 77 93 88 57 61 74 71 56 76 87 68 77 51 50 65 64 85 82 92 50 85 95 60 97 50 70 93 98 93 80 
68 77 51 50 65 64 85 82 92 50 85 95 60 97 50 70 93 98 93 80 96 58 97 82 64 82 96 86 86 82 67 81 92 82 61 50 98 63 96 73 97 83 71 71 61 91 71 68 90 58 73 69 68 55 56 56 52 65 60 53 65 64 68 89 99 94 69 91 61 61 54 95 60 55 61 63 97 92 70 57 77 71 62 55 93 56 80 62 57 61 94 52 68 92 59 70 52 64 96 84 63 87 92 63 66 53 62 86 67 53 92 88 67 60 50 89 74 84 69 66 
63 87 92 63 66 53 62 86 67 53 92 88 67 60 50 89 74 84 69 66 99 66 58 83 61 94 53 54 83 89 83 79 81 63 62 90 96 88 50 54 66 52 79 62 69 83 94 78 93 69 81 70 76 86 80 58 91 55 73 52 72 88 94 58 68 94 85 81 71 94 61 53 57 68 95 91 80 59 60 50 86 77 95 60 55 73 56 97 55 60 84 68 77 88 82 67 87 56 81 56 67 82 73 73 84 98 80 74 68 65 53 83 52 94 91 53 93 63 92 57 
67 82 73 73 84 98 80 74 68 65 53 83 52 94 91 53 93 63 92 57 60 90 80 93 96 50 60 95 56 77 93 95 99 83 86 74 73 76 72 60 85 62 62 92 72 67 93 54 58 84 94 89 50 72 92 69 68 79 73 94 53 82 62 58 86 88 53 83 52 85 76 74 88 93 68 68 76 93 79 80 57 64 72 95 62 55 87 67 76 72 84 91 53 78 74 96 90 92 88 88 52 66 58 67 87 67 64 60 99 66 89 74 52 83 88 61 51 97 68 53 
52 66 58 67 87 67 64 60 99 66 89 74 52 83 88 61 51 97 68 53 74 74 65 78 63 78 66 82 76 51 83 75 93 94 66 69 73 93 57 76 59 70 95 92 63 70 83 54 78 68 53 94 52 51 66 86 63 68 70 70 79 64 68 97 73 90 59 82 93 88 52 84 81 67 57 67 53 66 92 81 66 89 63 91 53 66 87 97 71 99 66 85 87 60 68 67 77 78 95 83 70 66 73 72 59 78 76 57 82 57 89 72 88 95 82 69 66 91 73 93 
70 66 73 72 59 78 76 57 82 57 89 72 88 95 82 69 66 91 73 93 55 50 80 68 64 69 83 51 86 51 64 55 56 86 53 54 69 65 71 59 78 92 74 52 52 69 94 89 65 52 96 51 76 84 87 72 71 53 90 98 60 82 93 50 80 76 66 53 73 90 82 85 50 67 89 73 61 90 64 58 90 97 76 50 51 77 68 93 51 82 78 70 57 90 69 66 62 64 53 52 88 68 76 74 91 65 93 91 78 74 84 53 57 99 99 77 90 73 70 81 
88 68 76 74 91 65 93 91 78 74 84 53 57 99 99 77 90 73 70 81 62 52 67 81 86 71 63 74 65 91 70 67 59 99 94 67 94 74 70 80 76 67 97 77 88 64 93 64 75 58 97 72 70 98 53 73 50 66 81 70 77 94 63 99 66 65 66 62 99 83 58 66 58 64 97 62 72 63 55 73 64 62 61 84 79 88 74 81 93 91 82 78 64 82 77 86 64 97 59 75 59 86 50 53 80 96 68 87 54 58 72 99 69 65 64 76 94 65 80 56 
59 86 50 53 80 96 68 87 54 58 72 99 69 65 64 76 94 65 80 56 64 99 80 71 93 54 64 68 59 83 81 62 50 78 89 95 66 77 70 58 88 83 99 89 55 72 82 91 74 82 78 65 60 72 57 91 52 62 56 99 94 78 89 68 90 85 60 76 69 64 91 59 59 87 69 63 62 76 95 84 84 93 75 67 75 50 67 69 80 65 53 61 85 64 74 98 58 89 58 68 82 78 90 94 69 51 57 82 61 63 57 53 61 61 59 56 71 78 51 81 
82 78 90 94 69 51 57 82 61 63 57 53 61 61 59 56 71 78 51 81 89 84 98 72 55 89 67 79 84 84 63 81 66 83 89 86 57 89 86 74 73 64 57 89 59 69 77 79 81 81 82 83 80 64 62 91 53 77 50 84 54 85 72 55 84 63 92 54 96 61 55 78 76 76 85 74 75 55 50 82 98 97 74 62 97 77 72 77 95 60 77 82 72 62 82 81 96 89 71 93 70 62 81 94 86 85 96 72 89 78 85 53 82 51 91 92 63 55 78 50 
70 62 81 94 86 85 96 72 89 78 85 53 82 51 91 92 63 55 78 50 85 50 81 54 77 72 62 76 88 86 89 85 57 57 85 82 75 99 56 98 63 93 58 58 92 66 84 82 94 93 65 75 51 65 55 61 72 94 76 56 98 96 79 64 80 52 74 87 98 65 64 88 93 59 85 67 84 69 90 77 54 58 52 77 99 91 80 70 84 92 96 89 60 99 50 90 67 70 79 52 67 90 74 99 58 74 70 60 88 61 67 74 63 58 95 82 70 55 94 71 
67 90 74 99 58 74 70 60 88 61 67 74 63 58 95 82 70 55 94 71 90 60 91 57 54 78 74 87 91 91 60 90 73 91 71 51 89 85 95 51 73 64 91 61 86 78 80 55 64 82 54 80 76 89 90 81 98 90 91 92 74 97 96 83 75 99 56 64 64 85 57 61 60 58 92 70 67 60 83 93 60 68 82 55 78 91 75 67 75 67 62 65 82 92 52 68 82 94 85 78 92 94 89 95 63 64 77 69 84 71 92 55 71 93 52 79 73 99 54 98 
92 94 89 95 63 64 77 69 84 71 92 55 71 93 52 79 73 99 54 98 53 97 89 50 55 89 70 87 67 94 63 85 87 73 70 72 97 86 66 94 70 99 99 81 86 84 87 52 87 86 78 55 63 75 62 96 70 89 67 76 56 83 84 67 65 95 69 86 97 95 79 66 87 74 78 83 60 95 87 81 97 96 63 62 53 63 89 98 75 65 89 97 74 85 96 85 96 96 63 80 91 53 80 50 50 51 94 72 71 58 65 97 65 83 68 55 77 71 68 76 
91 53 80 50 50 51 94 72 71 58 65 97 65 83 68 55 77 71 68 76 97 94 66 60 92 58 72 98 74 52 69 75 95 55 99 88 82 74 66 50 86 80 57 92 73 66 65 87 66 95 61 58 84 74 88 96 99 65 58 55 97 76 68 70 96 87 96 74 83 59 87 66 94 89 63 51 74 56 88 53 65 75 89 60 89 67 59 67 97 59 61 98 52 86 92 72 64 76 59 79 75 50 96 81 93 89 75 88 70 89 56 69 88 58 83 54 93 90 88 91 
75 50 96 81 93 89 75 88 70 89 56 69 88 58 83 54 93 90 88 91 62 67 72 97 50 57 51 85 76 75 55 52 76 76 77 65 94 90 56 63 84 58 78 93 72 65 54 77 99 62 59 99 51 71 66 67 99 60 91 83 83 53 72 50 65 56 76 96 68 53 67 68 94 60 72 57 81 96 94 57 83 59 77 80 78 62 97 53 90 58 88 93 81 63 86 68 93 77 99 65 72 74 51 62 65 67 55 63 72 67 80 82 68 85 86 67 98 55 91 91 
72 74 51 62 65 67 55 63 72 67 80 82 68 85 86 67 98 55 91 91 70 92 85 66 77 96 60 63 52 75 62 56 93 53 77 89 97 70 75 78 80 67 78 60 67 55 58 60 61 82 87 52 96 72 76 99 64 90 98 88 51 86 76 86 81 88 85 80 84 88 72 84 89 57 80 93 77 72 66 69 53 71 95 53 91 71 66 82 97 88 76 85 59 88 98 82 76 88 63 64 93 98 89 56 98 99 58 57 56 62 88 93 91 55 98 55 59 87 81 64 
93 98 89 56 98 99 58 57 56 62 88 93 91 55 98 55 59 87 81 64 51 74 91 52 98 70 52 66 88 77 95 60 58 85 54 68 56 86 81 99 97 79 80 98 64 89 53 66 69 67 72 68 85 65 56 74 58 93 71 56 57 53 78 77 56 78 57 79 68 54 90 93 53 79 72 68 98 82 80 59 68 89 56 50 92 67 69 94 78 63 87 58 82 69 83 92 64 97 64 74 76 52 62 71 85 61 67 90 54 52 64 76 78 87 86 65 70 70 63 59 
76 52 62 71 85 61 67 90 54 52 64 76 78 87 86 65 70 70 63 59 61 60 99 75 61 95 53 76 97 83 54 63 50 80 61 61 88 51 68 51 82 52 95 93 84 69 56 77 88 64 81 99 59 96 76 74 77 87 71 97 88 97 84 53 68 95 71 65 74 67 62 57 97 63 96 52 93 91 92 76 90 95 80 61 73 83 99 87 96 78 72 74 80 67 78 95 72 66 80 59 86 98 54 53 78 89 87 56 63 50 96 71 57 56 74 71 70 61 61 52 
86 98 54 53 78 89 87 56 63 50 96 71 57 56 74 71 70 61 61 52 83 96 63 82 51 75 79 71 90 85 96 72 92 77 94 81 66 70 62 79 87 84 97 80 97 91 79 67 96 97 86 60 81 74 97 94 61 74 53 84 93 57 65 54 64 51 89 58 71 86 96 51 91 78 97 83 54 60 98 64 61 88 95 61 94 99 99 94 84 82 68 89 93 90 88 55 68 59 73 80 79 73 82 68 68 76 79 98 83 70 93 89 87 84 53 53 79 94 66 90 
79 73 82 68 68 76 79 98 83 70 93 89 87 84 53 53 79 94 66 90 84 61 73 67 93 69 89 98 78 75 89 95 72 85 60 83 61 61 75 83 65 64 86 82 85 95 56 86 94 58 95 87 81 89 74 74 63 73 62 70 99 96 88 93 61 91 77 91 80 71 92 61 97 77 80 74 82 79 97 51 86 53 74 89 58 96 53 65 85 57 74 63 70 57 68 80 96 95 73 79 89 90 82 94 99 63 58 72 55 84 57 67 93 92 86 85 87 67 51 99 
89 90 82 94 99 63 58 72 55 84 57 67 93 92 86 85 87 67 51 99 85 77 61 95 88 81 92 52 62 77 54 94 73 75 50 97 78 74 58 78 85 93 81 95 53 55 68 51 64 69 64 93 56 65 95 80 74 57 53 77 76 82 68 65 85 74 51 99 86 96 72 85 91 93 79 70 85 84 94 50 60 50 86 74 90 59 77 51 70 93 67 64 93 61 84 89 77 85 78 81 80 91 93 91 61 57 92 75 89 84 63 77 87 90 99 82 67 71 87 84 
80 91 93 91 61 57 92 75 89 84 63 77 87 90 99 82 67 71 87 84 60 82 61 50 68 85 75 87 75 76 74 62 52 94 58 96 50 65 52 65 68 56 73 62 59 94 71 70 60 65 87 68 58 91 85 50 69 75 87 83 78 84 79 86 97 67 53 73 87 60 69 62 81 64 95 83 91 92 65 82 63 90 88 54 82 51 82 56 87 91 54 86 62 93 93 64 88 51 66 73 84 70 66 75 53 84 82 63 62 58 52 51 78 94 55 84 74 69 92 81 
84 70 66 75 53 84 82 63 62 58 52 51 78 94 55 84 74 69 92 81 88 89 72 88 51 53 80 72 80 70 50 65 97 53 54 69 73 85 57 61 67 97 52 82 90 58 86 72 73 68 60 69 73 99 94 94 85 64 61 56 60 92 99 85 74 91 79 62 80 85 55 67 78 62 79 92 82 84 50 97 79 90 71 59 82 52 99 74 63 61 88 74 58 91 93 78 60 84 92 60 80 89 80 63 96 92 50 62 64 60 93 71 95 51 81 57 86 99 71 93 
80 89 80 63 96 92 50 62 64 60 93 71 95 51 81 57 86 99 71 93 96 67 88 94 86 82 85 80 94 61 59 59 73 94 99 58 92 90 57 90 86 96 77 58 74 97 58 92 89 57 67 54 60 92 55 51 72 87 94 58 99 97 55 59 77 97 73 60 83 71 84 92 64 89 56 84 68 54 70 98 62 99 94 95 90 51 99 94 60 75 73 74 93 51 98 62 90 99 57 97 83 72 93 60 65 71 72 69 67 79 65 84 67 79 65 77 67 90 96 58 
83 72 93 60 65 71 72 69 67 79 65 84 67 79 65 77 67 90 96 58 77 53 59 78 62 53 67 94 59 71 79 61 72 66 82 85 66 57 66 80 87 81 82 91 71 84 96 60 90 74 87 66 97 62 87 68 88 75 62 96 76 88 89 76 89 62 61 78 53 79 58 74 99 54 92 87 72 98 61 60 95 84 85 92 68 56 68 80 91 88 72 61 68 63 76 65 97 86 68 55 53 55 93 93 72 76 75 59 82 95 97 95 97 71 71 68 91 55 91 53 
53 55 93 93 72 76 75 59 82 95 97 95 97 71 71 68 91 55 91 53 93 87 99 68 77 92 93 78 51 57 79 87 81 99 90 83 80 92 79 75 72 83 65 76 58 62 56 97 64 65 85 69 76 60 91 78 95 82 81 57 57 66 79 85 65 70 85 74 97 65 95 51 61 77 78 90 88 54 76 70 51 61 68 69 73 83 65 91 73 60 67 96 58 94 84 62 77 93 57 84 54 61 71 51 81 67 74 89 90 64 79 52 63 69 50 87 92 78 55 77 
54 61 71 51 81 67 74 89 90 64 79 52 63 69 50 87 92 78 55 77 97 89 88 67 52 90 85 92 72 82 72 95 67 94 56 60 94 93 83 67 56 85 82 91 84 76 63 86 84 77 63 55 55 87 84 80 74 84 83 68 62 63 72 90 50 63 83 90 90 63 64 88 75 56 99 69 90 74 51 98 62 56 75 76 84 71 57 85 68 76 92 99 91 52 54 92 98 64 73 63 59 86 55 96 71 73 90 80 56 88 86 73 65 58 85 62 69 98 80 91 
59 86 55 96 71 73 90 80 56 88 86 73 65 58 85 62 69 98 80 91 78 56 65 71 63 92 84 96 78 55 66 90 64 79 67 86 83 85 92 94 60 67 60 75 91 55 98 56 52 55 53 62 93 56 77 96 90 67 83 54 82 59 84 64 86 69 93 60 92 82 94 50 89 89 80 72 73 95 87 68 74 81 56 50 77 98 53 82 94 69 82 64 60 63 67 97 79 60 51 69 58 60 58 52 93 78 61 52 61 75 96 55 77 75 66 91 83 50 89 70 
58 60 58 52 93 78 61 52 61 75 96 55 77 75 66 91 83 50 89 70 75 50 96 52 88 99 92 94 67 71 69 77 60 85 95 77 69 99 70 59 79 61 96 93 53 50 76 83 98 92 88 70 75 89 57 66 62 88 93 67 63 52 79 85 55 91 51 67 74 56 97 65 65 53 79 82 57 90 77 68 77 51 98 78 51 85 79 72 94 63 66 57 75 77 84 62 88 87 68 65 50 54 70 84 68 87 81 66 98 51 82 63 67 93 64 65 62 60 52 90 
50 54 70 84 68 87 81 66 98 51 82 63 67 93 64 65 62 60 52 90 78 54 89 99 55 79 99 57 99 58 58 63 59 64 73 64 74 58 54 65 95 76 97 87 71 75 97 54 93 83 79 68 98 91 84 98 66 51 73 56 96 67 59 85 50 61 56 65 78 93 80 61 97 73 79 89 80 99 51 91 74 91 94 80 50 74 78 69 64 72 71 67 96 69 83 85 75 54 71 70 99 93 66 61 85 64 96 55 89 83 72 91 65 96 87 73 60 92 50 51 
99 93 66 61 85 64 96 55 89 83 72 91 65 96 87 73 60 92 50 51 82 92 54 53 87 68 73 77 79 63 78 96 50 57 88 70 52 81 72 93 76 52 62 70 92 99 90 51 79 61 57 68 93 65 67 52 57 61 80 68 56 84 75 73 78 97 87 76 86 88 50 68 69 63 61 75 75 93 50 64 54 72 75 60 82 86 79 84 74 92 92 85 75 99 88 76 76 70 70 52 67 51 58 52 86 72 87 71 95 98 55 68 92 63 94 54 94 59 56 64 
67 51 58 52 86 72 87 71 95 98 55 68 92 63 94 54 94 59 56 64 82 70 54 60 55 70 83 63 98 93 92 65 90 60 75 66 82 97 96 74 76 80 91 95 79 77 64 57 77 77 55 56 75 78 64 77 84 92 74 71 70 72 89 98 71 87 95 65 57 77 96 74 69 60 78 98 87 93 97 80 58 97 68 87 51 83 82 74 84 94 93 50 69 97 84 71 67 94 56 70 60 86 76 71 79 96 92 95 87 91 77 80 87 82 92 73 68 60 96 79 
60 86 76 71 79 96 92 95 87 91 77 80 87 82 92 73 68 60 96 79 76 74 56 66 90 53 64 50 81 59 51 82 55 86 50 89 93 53 69 73 90 83 65 53 76 82 53 87 67 68 80 66 76 83 66 93 66 84 56 88 86 85 58 77 64 84 82 92 71 86 89 53 51 64 99 62 61 65 62 61 60 59 86 77 67 59 69 97 52 92 78 57 64 71 76 63 77 90 69 92 98 84 97 73 84 60 97 62 92 71 76 54 98 91 56 50 69 53 85 64 
98 84 97 73 84 60 97 62 92 71 76 54 98 91 56 50 69 53 85 64 68 69 94 70 52 65 64 87 84 75 82 55 89 87 92 56 84 90 96 51 57 92 73 50 74 63 98 58 70 65 56 72 63 94 86 69 50 59 89 82 78 55 83 96 65 68 65 70 50 77 69 94 87 73 65 89 60 74 77 76 94 98 65 92 92 65 99 79 60 95 88 66 59 55 89 98 52 95 93 62 52 94 92 97 63 81 60 62 66 96 84 56 79 74 60 61 96 83 77 99 
52 94 92 97 63 81 60 62 66 96 84 56 79 74 60 61 96 83 77 99 78 58 69 75 58 83 78 97 74 66 97 68 85 53 51 73 86 82 64 84 60 97 66 98 81 75 51 53 83 56 81 52 76 98 83 68 68 87 74 67 79 52 90 71 68 67 50 85 86 76 92 79 80 81 50 61 78 91 86 50 92 80 97 57 70 70 52 97 89 75 74 86 97 51 96 75 54 56 60 54 74 88 52 57 98 55 78 85 65 78 63 66 79 74 83 52 97 61 69 77 
74 88 52 57 98 55 78 85 65 78 63 66 79 74 83 52 97 61 69 77 88 74 80 84 69 54 61 89 52 84 64 65 95 64 94 59 72 57 53 81 75 51 71 81 53 95 63 90 57 60 67 80 52 99 57 59 80 87 73 60 98 56 97 78 61 66 66 60 82 65 58 96 98 76 98 88 56 61 52 93 84 54 96 56 80 66 98 95 98 76 58 76 74 99 97 74 55 70 83 60 69 82 95 77 69 51 99 58 57 64 54 74 83 79 57 63 82 68 73 60 
69 82 95 77 69 51 99 58 57 64 54 74 83 79 57 63 82 68 73 60 85 90 83 92 93 79 74 56 58 72 66 78 83 85 54 74 85 70 80 58 67 71 50 82 92 87 80 74 85 67 83 65 69 98 53 64 82 56 77 72 66 66 71 74 80 71 76 51 91 55 77 50 51 86 61 84 71 69 92 51 95 65 77 73 53 93 98 98 60 65 78 77 66 76 94 73 60 81 59 75 90 73 65 79 64 66 50 94 71 59 65 99 87 87 64 96 69 91 84 84 
90 73 65 79 64 66 50 94 71 59 65 99 87 87 64 96 69 91 84 84 98 94 52 94 67 89 73 72 50 72 93 67 70 96 88 71 57 73 88 84 71 56 81 52 81 70 93 93 51 55 91 55 88 76 75 69 93 53 50 69 65 82 52 62 97 51 84 77 62 69 70 63 66 92 62 70 60 87 64 54 98 62 67 50 65 82 89 73 60 59 81 74 80 56 90 88 76 82 77 74 65 51 73 91 61 53 56 84 62 50 92 79 71 52 81 79 84 67 68 86 
65 51 73 91 61 53 56 84 62 50 92 79 71 52 81 79 84 67 68 86 69 72 50 57 63 86 58 80 83 52 62 64 74 73 63 72 84 78 52 77 82 70 95 53 83 99 62 53 70 63 55 99 79 66 67 76 50 73 61 91 68 87 90 57 73 56 62 68 62 76 51 88 57 69 66 53 73 80 89 73 62 77 60 81 85 99 69 68 66 85 82 97 93 83 85 84 75 94 85 57 97 81 73 98 58 76 71 54 73 89 58 73 92 65 56 90 51 60 51 71 
97 81 73 98 58 76 71 54 73 89 58 73 92 65 56 90 51 60 51 71 66 87 91 77 98 75 96 71 61 99 51 90 51 85 75 95 92 50 79 67 57 64 79 52 55 80 51 79 64 92 66 86 73 71 98 57 73 55 94 64 63 98 53 87 67 81 92 83 55 84 68 86 91 67 60 67 54 68 93 56 64 73 57 60 69 88 55 89 69 97 76 78 83 78 63 69 89 61 66 94 70 68 81 86 88 55 78 79 55 84 95 76 90 52 72 71 97 61 69 87 

