12
40

76 76 91 53 99 81 99 96 90 74 75 79 
82 54 96 62 63 58 92 73 86 89 64 51 
93 89 50 83 61 54 87 70 75 50 76 67 
94 82 85 72 67 74 57 81 70 84 50 90 
55 97 52 84 83 52 88 81 97 70 82 73 
52 86 61 76 59 81 94 91 75 65 81 90 
88 66 99 97 87 73 75 86 77 50 56 65 
82 53 50 73 70 86 96 82 76 91 73 88 
55 65 74 87 94 54 63 93 68 81 71 81 
58 96 69 83 90 72 85 79 53 77 99 91 
80 57 73 50 69 73 86 56 97 99 62 76 
89 61 58 80 81 82 53 68 67 90 83 89 
75 79 52 74 86 58 92 70 93 99 65 89 
52 72 76 62 85 93 75 71 93 70 61 53 
55 93 71 63 94 52 65 61 70 90 71 80 
62 83 96 72 94 95 74 74 93 93 64 89 
91 95 57 65 68 76 94 97 96 80 85 86 
72 71 99 97 90 90 53 90 86 73 65 63 
62 67 89 66 70 96 83 93 66 80 68 77 
73 62 55 81 85 70 71 73 57 53 70 53 
65 53 80 50 55 95 70 94 82 96 89 91 
64 53 92 73 74 93 88 57 54 95 71 79 
69 68 71 64 52 94 78 75 87 66 55 56 
79 86 78 66 61 80 78 63 64 68 59 52 
92 60 51 76 67 92 55 56 53 78 71 72 
73 94 70 63 81 56 63 71 59 50 67 73 
63 67 54 58 60 60 69 64 61 92 93 86 
82 66 69 78 97 90 91 61 74 64 87 79 
50 67 52 79 53 96 78 87 87 82 58 78 
53 58 55 70 61 52 99 85 92 92 67 75 
54 88 51 51 50 59 53 55 69 67 67 71 
64 80 94 83 92 77 97 88 88 53 92 77 
54 75 60 75 75 76 88 96 54 90 63 63 
84 80 59 71 79 85 76 61 78 91 69 90 
80 80 94 64 73 50 78 61 83 50 64 68 
52 86 57 60 59 81 51 66 75 96 87 79 
84 52 99 81 78 66 71 69 67 93 91 74 
79 93 72 51 69 85 87 98 54 76 81 78 
87 88 60 74 65 79 69 51 61 86 52 73 
60 53 95 84 69 77 94 59 70 78 62 79 

130 131 154 160 146 166 141 130 162 154 172 155 127 146 154 154 133 171 135 150 125 151 164 155 168 129 172 166 158 134 158 125 142 164 151 163 131 162 130 154 
162 134 165 128 132 174 132 154 145 168 172 153 130 128 142 145 152 166 145 161 139 131 143 160 169 153 136 163 157 160 168 138 128 147 143 152 159 159 128 132 
140 156 143 149 168 129 159 151 129 167 132 144 149 136 140 172 159 130 162 140 166 147 138 151 162 129 170 128 162 136 141 155 172 166 157 161 153 149 140 133 
138 170 155 142 143 142 147 157 130 174 169 169 155 166 168 131 144 152 148 157 142 141 130 171 134 137 139 161 170 126 160 135 158 159 142 156 139 125 133 149 
168 145 168 152 168 136 150 164 146 170 136 152 170 137 147 164 163 164 155 147 172 159 165 171 169 157 147 174 154 169 138 147 139 162 135 145 162 174 163 167 
147 135 161 166 127 129 154 169 171 145 163 136 135 137 161 128 171 140 147 170 147 146 159 163 135 157 146 166 165 128 149 174 148 128 152 132 166 128 129 127 
162 130 142 147 150 166 153 129 163 171 138 174 127 166 151 126 134 152 142 156 156 169 148 161 138 148 140 128 126 129 143 157 166 159 138 148 146 131 148 142 
139 149 160 135 153 131 160 141 174 158 143 167 154 160 159 154 141 164 142 149 127 152 170 164 169 142 143 170 160 159 158 152 149 144 162 170 139 137 160 146 
133 128 163 135 171 136 169 147 152 168 163 139 152 144 149 141 143 158 136 146 164 163 142 159 159 141 171 134 128 131 142 161 137 152 131 157 161 130 151 129 
166 136 148 144 133 168 152 138 132 133 125 174 170 162 154 142 164 166 146 140 150 136 169 138 132 155 167 139 130 172 137 133 132 165 158 171 134 141 142 172 
161 139 148 163 170 127 142 170 174 125 132 164 127 134 164 172 149 133 133 138 151 156 150 169 130 137 151 147 149 126 125 161 142 151 155 138 159 128 128 144 
163 142 153 166 139 158 145 166 126 148 149 135 148 167 128 132 136 156 125 153 171 157 161 161 160 154 130 136 174 165 139 149 126 171 162 159 138 174 169 130 
154 126 148 152 125 134 168 164 136 133 132 166 153 157 150 146 139 155 174 169 163 158 153 130 159 160 161 149 154 132 171 126 155 163 162 129 143 142 129 174 
156 169 144 168 125 163 154 168 129 171 135 147 144 133 145 136 163 135 162 167 173 160 154 150 169 171 150 145 126 153 170 167 138 163 141 149 153 154 160 138 
162 143 159 161 138 171 148 127 133 172 138 163 127 143 162 172 154 159 151 142 135 132 135 144 174 138 169 173 166 158 150 144 150 167 170 159 159 167 129 168 
167 157 156 141 169 159 134 166 142 168 151 165 171 150 172 145 146 142 132 152 169 130 145 129 126 135 149 173 146 159 168 173 136 129 168 150 158 164 132 125 
137 154 127 127 155 149 152 144 163 141 158 148 127 174 171 163 132 144 132 151 128 147 127 137 143 144 171 160 129 144 166 145 173 129 136 135 129 150 131 154 
146 170 167 149 149 150 155 156 139 174 172 138 139 165 144 165 159 156 166 174 132 159 172 167 153 160 135 162 133 139 127 125 172 154 128 153 127 167 150 142 
168 138 155 125 165 157 158 174 129 146 135 131 141 137 152 161 146 142 143 129 155 132 139 133 171 153 172 139 168 170 157 130 147 141 164 148 168 145 143 158 
136 156 171 127 174 157 129 157 173 166 150 168 157 149 143 171 173 172 134 127 153 166 155 160 174 160 127 173 130 154 134 125 134 128 159 156 135 148 169 153 
162 155 155 149 172 169 126 156 153 171 127 170 172 169 137 142 164 159 134 140 165 158 169 136 145 154 127 144 137 172 150 129 153 150 142 141 170 145 164 168 
126 174 157 130 155 147 171 129 157 153 162 168 136 146 127 132 164 141 147 170 166 136 134 155 150 150 130 170 173 162 126 137 174 129 155 130 172 141 172 154 
147 140 126 144 167 142 174 169 131 146 139 131 143 139 127 159 157 151 147 126 151 132 144 165 153 144 151 154 135 139 132 160 165 161 125 153 134 132 169 133 
156 148 127 140 152 150 133 147 135 142 165 146 132 135 150 149 163 157 141 150 160 163 159 151 148 173 174 147 169 170 142 146 152 125 166 133 144 161 174 130 
143 131 160 138 162 142 165 151 127 130 148 174 137 160 170 152 125 172 137 126 132 134 147 146 134 135 125 132 174 163 129 142 169 169 154 161 129 159 159 159 
140 173 170 131 141 140 127 149 155 145 172 127 130 166 153 133 168 135 166 141 150 125 169 157 148 164 127 140 161 173 172 171 130 147 162 154 127 166 130 160 
129 133 148 143 174 155 157 129 129 170 141 170 154 155 153 142 172 163 128 159 135 140 171 125 146 143 155 158 139 164 151 156 150 125 142 168 128 152 137 129 
160 150 153 150 133 167 139 174 126 170 131 139 144 156 165 166 143 157 147 140 161 159 157 127 125 164 152 156 161 144 132 161 150 140 126 166 156 148 126 159 
147 139 164 126 159 156 132 130 129 143 138 126 165 147 135 157 129 170 156 131 164 148 156 167 135 149 159 143 130 147 153 128 132 155 137 161 142 154 149 140 
150 153 145 148 144 157 140 142 160 163 129 170 164 174 129 161 128 126 147 141 156 126 165 170 133 134 142 148 152 147 166 130 149 129 162 151 167 171 130 127 
139 154 145 151 161 139 163 148 159 160 160 171 156 131 158 150 132 156 166 155 135 131 125 134 147 131 149 152 130 131 126 145 155 162 127 160 156 133 127 169 
140 144 128 158 148 136 146 135 161 166 164 136 130 169 167 143 172 172 129 151 136 164 134 171 136 173 161 169 171 126 165 140 159 156 149 147 141 140 139 167 
153 131 162 139 142 152 135 149 167 136 154 143 148 145 170 144 173 160 163 145 173 171 144 164 139 140 134 131 167 134 132 139 132 169 139 135 156 131 148 169 
138 174 128 162 148 146 136 154 135 152 169 155 171 149 161 150 126 165 158 135 135 144 130 165 142 149 146 140 160 133 158 152 174 171 168 152 141 166 161 173 
134 126 172 174 150 127 149 156 152 172 154 149 166 127 128 152 166 165 165 126 134 139 136 144 154 139 151 135 141 144 168 145 153 138 135 157 129 126 125 130 
154 134 156 139 148 138 133 173 132 134 156 158 125 170 145 161 150 168 125 144 164 165 172 162 148 126 160 152 150 125 128 162 150 135 132 145 159 129 149 144 
134 125 146 166 158 149 138 130 130 153 150 174 142 160 172 146 131 174 166 153 157 133 126 142 136 159 153 146 132 152 160 131 128 135 150 160 171 174 128 131 
172 170 170 160 159 152 160 149 138 139 151 169 146 171 147 169 136 140 160 127 140 149 174 167 160 125 128 142 145 147 164 136 154 131 128 158 163 156 131 158 
134 129 164 156 169 144 134 133 143 142 138 164 161 134 164 141 127 142 156 172 155 147 153 147 159 144 130 138 169 134 146 171 155 141 143 169 134 144 136 137 
165 168 156 154 165 143 134 168 158 170 168 149 141 162 160 132 161 169 159 135 143 156 147 140 136 126 164 171 163 157 132 164 157 138 143 163 161 140 173 149 

161 152 134 166 155 129 138 174 139 157 141 165 127 129 152 151 146 171 156 172 135 139 152 131 169 157 130 148 154 132 167 166 146 133 173 139 125 151 134 136 
135 170 148 125 163 164 149 159 144 137 161 148 158 172 130 146 133 133 145 168 172 153 168 152 141 133 146 141 163 127 136 172 165 147 159 131 128 130 149 169 
160 128 141 163 156 168 144 142 151 151 141 153 172 149 144 171 162 137 161 164 173 126 144 170 139 160 126 136 174 167 171 149 128 156 129 145 146 162 148 143 
150 153 165 146 149 131 127 172 126 128 142 170 167 136 142 160 128 160 140 131 160 135 140 146 172 174 168 147 147 140 168 129 152 136 153 166 169 141 152 160 
154 140 132 161 150 136 174 129 135 142 131 131 147 162 174 174 174 134 172 174 150 127 153 148 125 159 160 162 126 161 145 174 142 128 170 169 125 148 138 168 
133 125 159 169 173 172 143 163 172 162 134 152 131 129 125 140 156 138 165 167 174 160 171 163 149 173 147 129 141 163 143 151 161 135 150 159 172 136 164 136 
125 138 149 140 157 157 128 154 134 125 129 147 151 138 137 168 163 162 174 149 157 171 140 125 161 135 155 131 130 145 160 168 143 133 137 168 130 154 171 128 
165 172 157 169 158 132 160 165 132 166 159 155 165 138 132 148 150 157 151 135 150 158 137 128 127 162 146 153 171 134 156 136 174 158 143 172 167 173 134 164 
140 167 172 167 151 126 171 165 149 172 158 153 160 132 161 139 172 127 158 141 150 133 172 158 145 148 162 152 147 163 154 125 128 170 147 129 166 140 159 168 
142 144 162 145 172 150 125 131 158 148 152 138 169 152 169 150 156 165 135 142 127 168 164 158 130 158 141 174 132 146 161 160 132 137 159 170 128 136 173 147 
142 150 135 153 154 159 157 155 170 146 152 145 138 145 155 171 173 143 134 173 140 172 133 150 170 150 148 131 167 140 149 134 144 134 164 158 156 168 134 144 
166 135 130 171 135 129 174 131 145 136 136 171 157 157 157 171 156 165 158 136 140 155 166 168 148 162 154 161 168 165 127 173 125 156 132 173 140 139 169 166 
168 170 157 144 140 162 162 146 157 147 174 138 171 127 131 149 158 165 156 144 140 126 149 125 150 131 125 156 158 138 157 150 152 160 151 163 160 126 149 125 
151 126 160 132 137 132 154 158 140 143 134 164 133 159 161 164 126 135 131 160 141 150 168 171 158 167 141 147 158 160 145 131 138 167 131 153 169 148 137 165 
167 126 158 154 145 128 162 153 135 139 139 140 149 166 165 169 126 148 167 154 165 145 133 172 125 151 144 153 132 139 171 146 165 139 152 126 128 171 129 169 
132 161 139 153 146 140 174 152 155 126 164 126 160 138 147 161 144 131 146 158 150 142 152 171 171 137 173 159 148 139 169 143 138 174 152 153 163 125 140 161 
155 165 141 139 164 133 131 155 161 126 142 134 153 174 165 152 153 152 134 145 128 136 174 173 148 147 163 128 125 154 138 152 161 155 161 146 142 134 139 130 
142 158 143 163 169 150 149 163 133 170 143 158 161 129 160 131 165 132 137 159 142 144 163 154 141 132 143 155 151 169 161 162 154 140 158 135 125 156 173 165 
159 137 154 146 153 170 152 168 137 135 156 135 134 142 150 159 165 142 139 125 140 174 135 159 171 172 158 157 136 155 127 155 137 131 165 152 127 157 141 136 
158 153 163 155 154 136 168 160 132 148 152 157 150 145 171 131 174 136 125 150 166 128 161 145 151 171 137 151 155 165 142 149 129 173 156 127 161 163 151 158 
174 125 130 134 126 131 161 148 157 139 154 151 159 160 127 150 126 158 159 132 141 165 125 160 151 137 132 139 153 157 162 158 138 162 155 153 130 148 173 125 
132 174 142 145 138 129 153 146 127 136 147 173 150 162 153 133 158 129 172 150 174 138 148 127 163 138 146 174 156 135 151 173 128 143 160 127 167 171 164 146 
173 167 151 152 172 159 153 130 141 148 130 160 167 152 151 149 130 173 157 139 143 157 166 128 140 157 162 125 132 138 153 164 173 126 137 154 173 156 147 152 
167 162 140 158 168 139 161 126 163 151 137 162 136 125 135 173 140 169 147 126 152 174 171 131 148 164 172 154 164 136 158 131 138 147 172 172 134 151 132 165 
138 171 145 130 166 134 165 146 149 174 135 136 157 166 170 134 152 154 158 133 127 171 162 172 145 164 128 136 144 133 147 159 160 135 135 138 165 140 131 128 
162 144 127 146 147 158 174 146 144 162 173 164 159 140 160 156 165 156 163 164 153 164 167 142 159 162 140 139 140 170 144 146 145 137 162 163 141 126 149 143 
128 170 137 172 170 143 173 163 152 134 126 150 153 169 158 168 135 140 130 155 156 159 148 141 149 127 153 143 163 128 169 140 145 143 152 128 148 131 152 156 
157 170 134 170 173 131 163 161 150 158 167 171 138 158 167 154 170 164 136 139 133 171 146 151 172 168 133 167 133 173 148 146 156 168 151 144 133 158 141 164 
142 149 149 125 166 156 171 127 143 168 138 172 141 172 151 155 129 148 173 130 159 166 162 148 139 129 166 145 162 152 139 135 169 165 172 137 167 126 148 148 
129 160 162 133 142 168 158 143 164 149 158 165 149 157 167 163 127 168 139 169 152 145 130 174 162 153 149 155 165 162 141 133 160 160 153 142 156 150 159 157 
149 157 130 160 163 158 129 143 125 153 139 128 166 153 135 128 155 133 157 162 129 168 140 135 134 144 131 167 131 171 144 146 171 167 139 129 147 152 151 146 
139 130 149 149 151 157 168 173 131 138 144 153 155 152 165 165 145 154 171 166 163 165 168 166 159 143 169 156 144 135 156 144 137 170 126 160 168 141 125 147 
154 132 153 149 155 137 144 136 132 134 159 135 170 125 156 153 138 155 140 147 141 163 126 136 164 126 144 138 162 159 159 166 127 127 153 132 142 161 157 168 
151 169 161 164 167 133 146 155 133 170 171 161 143 126 162 128 139 143 127 165 166 141 173 167 137 151 172 168 130 137 127 126 164 125 132 128 128 137 145 169 
148 130 158 135 138 137 167 161 131 169 162 145 172 126 128 132 169 170 156 172 160 169 168 173 132 152 144 172 164 133 125 130 157 135 144 126 134 155 134 146 
164 168 157 141 130 155 153 168 129 163 155 165 145 127 158 173 151 172 129 142 134 140 147 136 164 166 132 165 172 129 146 173 125 126 171 142 134 166 158 145 
163 164 137 138 135 149 130 146 165 150 133 166 137 166 142 159 130 157 152 157 157 163 171 135 146 148 169 132 145 168 130 146 168 130 126 168 156 174 141 172 
130 135 169 167 133 126 160 174 126 173 166 140 161 147 139 156 147 128 129 141 136 147 166 148 163 166 136 170 147 141 128 168 141 139 160 171 131 172 128 144 
144 161 147 131 161 134 134 174 128 138 137 151 138 137 130 146 172 144 127 161 134 151 171 173 127 157 169 133 171 126 126 125 167 156 162 140 127 144 155 134 
132 174 166 162 159 171 142 136 140 158 129 159 158 138 157 167 138 139 172 171 140 150 142 170 153 145 174 160 137 152 147 134 168 130 171 146 173 163 167 128 

174 158 130 160 158 156 128 126 168 146 155 154 137 146 152 174 131 174 158 138 142 143 148 126 172 162 167 132 127 130 169 155 147 173 161 126 137 174 164 127 
126 152 140 161 158 131 148 139 131 164 164 173 169 144 126 170 162 160 125 166 172 128 157 155 166 148 157 141 139 155 152 150 162 172 148 150 172 131 143 146 
166 150 139 166 154 153 127 162 174 157 155 126 132 139 132 148 168 166 162 157 155 143 170 128 134 148 142 172 147 173 169 144 128 130 154 128 130 143 143 169 
170 158 169 137 131 155 167 149 146 167 141 164 150 162 138 150 140 143 152 134 140 172 150 145 160 170 145 146 152 129 170 170 152 163 148 134 131 169 148 135 
159 147 135 160 164 125 142 173 142 137 131 131 148 174 155 145 133 144 133 156 162 156 152 146 148 173 155 131 173 173 130 146 170 137 142 145 174 126 149 167 
169 173 156 132 157 166 134 138 155 163 127 135 136 147 125 137 151 146 170 147 155 163 128 151 132 132 151 132 145 140 172 158 156 157 161 150 140 165 170 126 
165 146 153 139 128 171 150 165 169 171 161 148 152 152 158 151 174 139 148 144 153 150 140 150 168 143 146 126 127 143 168 155 150 144 146 155 172 136 135 133 
143 140 172 151 159 149 173 142 143 126 132 171 137 155 140 169 131 149 174 156 158 148 164 147 125 172 150 160 169 134 163 140 156 152 135 169 139 129 149 134 
158 156 140 149 144 160 169 148 126 151 171 142 127 162 138 125 127 154 174 172 155 142 164 144 157 161 127 131 125 162 169 150 161 126 157 133 143 170 130 133 
132 126 150 132 146 174 155 141 153 139 155 150 172 161 125 166 128 136 152 173 154 172 134 166 171 148 160 132 131 145 147 170 138 172 145 173 127 136 164 131 
140 137 134 140 165 159 166 152 168 173 149 139 125 160 167 156 163 144 136 152 142 131 153 140 152 139 139 147 143 163 128 138 128 150 160 126 172 161 148 129 
134 136 169 127 158 142 170 143 168 165 162 173 150 127 165 172 165 137 165 148 146 166 145 156 157 148 131 154 162 156 132 128 149 148 140 147 143 142 129 132 
133 137 128 153 148 149 147 127 143 128 156 155 166 158 129 133 166 161 133 135 167 141 164 141 134 148 127 174 132 174 130 152 135 129 166 160 147 137 141 168 
133 168 136 134 170 156 127 152 160 154 170 158 140 130 128 137 141 139 166 139 169 163 149 139 167 155 136 152 127 171 131 171 160 142 160 162 168 130 153 167 
152 134 172 168 166 154 139 144 158 125 127 145 172 166 126 129 153 164 127 156 168 160 143 172 146 127 161 154 155 133 174 164 146 142 165 172 144 148 128 129 
129 152 166 155 146 137 160 170 140 157 174 174 130 167 145 149 137 128 152 130 174 127 136 139 147 174 132 137 170 146 138 159 143 172 129 129 140 167 140 140 
161 156 167 149 132 144 146 130 130 149 157 149 143 162 139 174 169 135 172 151 160 139 138 172 170 148 146 137 145 169 159 133 127 151 148 149 146 165 139 132 
161 156 134 128 129 165 148 172 135 148 157 161 131 150 148 130 161 142 126 150 160 166 137 169 128 155 132 138 132 171 139 132 145 164 156 174 129 156 149 143 
169 131 164 127 171 155 158 164 133 146 129 128 165 137 149 139 174 140 153 139 131 140 146 165 149 160 133 174 127 150 127 166 132 129 133 140 133 140 134 157 
139 134 141 134 126 163 160 134 162 171 137 170 134 132 171 127 131 127 139 140 135 160 167 163 134 151 161 148 150 157 138 132 157 171 129 136 172 170 153 151 
161 141 164 147 130 169 169 141 142 151 149 149 139 160 170 161 155 134 170 154 161 167 166 142 138 146 165 152 150 170 131 154 163 151 131 127 130 133 158 158 
135 156 158 166 134 143 140 162 146 136 159 141 128 138 137 169 160 131 146 155 157 154 171 166 131 139 165 133 130 138 136 126 154 148 166 149 150 173 133 150 
171 130 149 170 153 150 136 147 126 146 131 158 169 162 127 164 156 166 158 130 147 170 158 137 164 138 165 132 163 150 170 130 149 159 162 145 163 148 150 169 
133 171 141 174 139 159 146 147 173 166 146 134 160 143 160 125 155 154 140 166 148 159 158 138 153 150 163 142 139 156 136 155 172 164 149 149 138 163 170 152 
160 168 130 142 126 155 127 145 170 145 144 136 131 129 164 139 161 171 157 146 163 149 158 141 143 139 141 140 138 140 150 157 146 132 156 168 148 131 145 130 
157 156 146 165 162 135 144 156 166 131 126 163 153 173 156 171 137 134 159 167 135 157 132 155 129 172 146 166 132 129 161 129 161 160 149 130 155 171 147 151 
143 139 172 137 167 139 173 150 137 170 129 130 160 174 127 165 167 134 144 126 140 142 172 148 165 169 135 168 129 169 147 153 170 148 154 157 154 173 154 125 
140 173 170 161 129 166 143 142 155 133 143 150 145 161 163 127 157 158 149 149 151 127 167 166 156 132 140 136 145 130 153 132 148 130 144 172 161 168 138 140 
148 149 141 140 167 127 125 137 172 145 166 135 149 135 162 153 144 174 130 134 131 148 131 134 168 152 171 133 147 142 133 133 138 162 147 163 156 156 140 126 
130 144 159 151 150 126 141 167 147 144 155 145 162 146 174 155 131 132 127 133 165 141 174 127 128 174 137 169 159 147 161 162 131 126 165 150 161 155 142 128 
132 151 137 135 134 162 171 173 142 151 138 136 134 169 145 144 173 149 139 153 170 152 149 169 151 145 164 153 128 173 155 126 169 149 153 141 129 163 143 130 
131 140 171 166 151 129 163 139 150 129 143 167 126 147 144 141 135 130 141 147 164 153 153 128 148 149 170 144 127 142 160 135 153 141 166 142 148 174 163 158 
162 158 145 153 129 172 158 132 130 171 151 150 131 139 136 138 148 134 172 125 168 162 134 172 145 153 136 141 144 149 132 133 152 168 146 131 137 131 137 166 
139 143 160 149 126 125 129 164 161 156 147 162 170 135 162 145 145 132 131 161 171 160 133 168 149 163 132 150 168 174 165 152 165 148 131 142 129 166 163 140 
155 140 170 130 132 155 163 152 159 144 142 154 155 129 135 156 174 126 154 159 143 145 149 158 166 142 145 156 135 172 142 173 147 157 162 126 149 128 160 125 
151 169 140 141 156 135 135 162 136 164 174 161 142 131 169 161 167 127 173 147 137 161 137 159 148 141 130 157 165 138 139 148 159 152 156 132 146 144 130 133 
150 167 134 166 145 147 132 133 128 140 135 173 143 126 141 159 126 171 125 147 149 142 140 133 167 164 171 168 149 154 165 135 159 157 165 129 154 144 147 156 
173 167 161 138 156 140 151 142 132 168 153 132 162 154 132 173 154 125 128 139 147 154 154 167 170 154 130 141 157 125 138 143 135 146 158 140 162 165 170 168 
131 173 135 137 159 147 162 160 136 166 140 167 164 136 151 141 171 159 166 165 167 135 149 162 144 142 167 139 151 168 138 159 128 159 160 132 165 162 160 127 
134 152 146 126 159 127 131 149 160 127 149 130 164 160 134 143 172 156 174 170 158 156 156 164 160 141 169 147 131 149 131 161 131 128 136 144 167 149 151 138 

156 140 167 160 142 160 139 127 150 167 130 131 148 157 154 138 159 174 163 145 144 168 157 126 128 129 143 149 129 170 174 138 173 173 156 152 131 147 158 155 
174 150 156 150 135 157 170 159 169 143 163 135 149 138 157 127 135 161 159 168 167 139 127 137 148 128 139 141 164 160 158 157 140 163 157 126 149 145 157 164 
162 170 144 148 128 159 131 169 148 170 167 174 157 139 148 162 131 132 133 165 147 161 127 137 147 173 161 135 150 155 168 131 152 140 152 156 148 159 140 161 
145 134 155 127 168 136 164 170 159 126 142 164 151 168 132 171 149 170 128 136 161 149 147 162 125 141 151 150 146 162 144 147 130 149 167 162 152 154 162 145 
172 162 127 125 157 160 152 125 172 160 126 169 157 158 154 137 133 152 133 142 127 172 129 146 134 170 156 159 171 139 141 169 138 136 128 125 141 149 160 145 
149 162 174 148 169 160 133 135 125 165 169 129 136 172 146 173 147 150 140 150 141 170 169 173 145 151 156 145 173 147 160 131 160 162 155 157 155 144 169 171 
148 174 132 141 164 140 164 148 159 159 161 156 152 146 130 133 157 174 142 148 144 162 129 136 146 167 145 127 128 129 142 156 138 157 135 165 174 170 129 171 
143 130 155 168 131 162 174 153 170 144 173 139 141 134 170 157 151 130 160 142 140 168 142 149 126 142 144 162 151 145 148 174 132 128 136 147 167 142 130 134 
144 173 168 169 129 157 147 152 147 145 169 143 129 142 170 144 149 165 153 129 150 144 161 173 140 134 125 140 167 138 127 127 133 145 153 167 156 172 132 142 
143 129 159 166 154 169 168 127 141 155 141 169 159 141 154 170 130 131 134 143 172 140 128 160 156 150 132 143 137 167 152 147 131 160 168 153 163 135 148 161 
171 139 163 148 145 144 167 130 133 157 126 140 170 127 164 145 131 136 165 160 145 125 131 164 135 133 163 165 171 162 168 128 172 136 153 131 171 139 142 149 
149 131 171 149 147 130 149 152 162 165 134 148 170 139 126 154 130 139 134 158 156 160 140 170 152 165 146 128 139 168 127 153 169 146 167 130 173 159 129 134 
144 128 128 172 151 126 169 169 137 166 141 166 142 147 166 166 158 135 136 155 130 135 132 156 136 126 156 154 154 138 173 166 173 129 131 141 126 137 151 163 
163 130 127 145 170 134 173 138 145 146 157 135 150 150 131 164 126 170 145 143 136 149 135 167 171 136 166 156 144 135 166 167 161 143 158 158 172 127 141 154 
164 148 163 133 172 148 174 131 157 155 166 143 126 157 147 153 160 152 148 131 169 173 172 152 146 142 164 155 145 147 155 148 160 164 159 161 162 142 158 152 
148 156 127 153 161 167 164 141 136 128 169 157 160 162 154 146 135 170 172 161 165 164 160 147 146 167 169 174 161 154 169 143 157 152 142 136 165 172 155 155 
150 174 126 162 129 137 171 145 127 156 171 135 156 136 170 168 129 128 170 128 138 154 173 130 171 168 151 152 140 131 156 172 158 140 133 138 163 136 129 152 
153 161 130 132 171 157 128 131 161 163 142 148 132 141 164 163 151 126 136 158 150 168 131 169 157 159 164 150 152 170 155 138 136 140 157 151 160 169 146 143 
126 161 156 153 153 133 131 169 137 166 161 150 134 156 163 141 146 142 132 137 155 147 153 153 141 138 148 126 168 127 129 171 170 159 164 135 130 149 164 153 
165 169 149 156 159 165 142 158 141 143 153 172 138 148 166 164 133 155 126 156 149 161 137 153 130 129 174 155 141 163 155 169 125 148 141 155 144 158 153 174 
152 147 129 136 146 132 129 131 170 138 148 158 125 161 150 162 151 156 162 134 156 171 158 135 143 156 148 131 146 146 156 164 162 170 166 163 129 137 154 152 
164 125 153 158 138 170 140 161 171 144 134 139 138 127 157 138 138 131 169 172 170 170 158 174 157 152 166 168 146 133 145 139 145 128 166 125 168 168 146 161 
169 145 127 164 162 143 164 140 134 134 169 163 168 162 161 167 148 147 131 173 128 134 141 135 145 137 137 126 172 138 162 166 140 141 137 157 172 126 142 157 
174 169 131 170 164 131 173 147 130 146 174 171 166 153 160 166 127 132 151 173 162 147 139 140 133 168 157 171 139 159 160 135 164 157 160 162 164 151 152 158 
151 138 159 173 159 139 152 168 138 172 159 163 161 162 162 150 162 153 131 130 137 159 171 169 165 164 144 167 161 161 139 132 132 127 163 144 142 147 152 146 
169 139 162 153 142 159 156 138 131 160 136 142 126 161 145 144 143 150 137 151 144 131 136 141 131 153 162 135 156 154 171 171 167 133 128 172 146 129 138 153 
129 127 155 169 148 156 137 158 136 155 133 142 142 156 155 160 153 172 133 138 145 140 128 155 147 161 169 174 174 136 163 157 174 125 142 146 126 143 172 133 
157 136 170 145 128 149 149 171 129 155 159 138 172 129 161 167 125 131 130 136 146 141 151 140 168 157 174 143 159 127 159 173 162 132 170 129 145 174 151 169 
135 164 133 140 146 159 160 136 131 147 155 136 163 147 168 162 155 138 128 160 140 159 155 159 131 159 136 157 140 156 147 133 169 156 148 159 157 150 167 156 
138 127 132 173 144 154 166 167 144 153 160 145 160 143 148 163 141 154 170 161 170 129 136 147 161 155 143 161 169 150 155 174 132 168 164 144 170 156 135 164 
138 131 171 132 165 155 138 133 144 133 163 174 155 166 140 142 137 158 168 147 153 134 128 173 161 125 126 156 162 171 136 161 173 142 166 173 158 137 146 133 
149 151 138 166 148 154 169 130 161 131 171 160 129 132 166 166 161 125 165 134 150 170 137 161 144 153 152 168 173 134 169 126 142 168 170 162 149 174 165 172 
171 161 166 125 127 145 125 133 135 171 136 129 135 174 170 165 135 144 165 165 134 159 144 129 162 169 173 157 152 162 174 126 136 153 168 144 131 172 134 143 
165 159 161 166 137 125 165 131 150 153 165 148 141 137 153 140 160 148 166 131 155 156 146 130 133 137 131 172 141 127 154 164 141 149 144 159 149 157 153 173 
137 144 141 133 168 127 157 131 141 161 135 143 129 126 162 161 140 135 129 171 153 155 146 138 173 156 138 143 134 165 165 166 151 145 133 130 173 133 149 162 
150 155 127 165 166 138 144 168 145 160 164 158 144 147 143 163 139 160 130 156 170 131 140 144 145 151 127 150 168 160 131 173 128 168 125 141 148 145 141 162 
135 126 151 155 174 149 153 161 164 156 147 138 172 170 128 172 148 154 164 158 170 131 141 137 130 125 131 150 157 133 171 135 168 126 154 133 140 161 167 156 
163 149 157 135 134 136 155 173 164 162 169 152 131 131 170 125 164 162 153 173 171 130 161 158 137 174 135 168 162 166 144 153 135 155 167 155 145 140 165 153 
162 160 146 168 138 174 166 131 151 148 145 154 145 152 174 137 125 130 170 132 165 163 151 168 173 166 140 138 131 130 146 168 149 170 141 140 136 158 163 140 
163 125 138 144 140 136 167 165 129 129 130 145 153 164 136 146 173 132 166 162 140 147 170 146 146 137 131 149 146 139 130 171 143 138 128 127 163 144 149 139 

142 170 151 129 172 172 155 168 139 137 143 166 148 167 150 159 170 154 160 128 147 138 174 139 144 155 136 169 162 140 171 150 150 162 142 164 165 129 140 159 
173 142 132 157 164 141 132 166 126 138 166 158 173 135 145 150 148 139 144 160 139 155 171 125 147 171 137 169 166 166 151 143 135 125 153 157 149 162 156 153 
167 140 138 128 151 129 150 153 143 148 125 159 158 131 135 170 163 167 157 158 150 146 125 169 127 166 144 171 138 174 127 126 157 139 152 148 166 163 129 170 
125 140 159 170 143 128 129 135 166 164 173 138 154 126 125 130 137 164 162 133 141 132 159 133 170 174 125 126 136 136 159 144 129 126 126 154 163 127 168 174 
169 139 127 162 150 152 145 154 169 129 161 150 149 126 169 166 126 135 169 147 137 154 145 173 161 144 169 144 145 147 144 141 166 138 162 165 127 173 153 155 
139 129 144 171 159 125 146 139 133 160 128 154 158 150 127 153 134 130 139 163 147 143 140 145 129 162 165 154 165 165 174 141 144 168 173 141 132 152 163 162 
150 133 146 164 139 166 143 145 153 144 167 128 126 133 138 173 141 157 146 141 170 142 128 145 174 169 171 141 152 141 139 165 146 138 133 158 157 135 168 162 
164 126 130 159 140 158 134 139 163 135 157 126 157 141 135 132 150 137 130 145 139 126 140 172 151 172 162 158 161 136 153 138 138 156 160 173 129 161 138 125 
165 135 128 136 143 145 171 129 134 165 146 132 152 172 155 174 133 157 135 135 130 154 140 152 162 126 161 172 162 141 165 142 169 158 152 133 153 125 174 135 
132 165 173 125 161 151 127 137 153 145 165 135 167 128 144 131 147 129 138 138 165 132 167 135 127 165 162 141 149 158 128 137 141 128 153 151 159 164 147 172 
169 157 136 150 137 141 153 136 151 169 130 125 172 129 135 152 166 151 151 152 153 158 159 142 136 148 163 127 152 149 145 163 150 167 164 157 137 172 148 137 
173 135 163 130 144 174 163 170 156 139 126 166 139 132 134 157 151 135 142 146 137 148 146 161 134 140 155 152 155 138 139 150 151 136 162 130 136 142 136 136 
166 167 157 171 126 171 165 163 135 131 143 155 125 135 146 155 141 166 139 138 150 129 150 139 152 153 128 166 143 134 167 135 140 129 143 169 172 169 154 143 
174 128 132 137 136 141 154 164 158 147 156 150 125 163 173 148 139 165 136 136 171 138 148 151 145 149 165 143 151 140 161 163 150 141 128 165 138 146 158 162 
137 144 128 161 152 169 158 149 143 144 161 137 141 156 150 126 153 161 169 167 163 169 172 171 153 169 131 129 171 173 131 140 169 166 167 155 140 153 143 137 
156 149 152 170 150 131 134 152 159 172 126 150 125 172 153 156 153 163 164 125 128 130 125 125 155 134 151 151 132 161 157 145 131 158 146 128 156 158 132 163 
155 129 163 154 130 168 127 170 157 161 157 163 168 144 133 146 165 126 144 134 162 141 164 163 171 155 156 125 150 128 166 125 135 167 142 169 165 139 167 139 
152 173 168 155 131 153 126 146 131 166 130 134 128 170 138 144 159 155 159 172 134 156 167 156 151 141 160 169 145 169 130 153 153 145 128 140 165 126 165 128 
165 133 140 144 173 146 140 140 129 142 158 171 133 128 139 171 167 152 130 142 135 147 141 130 140 133 163 150 134 133 174 138 139 138 144 139 165 156 154 144 
141 153 146 125 126 131 136 128 156 157 146 162 163 174 125 173 126 146 166 134 170 141 141 135 158 162 162 165 159 174 136 159 136 164 147 145 137 157 155 133 
132 154 145 140 169 146 145 159 169 130 126 171 125 148 153 148 137 141 125 155 125 164 149 148 165 137 156 154 143 151 173 150 141 137 145 173 136 150 173 164 
143 154 133 155 140 172 155 129 164 150 162 130 168 134 151 149 128 141 149 161 154 163 125 141 131 168 134 147 150 151 155 156 147 152 163 167 130 136 173 166 
174 132 165 133 166 171 160 137 150 149 162 142 137 167 149 135 153 146 132 133 160 134 139 130 168 131 159 152 172 169 136 127 151 154 162 130 169 160 146 148 
174 125 149 167 125 141 174 127 159 133 164 132 126 138 149 137 133 163 155 164 126 132 137 170 145 169 157 137 146 127 158 172 167 173 137 160 135 159 128 155 
129 136 150 160 127 144 168 130 161 163 145 141 135 166 128 130 154 164 136 174 170 168 145 148 132 173 157 158 128 152 158 127 147 167 140 152 162 173 144 156 
151 150 147 144 168 146 144 134 136 126 169 143 127 144 132 147 130 168 137 143 164 162 140 126 129 143 173 146 174 173 150 168 169 165 141 161 149 163 130 137 
169 164 163 165 166 160 129 135 172 133 140 131 161 148 164 131 131 128 131 128 128 171 162 168 156 167 131 131 138 167 132 130 139 134 144 150 128 145 128 170 
160 147 173 131 138 164 158 146 159 148 131 149 143 159 163 136 162 139 160 170 150 171 158 165 167 169 147 145 163 148 172 171 132 146 137 145 169 135 159 129 
135 162 129 164 152 173 130 155 170 131 151 141 147 153 171 136 169 136 171 167 159 168 156 173 127 149 137 164 130 137 152 131 160 151 148 144 154 137 173 174 
141 152 160 173 150 162 130 163 139 125 170 130 165 150 159 142 153 126 126 137 164 128 152 156 137 171 164 139 172 144 128 128 162 136 148 172 127 161 163 138 
140 135 137 156 150 152 151 156 127 157 165 146 126 173 153 155 126 164 169 154 157 157 143 129 160 131 137 160 148 159 159 159 168 157 162 131 154 165 155 140 
161 149 162 149 157 138 169 149 152 153 148 134 139 169 140 142 128 129 140 165 174 171 128 136 170 164 143 155 131 154 160 167 168 151 127 170 130 159 128 159 
133 144 139 138 125 143 126 171 147 140 160 136 151 146 159 132 127 152 150 158 167 156 161 165 133 128 163 132 131 132 133 157 134 171 136 141 147 159 133 153 
140 140 140 159 132 162 147 135 168 125 169 138 129 143 147 126 168 133 150 165 159 163 159 137 150 147 155 150 142 155 151 129 171 163 158 128 163 127 147 139 
148 160 166 132 152 126 155 169 126 132 128 143 159 148 136 142 131 145 140 164 163 151 173 161 135 158 173 144 138 166 130 137 128 140 149 129 168 143 125 154 
148 147 158 166 136 160 164 166 149 163 168 167 160 125 137 164 133 143 127 152 160 125 145 141 141 131 165 159 128 151 146 125 170 171 151 149 151 167 126 169 
141 125 151 165 137 137 155 129 136 156 156 141 134 144 148 134 147 139 131 128 173 148 149 136 154 153 161 139 131 131 136 146 154 141 134 125 162 149 126 129 
157 146 139 147 143 166 146 154 149 129 168 155 140 155 162 128 131 140 160 157 128 172 150 134 142 157 133 159 129 138 126 166 138 153 137 139 125 170 169 147 
169 141 125 128 159 172 160 134 151 155 128 157 150 133 141 139 157 142 151 172 149 131 128 138 152 125 161 149 126 161 156 149 125 127 143 157 134 131 149 133 
143 125 169 170 149 153 138 144 145 148 145 155 171 141 158 127 173 140 152 155 171 159 141 146 130 168 152 155 127 132 157 167 126 133 132 162 154 166 138 137 

143 125 130 139 158 139 125 149 130 168 173 162 169 147 161 157 129 157 154 160 157 146 132 134 162 156 169 169 131 131 127 149 172 159 170 172 142 157 127 134 
132 165 145 126 150 125 164 172 142 143 163 140 128 161 168 146 154 141 165 133 142 161 130 169 144 151 133 157 128 156 136 131 167 146 147 165 137 141 143 163 
171 133 156 142 153 158 167 133 145 125 133 133 172 160 145 158 138 152 163 145 125 167 172 140 171 171 164 164 143 148 127 147 154 133 153 160 131 160 154 174 
135 153 126 171 132 155 163 171 154 132 165 141 150 126 161 167 133 143 173 158 166 142 157 129 174 165 169 172 150 136 134 132 148 150 154 149 137 145 174 140 
154 157 125 144 146 125 152 166 150 137 143 153 141 137 161 160 143 173 173 147 164 137 165 150 149 148 139 158 151 163 133 169 173 167 125 147 174 139 133 167 
164 146 164 131 173 155 156 137 164 130 138 140 147 155 138 147 153 134 149 166 149 128 154 142 154 158 144 137 155 164 153 145 138 133 170 159 148 155 130 163 
163 132 173 140 153 161 156 154 162 126 158 145 131 173 162 152 132 134 157 143 158 145 160 144 125 125 146 139 141 133 150 146 141 140 143 164 152 127 145 126 
137 145 134 163 135 149 128 129 150 142 130 160 157 136 161 159 130 132 159 152 163 152 131 128 159 132 161 168 158 161 165 152 143 153 157 148 173 168 166 153 
145 150 171 172 162 125 168 153 161 127 165 174 163 144 148 155 136 142 143 134 136 149 154 146 163 141 153 131 143 149 162 152 132 145 141 137 167 170 133 155 
135 142 165 148 172 125 170 139 125 170 146 126 129 133 167 153 146 160 171 169 160 159 135 169 152 155 132 161 127 153 130 144 125 161 163 151 162 137 140 138 
173 143 128 126 167 157 151 127 163 147 126 159 136 133 159 153 153 135 153 170 132 138 128 146 130 136 166 145 170 135 138 152 158 168 130 142 129 127 168 171 
140 173 142 153 127 153 127 133 143 146 149 131 138 135 146 130 145 157 134 130 142 164 141 155 164 161 131 134 147 127 149 165 171 144 139 134 155 159 132 159 
150 139 148 137 129 158 167 166 129 160 161 168 135 158 133 142 131 132 145 153 169 143 162 125 155 145 154 126 151 130 163 173 168 130 160 174 144 144 168 141 
133 174 161 146 125 148 151 163 126 131 146 166 158 142 142 152 161 144 132 131 146 163 132 129 138 126 152 130 141 142 126 174 154 147 163 150 139 133 149 140 
131 146 173 166 131 174 125 151 154 174 167 171 174 163 162 164 153 157 170 168 160 160 147 134 156 139 145 128 148 135 147 147 152 149 164 171 174 141 170 150 
145 172 140 138 129 140 156 166 151 162 147 127 143 161 163 139 134 158 133 149 138 163 157 155 169 168 131 127 166 143 146 162 150 132 167 155 171 172 156 144 
129 148 168 145 134 157 131 166 160 171 172 169 154 127 151 130 142 151 140 145 131 149 159 140 147 161 155 132 157 144 145 174 168 173 155 170 137 154 143 139 
141 156 160 163 171 171 147 137 157 165 160 135 167 164 126 166 130 163 170 153 157 143 171 143 126 153 166 132 173 133 134 174 165 130 169 125 153 152 141 138 
141 145 173 154 159 139 153 163 145 168 143 140 145 145 134 126 129 135 153 133 150 161 151 169 140 169 174 163 135 136 136 143 151 136 171 137 139 155 172 156 
153 172 151 167 157 171 147 174 159 167 137 150 172 161 132 157 172 126 149 172 173 131 143 145 174 157 136 125 164 152 173 158 134 140 129 157 153 172 139 153 
130 147 127 169 156 127 160 130 125 138 139 125 154 156 128 132 165 131 143 170 143 135 132 140 149 158 165 144 145 162 153 169 155 162 171 143 174 159 137 154 
165 134 149 141 168 132 139 143 130 137 163 158 142 172 149 174 125 137 155 165 166 128 126 148 141 140 144 171 145 157 167 161 173 127 133 166 128 149 174 148 
172 161 127 173 130 155 159 152 138 143 145 136 171 126 127 164 147 140 156 166 147 161 163 167 130 160 138 125 154 144 172 153 133 155 164 154 172 158 133 147 
170 151 151 149 134 146 129 129 171 147 148 150 137 151 162 169 127 156 169 152 152 128 155 128 161 131 150 147 143 149 126 142 126 154 144 128 145 149 162 144 
162 129 130 126 163 139 157 126 168 145 144 156 128 162 127 143 140 171 131 148 151 168 140 170 127 133 157 163 165 130 145 148 164 156 172 168 125 127 130 129 
139 170 125 163 127 131 174 157 159 154 138 132 148 166 165 173 172 159 164 144 135 146 143 172 142 173 171 132 137 134 163 173 160 170 168 157 173 163 135 156 
156 174 139 131 171 130 166 138 133 127 166 162 129 138 139 144 156 156 167 135 138 169 166 168 164 167 135 156 132 135 140 162 172 158 127 139 149 131 173 159 
142 158 137 169 126 171 135 144 161 142 153 133 169 160 144 141 139 155 170 128 141 156 161 151 139 160 138 165 155 164 153 143 160 162 174 136 149 172 161 160 
136 166 148 164 146 135 162 135 172 162 133 137 162 162 159 168 173 145 166 128 166 168 130 136 166 154 132 133 128 147 150 147 132 127 131 168 143 170 171 142 
168 140 141 160 139 168 146 162 170 162 144 129 168 166 160 135 135 157 130 153 170 164 168 156 141 168 160 158 137 155 172 160 158 158 146 150 163 156 172 171 
161 138 151 168 159 134 131 150 171 130 136 145 159 161 159 158 142 172 131 149 149 159 169 133 168 126 128 148 137 174 148 168 140 166 171 143 149 168 156 150 
161 166 131 158 155 131 139 169 155 146 142 157 149 145 174 173 167 135 144 134 165 155 166 161 136 135 130 150 152 139 153 171 152 141 168 159 164 173 149 126 
139 153 153 140 162 144 174 145 160 128 129 172 153 159 156 156 138 154 126 162 171 139 160 134 157 174 134 148 170 125 152 159 126 154 140 167 125 153 141 140 
138 143 155 131 136 129 138 141 142 154 141 134 133 142 140 160 154 155 137 134 149 156 144 154 151 141 149 154 146 170 160 153 132 145 159 155 157 130 133 131 
145 144 156 137 125 149 150 136 147 165 128 136 174 168 150 141 169 139 159 133 158 130 171 139 125 162 173 132 157 128 135 165 160 130 155 155 142 142 149 131 
149 140 165 158 130 161 134 171 163 174 173 145 171 133 139 169 144 173 147 141 131 133 145 142 142 129 167 136 155 165 162 160 173 131 128 142 129 143 133 148 
130 128 144 126 159 142 132 150 160 139 139 170 142 173 136 138 130 128 136 132 136 135 141 171 126 137 139 156 158 168 137 137 172 142 161 166 163 149 156 164 
129 170 153 139 172 170 167 157 137 168 131 129 130 165 170 161 136 150 173 160 171 162 131 130 146 154 150 159 162 170 128 140 142 132 132 173 143 136 169 144 
161 126 131 173 169 142 157 154 150 172 162 144 169 132 173 174 173 161 149 135 138 149 151 171 142 148 174 150 168 132 132 150 146 154 152 170 153 172 155 126 
141 147 142 138 137 146 134 132 158 128 136 137 155 164 148 135 125 168 128 154 164 132 150 127 159 146 171 152 133 149 139 141 149 130 141 130 135 145 140 170 

153 152 143 130 154 126 137 140 165 173 155 127 146 148 165 161 143 164 127 155 166 144 155 148 130 139 156 174 162 147 171 154 136 167 129 133 143 141 161 138 
147 137 152 171 170 166 145 146 129 147 173 133 158 172 172 163 144 127 126 143 144 161 133 140 155 153 166 131 160 130 155 131 131 156 170 161 167 150 142 146 
174 128 144 130 127 135 149 164 131 140 163 126 157 161 133 146 137 168 143 151 161 155 145 126 144 168 144 152 168 164 172 142 149 168 144 172 143 128 137 169 
168 132 167 130 162 174 152 152 125 130 168 130 143 170 143 133 147 166 141 159 147 160 159 168 133 174 171 162 140 144 156 127 134 155 133 137 172 168 147 131 
141 133 158 174 141 149 141 131 157 173 137 174 173 154 154 135 151 152 170 151 168 151 174 164 142 158 154 151 126 126 171 141 172 151 157 164 160 148 131 140 
156 142 155 148 138 154 126 150 173 162 173 156 149 158 140 149 139 150 142 158 173 136 136 137 152 163 160 169 159 172 157 172 151 173 162 155 130 133 132 149 
146 161 162 165 148 142 171 141 131 164 129 165 170 137 148 131 140 125 171 144 145 165 159 133 132 147 133 132 144 149 161 156 172 130 136 131 172 150 130 166 
151 161 150 145 138 146 173 158 154 128 143 150 153 148 140 161 163 173 141 161 138 159 135 169 166 146 152 135 173 140 167 165 163 133 164 135 147 162 143 141 
148 131 169 157 157 135 125 141 164 168 126 159 170 152 173 157 155 166 154 171 152 126 135 149 153 147 142 132 152 146 151 143 127 170 127 126 142 139 157 174 
148 138 163 169 127 131 159 168 155 136 167 171 170 147 161 129 154 171 141 152 127 144 167 142 173 125 168 125 146 147 128 156 148 145 132 166 162 148 168 147 
142 161 160 139 131 167 155 133 132 132 151 146 154 137 152 152 127 146 155 140 131 158 125 152 131 147 162 127 139 133 126 168 153 139 147 158 129 162 169 144 
147 166 147 131 162 171 169 174 145 156 134 158 174 152 159 172 145 174 129 148 169 151 136 166 143 172 131 165 168 159 149 139 136 171 160 157 131 137 167 133 
143 130 137 141 148 137 171 127 162 137 159 169 159 130 167 171 128 157 145 166 128 156 171 146 127 137 145 162 151 146 134 126 146 167 157 149 147 148 168 149 
143 171 147 136 147 141 125 135 174 167 131 169 135 125 165 172 168 150 147 147 148 126 148 161 171 130 168 151 161 149 171 126 162 170 135 153 161 151 157 158 
153 172 171 139 160 137 151 165 171 132 158 172 171 144 131 157 154 136 130 155 168 147 160 148 134 165 151 132 150 171 156 166 138 133 131 173 146 141 165 166 
167 147 136 150 167 171 155 131 174 163 170 129 144 139 129 169 158 142 149 130 165 162 146 160 168 141 162 132 132 162 168 171 160 168 174 151 172 172 154 172 
145 165 139 162 164 157 166 161 128 154 140 130 171 143 150 137 165 132 171 172 156 166 158 134 163 140 168 130 167 150 138 145 133 153 163 152 144 141 150 173 
157 135 129 144 132 172 170 168 159 132 128 125 148 132 141 157 133 139 125 130 142 157 147 125 171 168 157 132 153 159 147 153 136 162 129 149 148 166 159 125 
167 165 174 168 160 156 153 156 134 138 155 162 152 142 127 131 149 138 144 161 171 155 150 165 127 167 140 144 130 129 130 166 128 139 134 146 140 142 131 172 
173 142 133 151 128 168 164 135 165 163 131 129 140 133 130 160 140 151 161 162 156 160 168 167 139 160 150 125 171 171 162 164 170 169 150 166 162 171 152 172 
126 141 151 148 136 137 132 162 173 156 167 149 165 167 154 149 157 172 170 153 132 145 155 163 126 128 167 144 163 164 170 146 172 154 167 129 144 141 134 152 
158 160 172 130 129 143 171 173 139 167 162 149 129 135 151 130 145 167 145 156 141 164 130 141 135 148 166 163 159 162 141 129 127 159 139 153 130 170 172 148 
155 142 171 141 169 165 156 125 130 143 125 126 134 161 130 135 170 172 157 150 161 150 159 155 160 127 174 144 131 154 173 135 146 146 149 130 128 158 142 171 
143 170 170 137 135 168 127 168 170 149 134 138 137 162 138 171 129 173 150 165 164 144 155 146 160 167 132 142 130 129 171 161 162 163 136 132 161 133 142 153 
173 144 145 164 128 156 157 138 128 155 135 135 141 143 167 126 131 173 141 172 136 169 158 160 130 146 143 131 155 170 167 127 172 157 140 145 155 137 136 161 
161 130 167 169 171 148 132 154 128 145 168 165 140 169 157 161 171 168 170 153 136 147 145 159 143 140 148 155 161 151 168 139 155 163 138 172 172 137 131 129 
137 142 158 136 147 166 172 136 172 130 135 131 153 153 133 151 128 132 149 136 174 127 133 126 162 148 157 171 147 139 130 125 149 142 128 162 173 127 141 171 
140 143 129 127 171 128 131 160 149 168 157 128 171 156 150 130 168 131 146 136 160 146 131 138 137 127 168 149 139 140 159 127 139 171 167 127 132 172 148 127 
127 173 151 161 174 146 135 140 139 157 171 133 137 168 148 135 163 142 151 128 169 141 172 135 155 154 169 147 149 172 133 165 164 142 148 143 168 168 145 125 
125 162 151 143 155 157 167 143 166 170 161 173 153 131 152 144 143 162 128 139 139 173 125 161 152 162 164 155 160 172 125 135 128 130 142 138 125 161 172 156 
174 153 135 166 171 161 157 135 145 126 151 167 130 126 143 167 161 136 168 147 130 130 159 130 152 149 152 137 162 151 171 152 159 167 135 165 161 134 168 139 
127 133 172 130 148 153 129 133 142 126 148 144 173 163 167 131 129 148 146 153 144 162 132 156 158 128 157 143 174 131 161 148 139 135 150 156 132 137 167 145 
126 147 140 174 134 140 161 128 173 150 141 126 166 148 148 142 174 135 153 154 132 153 130 152 172 165 165 170 143 166 130 162 153 173 159 165 171 165 167 154 
144 136 158 165 132 168 135 125 139 143 173 152 172 125 159 156 148 165 142 155 170 141 171 147 135 167 132 151 154 139 155 141 169 141 158 137 126 165 170 164 
144 169 152 167 127 168 126 170 152 170 145 159 167 142 165 149 154 157 140 134 170 172 164 149 171 142 160 126 144 143 139 160 151 130 171 156 131 125 165 143 
143 137 171 165 151 169 151 163 165 129 129 127 155 174 154 161 143 127 139 128 138 147 173 171 125 172 127 130 142 164 139 131 163 143 160 163 130 142 159 155 
154 169 142 141 170 169 159 154 133 173 165 163 154 153 155 136 153 171 146 153 147 160 143 163 160 166 145 130 125 169 164 172 164 167 131 136 151 174 159 133 
128 128 149 156 161 140 155 165 140 140 132 150 165 162 165 154 137 128 148 166 129 161 141 148 126 129 133 173 163 134 167 169 135 149 153 141 156 151 150 140 
127 164 147 150 160 136 165 130 170 141 153 127 137 161 164 128 171 127 168 169 128 141 159 138 140 131 137 172 153 152 171 150 154 136 152 159 159 170 156 129 
169 174 152 171 145 133 146 125 170 141 152 170 170 147 174 136 152 134 129 152 134 174 159 146 130 164 140 161 164 132 149 149 148 130 139 145 163 147 168 166 

163 151 154 139 158 142 168 155 166 157 168 171 127 127 154 163 168 161 163 145 142 164 131 137 130 167 162 167 132 139 138 163 153 146 150 133 166 158 174 150 
137 148 142 174 172 163 137 166 139 148 151 147 133 167 142 174 165 137 151 144 165 130 163 144 132 132 160 147 148 129 161 138 139 130 160 147 142 145 166 160 
139 166 156 150 150 172 158 136 174 126 156 142 133 135 133 132 143 131 170 135 153 155 132 145 169 170 153 133 151 132 164 163 141 142 137 141 145 163 144 170 
164 136 128 144 128 160 164 129 151 170 130 138 162 172 152 168 146 167 166 166 134 155 160 125 151 125 170 163 129 135 148 157 144 168 145 149 129 171 170 163 
156 127 131 133 156 141 133 156 156 150 152 142 149 138 141 160 163 129 146 165 157 152 130 139 155 133 172 150 138 148 155 147 172 170 147 137 156 162 144 133 
135 129 157 133 173 152 166 138 147 168 140 137 172 147 171 130 150 138 125 137 164 151 127 146 163 174 170 141 135 161 151 127 125 170 127 155 155 154 148 153 
138 137 157 155 139 132 139 169 154 150 140 168 156 145 174 131 159 150 137 146 167 127 149 134 137 133 141 128 131 160 155 145 146 146 147 146 167 154 144 153 
128 131 138 137 137 160 126 174 128 166 139 146 154 139 144 128 137 172 126 148 125 133 134 156 128 174 143 156 141 131 133 162 142 162 140 143 135 134 125 129 
156 140 138 126 159 142 173 143 157 161 163 154 134 159 162 145 153 142 158 146 153 174 148 147 166 145 153 173 144 134 142 148 166 148 146 157 160 132 133 126 
164 168 131 164 155 139 168 169 137 158 138 153 172 152 152 150 130 152 142 163 133 143 139 138 152 150 160 156 126 158 125 141 158 125 134 154 158 140 152 157 
165 134 147 147 155 142 126 134 137 125 149 129 142 162 166 128 166 174 133 141 130 165 173 168 161 146 151 140 147 159 174 138 157 133 157 134 143 148 146 169 
157 169 145 136 159 164 166 169 132 145 149 148 138 164 167 149 133 172 132 173 159 137 161 155 162 160 131 169 174 160 170 172 129 141 145 171 169 131 143 172 
140 150 135 161 139 152 144 146 134 165 132 166 174 171 174 146 126 174 138 165 164 137 148 141 161 131 150 169 129 173 157 167 142 153 142 126 139 167 161 145 
154 158 137 150 134 159 174 127 144 146 138 134 154 173 158 148 146 149 151 140 150 163 128 140 157 151 148 125 155 134 159 153 127 157 170 158 158 143 155 142 
149 149 167 148 155 148 151 148 163 170 138 167 174 126 153 145 170 152 153 142 170 136 136 131 141 129 166 135 140 161 158 147 148 144 139 154 140 157 173 128 
163 131 139 172 151 147 162 134 129 160 163 140 166 146 153 141 162 133 160 131 174 157 136 141 140 140 152 169 139 137 150 132 152 172 158 127 135 169 163 141 
129 127 141 134 137 129 127 137 152 131 161 163 146 172 130 144 168 139 142 148 144 162 163 143 153 127 166 156 171 168 126 134 150 133 145 125 166 163 149 142 
154 155 168 147 136 168 158 137 158 162 139 143 128 130 159 127 170 143 143 134 167 140 157 138 128 163 145 161 163 144 173 129 132 156 129 170 158 139 143 168 
145 148 141 137 167 133 155 137 145 132 146 149 132 133 165 173 163 173 171 146 138 132 147 135 137 131 156 171 140 157 163 152 155 171 149 173 131 164 169 139 
141 146 154 162 148 138 135 147 151 139 167 171 157 146 138 131 161 139 126 132 173 128 136 128 165 140 133 157 162 172 166 161 145 129 159 169 169 169 158 166 
158 160 161 144 132 129 130 159 126 140 174 143 171 149 165 159 146 168 145 156 132 172 159 140 157 142 125 163 135 141 160 133 173 131 156 132 166 172 126 132 
158 143 135 133 153 148 155 174 154 128 141 140 155 154 162 144 174 169 127 140 167 157 173 150 141 173 163 161 130 171 159 148 142 127 161 146 164 174 125 172 
148 159 161 133 143 145 170 162 169 127 141 169 153 125 174 152 134 149 130 147 156 143 141 173 145 138 168 167 127 141 125 166 171 174 163 158 144 145 151 129 
143 170 142 151 174 134 138 127 140 162 166 133 140 137 158 135 143 169 136 142 160 140 160 126 166 173 149 134 174 125 125 152 158 136 156 145 125 134 154 129 
165 148 162 174 126 158 128 143 160 127 171 165 126 147 157 172 172 138 166 130 174 155 130 141 127 148 127 142 168 159 152 165 174 143 160 159 140 146 154 157 
154 159 140 152 129 131 128 139 150 138 127 150 172 134 168 143 144 132 125 135 131 160 142 154 159 155 126 134 155 172 142 131 128 161 125 156 164 159 150 157 
170 170 128 166 136 152 167 127 129 125 169 170 150 162 174 129 152 140 137 147 152 127 150 149 158 133 166 173 126 126 128 132 172 144 174 167 169 152 147 135 
140 142 174 159 163 168 164 143 132 131 146 158 174 130 125 135 141 151 173 141 131 162 132 159 136 157 143 142 157 153 127 171 174 165 161 163 171 169 153 132 
172 161 162 163 169 148 139 132 158 163 142 172 131 142 169 139 144 152 127 174 173 174 162 174 144 173 174 166 171 159 150 145 141 155 129 165 165 169 130 126 
151 129 146 143 173 164 143 136 148 170 164 137 142 145 132 171 130 158 159 128 174 133 126 141 162 127 125 157 146 127 146 174 165 171 142 168 131 126 159 144 
127 126 144 147 159 130 169 129 134 133 127 149 136 133 163 156 133 148 163 160 174 163 149 141 127 137 169 165 173 137 140 135 148 165 153 168 127 155 156 157 
153 135 168 138 131 152 174 157 169 164 163 174 137 140 137 131 158 152 152 159 149 165 170 145 148 143 128 172 167 172 162 165 174 146 136 141 164 168 169 125 
126 150 135 140 172 144 166 133 130 128 165 139 173 146 130 141 159 133 135 145 141 141 144 161 161 160 143 138 135 143 145 137 166 165 174 133 149 172 133 155 
155 135 138 129 133 151 171 174 125 147 173 158 133 163 141 157 153 134 144 153 152 159 171 140 167 127 134 164 156 128 128 161 155 134 142 162 149 155 150 148 
166 144 174 144 133 159 145 142 155 172 130 137 153 173 138 146 166 164 130 160 173 138 129 151 137 160 172 153 139 135 147 174 160 137 137 162 168 134 136 149 
156 142 145 162 139 166 149 148 146 139 166 155 154 140 173 162 167 165 128 143 153 174 132 173 156 131 173 140 158 155 128 170 164 140 172 125 161 149 141 169 
139 171 135 139 152 160 156 150 174 132 163 134 143 156 151 129 161 163 169 148 159 157 136 133 133 131 162 132 131 134 130 150 148 132 152 167 148 159 129 159 
142 164 141 171 147 151 159 127 132 165 173 127 133 149 164 135 157 169 138 153 130 151 126 151 153 167 128 157 163 129 164 163 152 130 144 152 164 147 131 168 
167 127 174 142 142 130 154 127 172 150 138 132 160 172 162 152 135 144 148 152 166 159 125 152 136 159 158 135 146 160 131 135 134 132 150 127 171 129 172 126 
129 141 129 152 133 171 163 155 155 172 134 173 131 165 127 156 165 126 170 134 160 131 161 157 127 155 160 166 169 144 171 143 173 149 159 161 173 174 153 173 

150 162 152 170 159 173 170 128 133 130 130 132 136 159 127 130 140 165 155 159 129 166 157 144 145 153 156 162 165 146 161 129 138 138 129 165 147 144 163 167 
169 147 142 170 159 126 127 173 145 157 137 156 157 138 173 163 159 133 174 144 173 150 147 146 167 155 155 156 132 158 166 154 153 137 161 159 147 164 157 156 
145 133 148 135 153 162 141 161 140 165 146 137 138 154 154 151 157 156 155 133 159 126 149 164 154 169 126 158 138 143 153 130 158 126 170 125 139 151 131 168 
163 144 168 128 158 170 139 166 133 174 148 140 161 137 147 149 170 149 146 171 151 136 162 138 125 128 151 160 141 174 141 166 174 147 135 157 161 160 139 169 
144 174 147 155 164 174 160 170 170 170 127 162 171 140 130 128 150 170 129 168 169 161 128 145 159 139 169 134 148 131 169 152 164 130 137 126 159 130 144 133 
166 169 155 154 172 128 169 147 144 147 134 146 170 131 163 158 139 158 141 172 135 171 142 151 160 172 160 135 154 153 172 170 125 169 167 131 128 144 135 158 
153 130 131 171 167 129 138 150 135 158 162 145 146 130 164 170 126 149 161 135 167 165 164 148 130 162 129 167 146 146 174 155 143 161 168 129 170 149 125 158 
167 132 153 137 135 171 138 173 127 152 171 136 136 141 158 156 160 130 161 168 132 140 128 149 132 162 129 170 128 146 130 128 167 161 168 128 143 163 137 164 
126 150 147 174 126 146 142 156 161 143 139 156 154 169 137 173 158 159 173 141 169 136 128 162 145 142 130 145 141 160 169 164 142 158 172 168 139 148 127 150 
151 161 134 156 173 146 131 151 174 130 156 153 154 173 174 173 156 130 162 140 174 140 144 173 134 143 173 141 171 130 163 167 152 134 173 147 170 153 172 157 
137 156 170 151 136 133 136 163 174 170 148 155 125 165 131 135 135 148 139 136 136 149 168 156 163 166 144 128 172 146 157 170 143 125 126 172 138 168 164 126 
137 128 149 134 141 148 132 163 155 161 168 145 140 151 155 163 131 143 173 129 148 130 145 172 164 141 165 128 161 127 159 134 150 155 173 134 152 163 159 156 
140 139 164 130 166 171 154 157 126 171 160 149 165 157 151 144 159 130 144 146 136 139 172 170 162 161 164 173 168 142 131 150 135 154 149 169 168 165 168 145 
145 162 170 153 162 160 144 156 155 150 156 135 159 151 139 134 126 147 128 161 172 134 156 152 172 163 158 136 147 165 130 140 169 127 125 145 137 134 125 168 
133 174 161 174 171 155 170 133 147 140 147 172 154 166 130 131 144 174 132 141 165 139 138 146 154 139 150 170 160 138 155 133 138 143 146 141 170 144 141 156 
155 142 149 166 168 125 159 149 163 131 158 162 174 159 171 141 142 133 167 128 142 153 156 127 132 149 136 151 164 155 149 129 125 161 145 169 166 135 151 149 
131 173 160 155 156 152 133 143 145 137 152 165 163 158 174 126 157 172 165 155 153 168 167 137 147 140 130 133 149 152 141 162 159 158 159 135 146 150 141 149 
171 166 161 141 151 128 162 141 143 125 165 147 134 137 148 152 173 156 142 158 155 158 156 130 141 140 157 136 141 125 126 144 151 151 172 137 136 171 146 169 
173 154 174 130 147 138 141 129 152 137 139 157 145 171 126 150 125 160 155 149 154 158 131 126 153 172 150 131 135 158 168 149 146 138 156 133 164 157 169 165 
158 128 140 135 147 153 170 171 164 125 149 138 163 166 127 172 144 140 150 130 163 142 151 147 141 131 162 169 169 148 166 147 154 154 150 137 137 137 133 146 
165 141 144 132 132 135 169 150 136 169 160 149 131 156 128 126 167 163 166 152 171 135 157 168 164 163 156 147 137 138 130 160 156 170 147 158 172 166 149 147 
145 136 142 138 141 161 160 173 164 142 135 126 139 167 137 149 157 141 139 139 131 136 138 152 163 149 161 126 129 157 168 144 159 134 139 135 145 128 162 152 
133 142 153 137 163 146 127 155 143 164 134 162 161 128 171 159 174 139 152 165 135 172 135 160 168 164 136 142 163 140 160 163 168 170 173 165 157 174 170 138 
127 128 139 140 168 156 130 134 166 126 138 137 160 149 125 174 158 128 172 143 137 154 154 128 144 166 137 144 148 152 130 148 169 143 144 132 134 173 136 165 
145 169 167 153 152 173 169 136 147 134 145 137 171 131 155 167 138 127 132 174 135 164 131 156 144 170 143 133 146 168 168 143 167 163 161 154 154 148 166 138 
142 156 137 128 143 138 146 132 155 163 143 162 148 142 133 151 137 169 153 148 130 125 158 125 169 140 165 150 155 171 143 149 142 153 129 148 148 162 145 140 
131 126 155 149 142 157 150 130 168 164 129 141 165 129 146 145 161 169 141 143 147 140 164 154 151 166 149 127 132 146 135 151 160 137 148 170 148 156 166 137 
166 162 147 126 136 130 148 157 159 174 160 167 136 173 156 141 147 166 166 146 145 167 166 154 170 127 162 156 128 141 167 147 133 146 158 156 162 143 173 139 
174 163 143 151 132 131 154 138 173 134 151 152 128 129 154 133 155 163 152 138 131 143 146 151 147 137 158 149 173 167 171 164 125 160 144 150 161 137 144 170 
165 138 146 162 164 127 156 134 134 153 142 174 138 148 132 150 157 133 132 133 172 153 164 133 170 129 164 134 153 157 164 164 171 170 142 171 127 136 147 154 
164 167 153 168 141 137 132 125 139 167 166 140 153 150 174 144 141 165 150 131 163 161 137 143 133 139 163 165 132 147 173 151 129 136 151 132 142 134 165 159 
128 132 128 145 170 156 139 163 125 157 146 174 156 133 149 137 166 140 163 172 161 168 164 149 125 173 150 150 132 143 130 134 138 169 167 128 152 153 136 159 
138 171 168 166 162 138 139 172 147 171 154 147 168 154 174 146 166 138 160 145 157 143 131 145 163 161 161 153 133 169 146 167 133 135 146 161 174 153 161 172 
159 137 128 140 150 162 133 148 155 168 132 153 144 171 129 146 135 132 139 158 135 164 151 156 171 150 163 151 150 159 147 158 151 154 144 146 131 146 164 140 
147 166 163 170 140 168 157 157 143 129 141 146 127 125 146 156 156 160 158 162 171 151 143 172 140 150 164 154 162 134 161 125 131 165 128 144 138 126 129 171 
142 131 157 136 166 173 170 134 150 125 151 170 171 138 163 142 147 134 152 164 136 160 132 160 162 137 148 152 153 136 134 161 151 126 164 159 126 152 171 142 
174 137 137 142 142 156 167 138 151 171 135 136 161 136 137 158 164 147 131 147 152 162 163 166 149 162 156 138 131 125 132 153 152 154 138 130 153 149 159 155 
148 144 146 169 142 151 132 127 146 153 155 151 143 138 168 164 158 143 158 141 143 153 136 128 137 170 162 156 141 173 145 128 138 172 157 156 135 173 174 151 
147 130 144 172 154 142 152 156 146 159 163 168 132 149 134 137 157 166 140 129 172 136 172 173 144 157 135 141 174 154 150 163 147 158 135 153 165 165 128 143 
168 156 167 145 144 129 137 156 141 144 165 136 169 169 127 150 159 128 174 137 157 174 151 129 134 149 162 153 136 151 152 146 158 157 168 162 161 152 154 149 

136 163 140 153 139 169 140 137 126 136 173 142 132 149 138 166 147 152 165 151 165 134 152 169 173 147 125 167 139 170 158 168 157 174 167 174 168 163 174 138 
153 147 125 162 144 149 138 137 142 132 150 174 125 149 165 131 167 171 167 148 143 130 155 128 145 153 136 125 170 146 170 156 146 142 139 155 133 133 164 149 
131 164 150 148 133 146 146 148 164 163 142 146 153 133 167 174 169 144 146 149 128 154 158 158 170 128 152 130 127 151 172 169 159 172 147 148 147 139 153 159 
174 125 174 147 143 133 144 157 157 149 125 133 140 139 172 137 134 161 147 165 166 146 159 129 171 132 145 168 125 137 134 156 145 169 164 138 163 147 129 125 
156 136 137 128 164 139 133 172 161 150 141 126 129 141 172 137 152 130 160 130 149 158 155 172 164 130 128 169 127 165 134 160 130 153 146 141 157 159 131 162 
133 163 159 172 136 127 147 133 142 172 127 158 127 138 169 163 139 168 132 136 153 170 135 169 168 172 156 131 144 142 168 128 140 165 158 149 171 134 157 132 
145 135 166 142 151 148 148 145 131 140 136 154 132 151 169 132 137 131 147 169 126 130 174 170 165 149 169 133 147 166 130 155 145 142 169 133 158 139 160 130 
148 148 140 173 168 130 127 172 132 135 133 133 152 155 153 172 151 146 164 142 138 160 126 161 134 135 168 147 131 149 136 132 174 125 155 156 162 174 130 159 
170 128 162 153 145 126 133 149 145 125 153 153 173 135 167 140 154 159 141 153 164 151 152 167 135 171 173 137 147 144 169 134 143 140 148 160 143 156 151 145 
152 160 156 161 159 130 141 155 159 160 145 134 129 145 138 138 139 146 136 131 130 137 155 141 125 149 170 154 165 147 125 156 156 168 167 143 142 125 169 173 
155 161 129 127 127 167 165 157 164 157 149 143 158 133 146 145 142 170 126 156 142 142 130 127 143 174 132 172 147 147 136 167 170 170 151 170 163 143 138 152 
127 155 132 130 139 169 164 126 142 131 127 146 146 137 173 151 158 173 172 140 149 171 129 128 125 156 160 169 167 141 143 133 148 146 151 169 137 144 127 140 
138 132 151 149 158 141 144 169 171 173 137 133 143 131 128 128 161 167 133 150 142 138 130 135 164 173 128 168 159 165 160 152 155 145 167 143 154 154 143 126 
157 154 173 130 141 161 143 136 163 165 147 132 140 132 130 128 144 170 132 133 146 172 147 142 166 129 166 128 164 174 174 142 131 126 129 156 163 126 166 132 
130 149 140 131 161 126 136 153 167 162 154 151 148 162 145 141 163 149 163 139 162 138 134 141 170 155 133 128 166 167 132 165 141 156 153 171 133 143 165 138 
174 132 133 125 174 162 139 155 163 171 149 126 140 155 163 143 153 136 142 163 146 172 169 156 156 134 167 131 142 139 128 166 131 174 171 170 156 153 167 144 
170 162 132 147 148 157 126 136 133 127 127 126 139 171 156 158 167 142 142 173 170 128 159 157 128 143 136 135 130 168 166 147 172 169 145 131 152 139 126 125 
128 157 140 163 142 146 125 160 131 147 145 161 154 153 171 143 169 165 170 136 153 129 131 136 129 153 148 138 165 131 128 148 136 151 153 130 161 159 142 155 
168 147 146 143 129 158 141 156 128 166 126 127 152 125 154 161 129 148 146 131 133 164 164 144 158 151 169 142 137 159 156 165 130 147 151 169 136 171 156 142 
145 164 156 147 156 171 165 157 162 145 137 127 167 135 173 173 172 159 133 132 133 140 165 154 135 170 157 142 160 148 154 173 137 138 158 167 162 135 142 135 
169 162 128 164 145 134 161 125 155 152 166 129 164 148 135 168 127 127 136 167 151 128 143 128 140 138 152 133 161 155 137 153 131 152 172 137 136 168 149 147 
125 161 132 140 167 129 153 145 169 129 141 148 174 153 129 136 145 151 136 134 127 145 162 125 168 141 170 170 129 147 134 143 145 151 173 167 145 165 153 150 
160 134 148 128 137 127 142 164 126 174 164 164 150 133 157 152 151 127 157 132 137 141 151 162 150 171 157 141 163 130 161 128 128 163 166 165 135 153 172 170 
136 127 133 170 139 140 125 168 126 161 150 153 167 131 159 129 159 129 157 153 125 167 151 149 163 145 166 167 127 157 143 141 126 154 142 153 140 166 170 145 
155 128 174 154 155 173 136 155 138 147 172 139 133 170 138 128 139 148 144 159 128 129 173 170 162 165 149 134 125 127 127 134 157 165 131 138 149 152 142 141 
126 170 148 170 152 165 168 170 148 133 167 138 136 159 170 126 153 171 136 169 147 152 172 140 146 166 135 157 159 168 133 170 160 140 147 157 155 154 166 159 
133 156 146 165 135 127 158 158 152 125 160 172 126 151 173 153 140 169 138 133 155 164 135 159 126 170 168 144 167 164 151 144 131 129 162 174 162 134 136 136 
153 135 174 145 150 128 147 135 136 157 156 137 141 126 164 161 138 168 173 148 143 130 142 158 150 131 127 142 125 174 127 143 125 163 154 169 138 149 139 162 
141 133 152 160 126 159 155 135 154 130 174 157 142 139 125 130 150 159 133 171 160 138 127 135 131 129 163 163 141 129 148 152 160 173 166 130 162 150 155 145 
150 129 140 151 139 149 162 147 150 129 173 127 160 142 130 172 128 125 155 155 165 133 149 156 166 142 132 147 171 169 156 162 142 141 159 127 146 141 164 156 
159 172 145 139 164 152 132 137 173 151 142 154 151 150 140 140 151 149 171 125 127 170 171 158 167 164 156 133 154 125 158 150 137 143 160 163 163 128 169 152 
172 148 162 137 137 151 155 168 141 138 162 136 169 130 132 133 140 132 160 133 172 172 161 133 172 156 137 146 141 171 131 170 155 171 131 152 131 141 156 146 
162 163 143 147 168 166 165 140 161 164 140 163 125 156 135 146 141 157 161 155 134 167 169 130 146 126 167 133 160 129 140 155 155 153 135 173 152 146 170 174 
143 140 140 148 134 160 165 172 126 169 151 150 126 160 127 171 148 149 165 164 139 146 171 130 149 159 133 132 150 166 163 166 147 139 150 170 172 151 128 166 
152 139 151 149 136 156 125 141 155 129 127 156 150 148 154 140 152 171 157 134 141 132 149 127 145 162 131 138 165 159 174 142 163 136 142 168 172 128 125 150 
145 155 150 164 142 165 141 133 145 135 152 125 141 125 162 171 134 155 137 145 134 138 149 150 140 131 163 131 136 160 174 127 151 136 166 158 127 144 155 167 
145 142 168 143 150 141 165 139 137 164 159 146 170 163 163 162 150 128 163 168 152 140 164 143 126 143 167 161 153 155 160 133 161 134 163 154 156 139 160 128 
166 168 164 130 154 167 133 159 148 131 148 148 148 137 134 148 156 131 174 168 160 132 132 151 151 155 147 162 160 168 147 154 163 155 155 126 158 143 152 145 
134 128 167 169 151 135 154 174 154 156 157 134 160 152 138 141 135 162 137 139 142 149 131 131 128 164 129 128 168 157 160 155 132 136 146 130 154 150 134 157 
135 165 155 171 151 141 138 166 137 167 164 135 153 153 152 169 134 146 142 146 130 167 172 147 161 174 155 143 162 172 142 128 160 128 150 171 140 174 164 137 

148 158 173 160 137 165 142 135 168 160 160 136 156 136 133 150 167 132 142 127 159 166 138 127 155 138 140 159 133 138 168 136 157 171 174 171 144 149 151 169 
146 146 127 152 127 125 151 170 160 164 153 174 130 167 161 167 151 142 134 174 158 165 164 150 135 149 157 144 152 133 159 149 136 148 152 155 160 165 158 146 
138 146 141 171 130 140 156 130 136 139 156 157 141 155 156 140 139 156 148 169 167 129 140 132 148 143 172 170 156 126 126 142 148 173 126 151 147 128 131 154 
128 167 144 145 174 127 127 151 142 130 128 134 137 129 169 130 172 173 125 139 145 161 147 162 169 131 156 128 125 173 164 147 166 148 151 164 146 160 141 134 
133 128 144 142 163 129 160 159 168 141 143 132 143 167 144 171 134 136 147 148 166 127 165 163 153 128 174 153 173 161 140 146 155 161 158 151 166 151 168 170 
171 136 174 145 163 129 166 158 164 173 156 133 167 147 160 148 131 170 126 167 126 149 134 151 145 128 171 158 160 146 170 170 169 135 164 129 167 168 128 165 
139 141 140 134 163 135 165 136 160 167 127 154 162 149 172 172 151 142 158 130 156 143 174 159 142 168 148 132 137 142 161 131 144 152 144 137 148 138 154 132 
146 132 158 164 140 143 162 162 133 148 172 168 137 130 160 128 136 160 137 138 147 136 163 161 129 147 131 135 166 164 161 174 143 141 134 135 132 159 154 145 
159 155 163 134 143 172 144 155 160 142 158 141 174 139 129 126 164 162 139 128 154 164 145 131 125 150 126 155 155 160 169 149 154 158 158 125 167 156 163 147 
157 161 147 157 155 159 128 150 130 158 171 150 152 161 139 134 133 138 160 146 149 126 162 155 157 159 135 172 146 130 130 133 140 163 173 165 160 128 126 139 
127 152 131 170 144 135 131 171 158 159 165 163 170 148 151 146 154 133 144 151 166 172 137 153 137 141 126 139 169 125 160 157 170 146 169 138 132 173 163 128 
152 136 167 142 127 129 142 153 142 150 172 163 134 161 171 163 131 172 128 130 169 146 146 146 152 149 174 154 136 127 156 158 129 136 140 153 173 152 143 135 
171 156 174 172 154 158 144 130 134 139 149 138 168 173 174 131 126 141 149 167 173 148 173 139 164 144 174 130 141 134 159 131 132 135 144 173 171 140 154 154 
166 147 165 135 129 140 154 135 151 173 154 129 172 174 174 141 160 150 171 152 154 174 149 158 172 167 127 158 159 161 149 154 130 163 144 154 169 148 169 132 
151 165 142 172 136 164 146 148 147 138 162 136 139 127 168 135 143 173 158 153 127 150 150 161 163 147 135 131 157 141 169 137 126 135 139 147 144 151 148 155 
162 138 136 131 144 170 165 128 155 152 163 132 139 126 129 149 173 146 165 172 132 165 149 130 144 164 157 150 141 134 166 160 156 165 126 155 137 156 139 139 
132 136 136 129 164 172 143 139 162 129 162 166 133 141 145 166 158 131 165 139 142 167 150 174 134 166 151 131 134 144 126 147 147 164 125 165 139 161 136 145 
160 133 159 153 129 162 144 159 173 152 162 156 128 146 126 163 155 155 139 166 155 152 167 166 130 156 163 134 150 141 145 143 149 154 148 162 125 153 129 134 
159 150 127 165 126 157 140 125 127 159 150 166 172 142 129 174 138 142 152 158 173 168 152 167 174 162 126 171 165 163 143 153 139 158 148 143 140 131 159 148 
162 156 154 137 141 161 136 150 151 159 138 135 163 148 172 143 135 128 149 163 152 125 144 146 148 150 164 142 147 142 174 143 166 145 156 132 144 166 168 127 
172 144 156 174 137 129 136 160 156 134 160 137 159 167 156 149 140 164 155 135 128 165 148 132 171 127 137 126 159 146 155 168 168 125 128 162 159 166 135 136 
153 142 145 150 137 162 138 137 172 156 158 165 167 159 134 150 157 139 151 165 162 125 128 150 148 167 146 131 173 150 174 127 159 169 171 140 173 145 155 157 
157 163 161 127 132 141 174 162 139 163 174 127 144 160 165 172 137 125 128 146 170 137 137 160 134 131 174 136 126 137 174 165 135 153 157 133 147 166 162 127 
165 145 146 139 140 141 136 135 154 170 161 173 156 150 128 135 149 161 134 162 160 156 169 154 165 153 170 136 159 164 137 136 125 131 137 129 147 127 132 134 
155 137 172 169 128 171 157 131 129 167 144 128 158 132 156 136 157 139 138 168 167 137 158 143 128 161 166 157 165 161 152 167 146 125 173 145 134 135 134 125 
171 131 151 153 152 151 148 172 163 159 127 145 137 154 159 137 156 129 132 162 139 142 147 152 128 161 167 149 128 132 133 128 168 155 153 125 152 134 162 139 
164 146 156 160 163 127 172 156 171 153 167 126 127 161 159 141 163 149 134 163 125 135 163 142 142 167 144 164 139 174 127 149 164 164 128 166 134 139 167 138 
168 174 139 166 171 129 164 129 152 135 154 168 162 161 162 140 153 130 137 140 153 129 131 172 142 125 167 140 156 144 166 160 162 161 153 174 135 167 174 142 
134 167 157 164 125 139 150 142 133 139 147 169 165 130 132 151 135 172 156 140 137 169 136 149 169 147 169 146 138 135 163 166 162 128 160 156 147 172 170 168 
127 167 159 148 139 156 129 153 128 139 159 150 162 149 149 138 146 132 143 139 127 131 159 137 138 147 141 149 159 157 128 150 129 143 174 166 152 130 130 126 
165 139 143 159 150 136 125 134 154 147 138 171 155 155 136 169 142 157 160 142 174 126 136 147 138 138 161 152 158 132 156 137 141 135 158 147 139 173 159 169 
166 162 127 155 155 129 156 148 147 174 152 171 138 154 135 142 147 154 146 167 149 145 163 142 128 139 144 145 127 159 132 149 159 132 165 137 133 134 128 167 
134 158 149 170 145 141 127 130 163 171 131 151 160 164 153 156 152 133 151 172 148 126 150 148 154 160 170 138 173 144 139 160 173 145 158 162 142 132 132 168 
172 148 159 150 137 127 149 133 144 128 127 162 148 139 144 145 171 167 162 154 145 136 151 139 130 137 171 134 154 160 148 166 152 134 138 134 163 153 132 170 
159 143 132 170 141 149 144 146 154 157 171 128 169 144 166 161 150 165 129 125 147 142 137 134 174 148 140 132 145 158 171 145 130 155 144 146 165 150 165 168 
128 168 171 131 167 157 171 162 166 138 130 144 150 147 163 128 144 138 160 149 172 144 160 164 160 169 125 128 129 173 144 158 139 168 132 170 160 172 150 158 
131 152 166 129 167 161 129 172 165 154 150 172 126 139 130 139 128 138 169 152 157 130 147 146 162 147 160 163 134 137 136 164 151 126 139 157 170 162 171 139 
144 148 153 133 133 168 149 141 139 128 137 174 130 173 173 147 173 159 137 166 166 141 156 134 174 173 169 169 136 174 165 143 165 173 132 171 168 143 154 136 
163 143 133 132 156 127 126 156 137 156 173 160 138 163 172 148 164 174 173 139 134 126 125 132 170 171 153 153 141 147 157 162 134 161 159 165 131 146 167 132 
127 135 143 128 143 149 167 164 148 149 132 152 154 174 169 154 140 139 172 161 126 142 142 153 130 164 156 150 126 154 155 164 155 130 170 139 126 167 155 146 

155 162 171 148 133 144 166 162 135 135 127 157 141 161 148 162 146 139 167 155 140 143 149 161 161 143 135 168 173 172 142 138 148 172 157 156 136 132 157 158 
158 136 155 172 169 144 158 135 167 147 166 153 133 145 129 154 158 130 140 167 137 151 147 156 170 170 126 139 129 134 163 143 148 144 139 171 165 158 159 150 
166 148 126 150 158 147 136 157 155 132 153 165 161 165 142 150 146 156 152 146 142 171 155 139 129 146 163 171 140 135 135 138 133 129 156 135 157 161 156 137 
145 132 144 156 162 144 143 169 156 173 173 162 128 146 158 148 132 142 146 125 149 149 134 152 125 129 156 132 140 168 141 170 137 166 167 132 159 150 134 136 
125 157 171 165 126 171 132 140 138 144 131 134 155 143 172 125 157 157 149 144 144 126 174 167 141 125 159 172 165 134 137 155 163 139 135 165 156 131 126 167 
127 155 137 131 125 150 174 136 168 150 133 139 136 162 155 166 168 125 137 153 125 132 127 127 142 133 148 140 171 144 134 166 146 152 165 149 135 159 173 161 
132 125 153 161 160 144 172 140 150 153 150 126 134 164 173 162 150 147 143 169 136 158 169 139 144 150 145 148 144 136 165 163 129 154 167 126 131 135 129 131 
172 126 135 173 128 131 147 161 169 140 128 148 167 128 174 171 173 166 149 163 135 150 125 169 159 129 131 159 145 135 169 125 158 138 151 129 159 163 141 141 
135 144 132 137 130 148 166 163 147 155 149 129 157 173 148 129 150 139 129 125 169 162 128 150 154 129 145 150 137 159 135 148 174 157 128 136 126 174 172 150 
166 156 133 144 149 163 174 155 167 169 161 166 128 138 136 134 156 167 156 139 132 174 126 166 152 163 151 137 157 160 147 166 130 147 162 161 141 163 154 152 
126 135 131 150 152 149 132 163 153 136 174 171 152 133 140 143 146 149 128 158 125 142 167 129 138 146 145 130 159 131 153 170 172 141 146 142 141 162 136 170 
143 156 148 136 137 172 151 174 168 127 135 173 130 172 148 142 170 144 166 148 160 168 125 148 132 167 145 136 155 157 146 150 152 137 174 143 156 148 147 167 
149 165 160 131 156 149 164 136 174 129 154 127 163 151 151 127 131 168 167 154 138 159 161 172 146 172 142 128 166 152 140 130 156 153 162 167 160 173 159 171 
133 153 139 160 152 169 136 142 166 131 173 130 173 151 172 142 169 154 142 125 170 168 160 136 146 129 146 135 133 145 131 132 143 167 142 142 169 147 161 132 
138 128 135 135 155 166 137 163 162 152 125 141 170 151 128 155 143 134 162 132 136 147 154 132 134 173 127 129 159 154 135 152 148 164 137 154 168 147 174 153 
137 157 138 139 156 154 143 164 169 129 170 171 142 127 163 153 132 156 129 128 164 170 140 142 155 160 137 148 125 141 161 146 156 132 129 131 149 135 140 147 
136 158 163 164 135 125 137 148 166 169 128 164 173 152 171 147 139 155 162 157 127 174 142 161 149 150 138 143 154 173 160 137 158 146 145 172 159 158 155 156 
143 173 137 126 165 134 146 168 134 135 137 133 142 137 133 148 152 156 159 154 129 158 141 144 125 171 143 130 171 158 142 132 139 160 166 145 150 171 140 145 
160 152 174 158 169 172 165 171 129 151 150 154 154 158 172 159 145 171 151 137 157 152 127 139 130 140 173 140 131 140 135 161 166 161 167 173 165 136 159 135 
129 138 169 134 145 169 127 151 129 125 170 142 146 156 127 147 159 165 142 133 140 159 127 140 144 161 140 147 151 156 167 148 131 170 149 158 141 130 172 166 
159 151 140 161 159 143 164 166 142 161 136 167 132 150 132 168 149 170 166 151 133 138 161 142 126 160 167 136 138 135 159 171 138 169 152 156 136 165 148 132 
141 125 157 148 137 158 170 170 149 155 161 156 129 133 141 139 173 154 135 125 151 146 170 142 146 141 142 141 142 161 141 142 147 131 147 150 153 139 130 164 
160 131 147 147 163 133 127 152 173 164 140 145 153 134 128 173 148 172 133 147 158 127 138 153 158 135 154 153 172 126 142 136 155 148 160 169 126 153 145 168 
143 135 157 152 156 160 155 159 153 164 168 167 129 153 154 168 153 163 132 143 171 134 134 156 162 136 133 132 173 154 132 149 132 136 171 174 131 172 168 136 
134 160 146 145 144 140 152 141 141 161 156 163 147 149 168 144 147 157 159 128 126 138 159 159 155 135 134 153 141 153 169 152 148 128 172 141 143 125 169 129 
167 127 173 174 133 126 163 131 131 143 132 157 163 142 142 126 173 132 129 167 158 163 165 148 165 170 133 168 154 169 153 153 147 136 129 164 128 141 151 151 
171 148 127 172 164 126 163 158 149 168 172 173 172 139 161 156 136 163 145 168 133 128 165 161 132 125 169 130 162 139 156 145 164 131 153 162 166 137 128 158 
136 162 136 160 128 150 155 173 162 159 166 155 127 136 167 133 129 172 135 144 150 145 131 126 166 169 151 154 164 133 141 131 131 163 152 171 137 128 161 159 
144 150 142 171 163 127 158 125 152 162 171 163 164 127 146 126 149 125 126 146 136 154 156 159 154 127 168 144 167 141 143 143 161 142 162 132 141 173 171 155 
148 130 166 148 163 150 152 131 137 138 157 148 135 155 165 157 168 156 147 162 172 132 131 154 161 153 138 156 153 155 161 133 167 171 127 151 130 156 172 161 
158 134 130 138 169 171 164 174 125 153 149 127 148 145 151 168 162 127 149 128 148 139 133 129 144 158 171 149 155 169 146 153 137 171 139 159 143 141 133 151 
129 133 128 154 129 171 157 173 146 163 172 125 155 144 129 128 125 159 145 158 136 137 168 137 133 133 136 153 142 168 172 155 130 162 143 143 143 154 147 136 
163 132 135 150 156 149 137 162 174 146 145 163 165 134 155 145 137 163 153 156 141 133 159 149 153 173 137 143 128 162 128 150 159 152 127 172 170 166 125 144 
139 144 165 141 171 156 141 127 135 147 131 138 137 153 127 160 157 158 164 164 133 171 150 142 173 160 173 131 166 152 138 146 127 131 172 132 157 142 138 132 
163 163 146 139 168 172 148 127 164 142 141 130 140 150 150 154 128 128 139 150 159 133 127 171 164 146 129 152 161 159 149 145 132 129 128 136 132 169 127 131 
149 139 148 159 129 153 140 148 140 169 169 141 151 132 131 161 144 140 132 167 129 154 154 171 128 174 131 173 138 155 166 152 146 157 164 163 151 165 154 162 
145 159 134 167 161 148 145 163 144 148 129 154 151 139 130 159 166 142 143 134 160 147 156 160 139 172 128 144 132 152 129 173 166 169 157 138 161 165 162 142 
126 149 148 140 139 157 168 144 140 158 145 155 131 166 143 125 136 151 172 146 125 138 143 135 151 141 165 154 172 151 167 170 135 170 132 147 157 144 149 149 
149 139 128 156 157 128 168 153 173 139 147 148 126 127 166 160 130 163 167 153 126 156 167 133 162 141 146 150 131 171 173 129 140 170 147 140 163 130 156 152 
128 129 168 155 156 162 169 167 133 164 128 133 128 147 130 170 132 174 155 172 161 139 172 164 141 160 151 140 147 156 141 170 127 128 127 150 163 134 170 133 

