12
40

126 157 125 162 173 171 150 148 126 137 126 152 
160 136 158 168 127 136 170 144 154 168 136 141 
138 146 160 133 145 145 129 161 142 143 167 137 
169 131 138 155 138 146 138 141 158 174 160 161 
140 146 127 134 155 145 174 146 147 172 156 150 
129 136 173 168 130 171 130 154 128 139 161 133 
168 155 152 171 128 170 172 130 151 155 158 129 
154 150 141 173 134 135 127 128 163 149 169 141 
165 170 152 131 142 158 133 137 154 147 125 172 
166 134 162 168 137 168 152 163 160 156 126 166 
125 139 154 159 165 146 125 137 127 167 145 162 
157 131 170 157 128 143 130 157 174 166 132 154 
162 133 172 138 170 143 137 128 127 169 160 139 
166 132 154 140 157 155 155 148 154 171 134 151 
151 153 150 149 159 154 152 155 170 172 135 166 
171 148 168 143 156 135 174 161 144 160 142 161 
134 174 133 156 160 147 162 174 136 157 169 149 
174 172 173 126 149 142 134 158 140 147 174 163 
143 130 153 161 138 137 150 139 134 141 172 138 
171 133 157 157 166 142 174 139 140 151 135 126 
173 174 146 128 133 164 158 148 153 139 159 157 
148 129 134 148 144 153 170 167 168 169 138 146 
158 130 162 138 166 158 149 147 141 162 144 141 
172 165 166 169 132 132 135 134 137 139 165 150 
146 169 152 150 127 136 152 148 172 160 162 141 
130 146 168 171 136 150 153 143 164 136 147 148 
159 143 173 158 132 171 168 131 143 144 132 166 
167 127 132 172 155 156 146 158 166 161 170 128 
144 172 140 159 143 138 135 136 162 148 150 131 
134 125 135 143 129 125 144 148 174 130 134 134 
164 142 158 146 147 145 135 143 170 162 127 130 
129 166 158 133 166 133 160 131 141 166 138 143 
153 160 131 140 132 156 164 127 139 159 162 156 
125 174 156 142 129 146 155 165 141 134 131 159 
135 169 168 130 164 164 131 135 165 135 144 141 
144 159 143 163 129 130 169 156 146 137 155 155 
161 173 148 142 172 155 165 148 151 147 166 132 
147 160 131 166 162 150 150 145 156 157 147 132 
163 141 161 162 134 138 127 156 134 137 147 162 
136 128 152 164 154 135 152 169 127 163 145 168 

87 84 97 83 81 78 85 87 96 71 84 85 80 81 63 68 89 92 50 57 53 89 60 64 61 88 55 58 76 92 79 78 96 71 88 65 92 72 93 63 
51 83 52 95 83 73 83 93 83 62 50 62 56 61 66 73 66 99 97 87 76 71 65 62 81 86 64 85 94 92 99 94 86 58 84 50 99 80 58 57 
88 84 97 68 92 90 76 82 58 62 75 72 73 50 93 58 70 87 79 97 56 71 60 97 67 75 88 85 76 93 67 98 58 82 93 94 97 68 79 63 
90 81 84 60 55 76 54 97 99 66 64 85 92 65 90 97 79 77 53 68 63 77 94 58 57 61 54 76 97 78 65 86 76 73 50 57 86 78 71 65 
69 54 95 96 76 67 83 55 82 56 87 59 61 64 85 72 61 56 59 56 96 89 78 96 69 62 87 84 51 52 53 71 70 96 76 63 94 88 69 99 
80 52 96 77 54 65 69 99 56 96 78 91 99 58 72 87 74 51 51 90 81 83 53 67 93 85 62 70 65 62 89 71 96 90 53 55 53 57 71 51 
74 82 61 78 65 55 75 87 97 67 86 55 89 74 86 58 83 60 68 84 90 87 78 73 77 63 55 89 59 56 64 85 96 62 67 95 61 96 64 52 
69 70 81 56 63 56 79 53 92 71 77 66 90 74 91 84 63 70 92 97 55 53 62 69 56 53 82 70 55 79 72 58 92 53 80 94 95 78 51 55 
63 62 59 74 62 72 83 91 95 92 62 99 71 92 71 66 56 73 93 75 68 84 54 63 81 86 84 98 78 98 70 90 94 63 80 94 74 92 96 76 
65 83 83 91 56 92 56 63 95 89 73 75 72 65 73 56 55 78 96 79 70 63 92 92 83 94 85 81 51 74 76 62 70 61 65 73 95 71 52 93 
86 98 94 62 66 62 97 54 96 76 81 69 86 89 72 91 82 63 52 87 71 81 52 60 99 69 82 74 62 55 96 69 84 53 68 76 86 81 72 62 
67 78 58 63 68 52 80 51 92 62 89 54 92 51 96 82 99 65 94 80 90 78 86 96 66 92 99 75 57 51 92 68 96 50 86 98 58 96 99 53 
60 72 53 70 91 96 96 73 86 63 90 97 93 85 67 83 70 54 67 93 96 88 51 84 78 79 58 51 64 51 57 90 98 96 93 67 99 90 97 62 
60 60 63 96 54 97 78 61 55 93 61 91 84 87 58 93 96 53 79 80 78 97 82 51 64 74 95 91 81 80 99 96 82 71 91 54 85 93 97 55 
83 92 76 69 69 63 92 74 60 61 62 97 98 69 87 61 66 77 71 92 87 76 55 94 98 62 83 64 52 69 92 81 90 97 66 54 94 67 94 82 
73 54 67 61 68 63 65 84 92 67 50 80 99 95 79 91 85 83 79 86 96 59 63 63 67 62 92 52 95 58 55 89 93 92 53 71 76 86 63 64 
89 76 60 93 86 64 65 72 79 80 90 52 82 93 94 92 89 69 91 61 62 57 59 87 58 96 75 50 99 52 78 51 74 56 62 90 77 89 79 62 
51 89 90 89 64 93 91 53 99 62 83 94 54 72 69 89 53 73 67 84 93 51 77 70 90 70 68 69 69 67 59 86 52 55 89 98 81 81 85 99 
85 51 61 59 65 60 79 67 88 54 73 88 53 69 85 69 97 90 91 97 77 82 93 62 60 64 50 76 94 66 53 66 50 54 92 89 80 83 59 50 
52 81 70 63 80 70 82 75 97 51 70 87 88 69 50 64 83 71 60 98 74 99 86 88 92 52 80 88 88 61 98 76 66 87 92 72 54 92 59 88 
93 78 61 85 86 61 96 65 97 51 63 70 84 72 72 53 51 89 94 75 51 57 75 86 80 76 99 61 86 61 57 69 86 88 54 89 75 66 85 83 
84 85 55 78 61 62 83 66 53 52 71 61 60 52 72 82 90 56 56 98 54 78 69 54 80 74 74 68 74 50 71 75 55 62 60 72 85 95 71 97 
62 86 51 71 79 77 56 63 57 50 95 97 81 76 85 87 67 57 83 62 65 60 52 62 77 74 92 63 69 53 87 95 71 62 58 79 88 75 57 53 
63 50 97 84 60 65 99 79 94 70 51 52 70 68 92 74 80 55 91 75 95 53 67 85 78 85 57 66 60 84 82 81 82 77 99 55 69 90 67 73 
94 80 82 85 79 91 60 78 78 54 71 57 73 77 90 68 86 50 87 87 64 57 85 83 81 90 60 78 58 98 86 53 87 74 52 86 96 70 62 50 
83 98 97 83 68 68 67 73 81 71 54 95 80 67 59 94 65 90 56 75 93 74 98 60 91 81 82 82 83 93 68 60 68 90 50 68 55 83 96 62 
79 55 86 88 84 99 84 67 85 87 74 71 84 67 92 80 59 92 64 68 70 96 87 63 86 74 98 88 92 85 85 52 92 94 76 74 69 82 96 91 
69 96 77 84 56 98 57 73 83 95 65 86 52 55 65 89 97 94 50 84 73 96 53 97 52 72 78 86 90 68 88 71 90 74 59 55 68 88 82 92 
69 63 86 87 67 55 50 78 82 95 99 63 92 99 87 67 67 82 90 50 73 80 78 56 69 98 75 75 94 92 61 84 91 94 50 91 81 93 61 61 
68 84 98 78 94 52 90 53 86 67 96 70 79 73 99 74 62 95 74 55 75 77 62 59 51 50 84 82 84 85 53 67 68 64 71 72 91 99 56 93 
93 99 71 62 86 99 64 86 75 96 92 77 59 61 79 61 90 56 58 58 66 77 52 81 91 99 89 83 97 76 57 53 97 76 82 64 88 52 58 52 
83 68 84 58 89 81 60 51 66 89 88 57 85 65 63 94 62 97 53 64 62 90 55 76 58 62 57 76 72 53 67 92 55 51 57 56 54 91 78 52 
68 65 58 99 59 96 81 83 56 50 68 95 89 99 54 66 80 62 91 51 60 62 88 85 67 74 86 72 81 61 75 90 72 55 71 63 73 84 58 78 
59 89 61 97 73 97 90 60 89 88 82 95 69 78 99 58 75 98 73 84 70 68 95 56 58 98 89 65 53 62 93 99 61 50 89 68 88 89 73 58 
52 93 73 80 69 87 58 58 83 55 89 99 84 98 92 64 60 93 56 55 52 92 63 98 82 89 68 91 70 87 68 94 73 59 99 71 73 64 75 85 
89 98 87 61 82 88 63 64 80 76 98 71 71 82 65 71 73 64 77 98 66 74 62 77 79 84 82 59 62 53 61 72 64 94 97 96 69 69 77 88 
74 59 81 73 65 66 79 56 97 53 58 67 53 77 75 50 55 75 81 61 99 61 97 78 78 83 88 99 96 62 89 77 56 77 84 81 97 69 97 75 
98 63 62 66 98 93 75 72 81 76 69 93 88 93 56 73 61 76 76 64 70 84 66 76 96 84 52 57 55 75 88 81 97 74 69 89 82 59 53 84 
56 65 95 97 66 77 98 54 94 52 70 62 64 81 52 62 88 79 64 90 91 96 74 58 84 96 75 57 85 63 76 60 85 52 87 83 55 71 85 68 
50 87 76 54 80 60 66 97 73 62 73 67 68 80 75 89 50 85 79 69 75 71 58 69 88 72 93 56 62 52 72 89 60 65 88 64 82 58 54 67 

65 51 52 51 69 99 74 69 51 67 51 71 86 66 84 53 98 59 63 88 57 95 80 83 99 87 93 55 89 56 78 69 63 74 82 92 52 81 54 53 
87 69 52 67 50 87 73 71 69 91 55 55 68 75 52 71 95 51 50 56 93 63 53 76 91 90 86 50 64 94 71 80 76 96 62 70 74 88 82 87 
56 61 73 66 67 91 98 59 56 68 71 74 60 51 94 67 70 84 58 80 97 98 73 90 96 80 86 70 67 55 96 61 66 64 72 65 58 83 86 58 
62 74 87 83 73 89 69 97 54 70 58 50 59 71 88 75 51 91 64 74 95 61 70 70 55 63 54 51 72 91 52 68 79 78 99 52 85 89 81 97 
87 99 96 56 69 59 81 54 66 71 55 99 76 81 69 53 94 85 95 75 82 80 84 90 85 94 84 85 94 78 69 88 54 83 52 98 80 85 53 68 
93 58 60 86 85 58 81 50 77 76 79 65 69 72 83 77 71 57 51 66 50 72 71 57 54 68 76 50 58 50 74 55 59 74 80 74 83 89 67 56 
81 92 66 99 86 89 84 96 73 90 68 77 68 64 62 50 92 50 83 52 61 77 99 80 71 84 65 64 57 91 79 60 77 94 50 68 53 89 94 53 
57 77 50 83 83 56 57 79 76 63 80 97 90 79 86 99 76 73 72 65 80 92 77 63 50 63 52 77 61 77 79 81 69 96 95 75 69 90 68 56 
58 96 64 96 62 77 64 94 84 95 50 66 94 57 72 78 76 93 68 95 98 99 69 96 93 59 65 62 69 70 58 63 81 54 80 99 55 89 84 58 
67 52 57 60 67 96 74 75 61 93 96 86 54 56 94 65 94 87 57 55 74 86 61 91 79 82 72 87 90 92 58 61 68 89 51 99 89 50 80 84 
81 54 75 97 74 90 59 77 62 82 64 71 88 64 90 63 66 77 77 68 74 61 87 89 68 82 70 90 56 85 79 57 88 92 77 86 66 80 87 66 
61 87 55 92 99 59 60 84 70 76 97 54 76 99 60 72 62 98 53 99 88 95 85 78 61 53 93 97 86 56 53 56 99 82 71 74 55 63 74 50 
88 90 87 84 65 62 82 92 54 98 98 94 99 84 89 66 76 64 92 91 56 60 82 97 91 97 86 64 69 78 89 98 67 60 57 88 91 71 61 80 
51 71 77 91 89 62 79 68 62 74 93 69 51 53 60 99 68 79 61 51 96 56 85 73 72 66 52 56 92 76 55 82 97 65 94 99 68 64 97 62 
88 71 60 87 57 73 61 97 83 85 69 57 92 82 78 79 52 67 99 52 60 71 97 99 54 82 86 71 62 58 59 59 88 52 63 71 81 54 88 97 
54 99 66 84 96 59 74 69 99 89 76 85 67 61 87 57 83 56 90 95 93 75 98 75 90 52 62 84 78 53 70 81 80 56 82 56 53 57 60 94 
80 89 81 52 88 98 81 92 76 73 50 55 93 50 90 61 82 81 64 96 85 86 86 69 94 91 65 98 61 54 61 87 75 77 82 57 78 63 54 85 
76 86 95 52 74 82 84 56 51 58 73 95 79 94 86 97 73 93 75 98 87 54 55 78 62 88 64 82 58 76 84 52 55 57 66 51 69 96 52 64 
93 83 63 54 54 97 56 96 94 91 55 79 51 73 97 82 78 77 60 55 85 73 53 71 57 78 85 50 67 91 98 98 94 61 96 69 78 71 55 79 
77 98 97 69 96 85 80 77 88 96 71 84 51 88 84 86 87 58 57 67 69 89 60 66 93 81 66 95 96 88 65 58 90 79 73 92 64 50 50 97 
78 82 74 85 69 58 69 84 91 99 57 69 55 73 74 61 97 87 92 52 82 68 51 89 82 66 96 83 68 78 68 97 80 61 58 90 57 89 53 50 
74 78 70 57 58 95 63 88 54 81 80 98 75 77 70 90 69 57 89 95 72 75 85 59 59 76 94 90 77 61 71 83 84 96 71 94 58 69 58 82 
72 61 75 87 51 87 65 61 59 61 71 74 96 85 66 81 88 87 54 97 74 58 74 93 82 68 85 54 67 94 62 91 74 57 89 80 88 84 68 52 
56 94 95 62 83 51 70 84 76 96 98 76 82 79 53 66 91 58 57 74 78 52 92 98 64 56 66 93 71 63 80 80 53 92 87 86 98 71 60 50 
60 84 55 68 99 58 60 72 92 82 54 68 59 56 58 77 51 78 65 66 52 71 64 72 97 83 60 90 86 71 69 93 61 83 87 55 55 81 61 72 
86 77 75 54 60 81 75 93 56 85 97 83 99 97 73 73 83 60 89 67 88 56 87 93 87 53 89 91 89 59 66 71 86 79 72 88 92 80 83 63 
75 61 82 58 65 96 51 78 68 82 99 92 59 53 84 55 85 95 62 92 74 79 87 88 93 93 87 82 52 92 91 76 98 65 76 96 59 94 62 79 
58 78 52 77 93 86 65 52 59 85 65 62 84 96 57 95 56 73 98 69 70 52 50 50 55 90 80 67 54 85 80 98 98 66 89 86 82 87 74 85 
91 96 82 72 80 76 70 63 74 74 92 77 86 84 82 76 58 50 85 78 80 89 93 92 55 88 57 56 85 58 62 90 93 95 76 83 94 83 79 98 
83 78 58 62 69 80 51 50 99 61 52 92 61 70 71 88 66 64 72 55 93 52 64 93 53 71 50 93 78 82 77 62 89 90 85 51 96 89 99 63 
94 89 96 71 55 98 70 80 87 93 98 88 85 97 85 86 55 58 67 67 80 61 64 85 99 94 52 72 50 51 62 98 71 69 70 99 71 85 67 60 
88 66 82 65 89 90 66 87 94 73 75 80 76 56 86 80 73 82 96 68 63 64 83 65 81 73 63 83 80 95 78 78 74 83 88 55 95 50 52 72 
81 82 68 55 61 92 84 61 88 70 83 50 66 83 55 90 73 63 59 73 53 90 62 75 76 95 83 70 94 51 62 79 86 96 81 71 68 66 66 67 
52 88 68 78 85 69 73 72 79 77 75 90 51 75 66 91 82 73 54 55 69 96 85 92 74 99 83 83 53 93 64 83 61 81 90 75 97 73 53 88 
83 91 95 73 74 58 57 94 56 75 98 85 88 85 79 71 86 55 79 79 67 72 79 84 71 90 65 81 95 74 72 86 76 81 59 91 59 61 90 94 
63 90 86 89 76 79 54 55 62 88 71 77 95 85 93 99 74 86 98 56 69 97 62 74 74 92 86 92 60 71 60 87 68 52 51 50 61 94 94 55 
96 75 80 91 80 99 70 68 91 85 85 75 76 73 87 93 74 96 75 84 65 50 63 50 64 67 87 61 96 97 83 66 60 59 74 82 71 51 80 57 
98 80 69 91 57 60 90 86 73 68 81 50 74 54 77 90 57 67 80 56 66 72 73 51 65 52 59 51 85 70 87 66 81 50 73 81 97 86 78 81 
74 64 78 64 72 66 50 50 75 95 71 95 77 53 73 53 69 58 66 70 56 94 61 79 96 78 90 51 91 67 77 74 77 61 93 90 73 91 76 58 
77 87 73 81 54 95 55 88 71 83 66 78 68 79 99 73 52 77 67 72 75 96 79 76 81 87 55 87 57 90 51 90 54 56 55 90 94 95 73 82 

69 52 60 90 77 82 53 60 88 54 82 85 85 89 59 73 83 59 62 60 88 65 90 78 91 89 83 98 98 98 89 55 79 89 94 89 51 82 89 94 
64 64 98 64 84 89 59 53 55 58 85 98 98 70 57 53 61 86 71 86 73 89 57 68 94 92 72 88 65 79 75 60 53 99 54 70 98 84 75 58 
90 69 88 68 97 74 77 66 58 92 53 98 71 63 91 73 63 89 59 99 50 93 92 65 85 85 74 97 96 95 92 65 99 82 51 70 56 88 96 82 
67 50 85 75 70 82 93 88 68 87 99 62 85 71 54 68 53 79 85 70 95 94 70 98 87 56 55 73 86 57 98 72 59 54 78 66 90 99 93 91 
91 72 61 86 70 74 58 65 78 87 50 86 52 78 74 78 74 83 90 80 88 63 74 84 99 62 67 57 89 99 92 90 50 71 95 90 81 51 97 51 
96 98 92 93 88 51 83 98 70 94 53 59 76 74 85 78 95 92 96 59 98 91 62 54 89 99 57 85 59 59 71 55 76 61 73 69 70 98 51 76 
87 85 51 53 72 64 84 51 61 87 63 79 78 66 85 76 84 93 86 52 79 90 90 54 98 96 76 56 50 75 80 93 54 63 50 61 70 61 86 73 
88 84 54 92 87 55 67 96 60 94 88 63 85 92 50 71 55 70 89 74 73 71 69 54 81 96 77 78 86 57 79 94 78 79 93 76 66 88 72 70 
84 55 70 76 54 82 80 66 78 66 96 68 84 95 84 96 50 93 59 96 72 95 63 65 60 81 82 87 93 51 52 94 72 75 79 63 72 63 96 79 
73 82 76 96 59 85 52 85 63 91 68 64 59 58 98 81 63 78 53 80 57 83 61 69 68 86 68 72 61 54 68 98 65 59 62 77 63 93 75 80 
93 83 57 92 94 90 94 78 85 75 60 88 52 92 89 83 75 66 53 70 74 79 87 88 93 86 88 67 63 99 66 57 97 53 74 73 91 66 66 60 
74 80 95 52 90 78 64 92 86 70 67 86 84 67 54 71 78 59 78 72 68 98 82 69 69 94 99 93 92 55 94 82 75 62 61 66 92 61 65 95 
64 50 57 92 56 94 85 61 94 64 76 54 81 68 56 77 97 65 55 69 75 84 62 94 91 59 76 74 72 72 99 87 78 95 83 91 71 70 82 71 
61 71 79 95 81 70 50 94 99 64 86 72 97 72 59 66 75 84 62 94 81 53 71 51 64 63 74 55 96 69 94 98 94 79 73 92 59 54 78 54 
73 97 78 73 79 71 73 83 66 50 73 84 64 92 96 95 91 97 77 63 58 89 70 61 97 84 90 97 80 52 90 77 82 55 92 87 60 56 55 81 
78 54 56 84 51 54 83 98 99 88 75 61 72 58 81 61 79 94 64 66 63 50 92 98 82 77 63 77 84 71 85 52 58 78 95 79 97 64 54 67 
60 83 96 96 61 79 68 95 98 55 80 92 57 84 64 94 87 89 76 72 60 88 65 80 84 67 75 54 64 60 64 98 68 83 87 90 59 71 87 58 
65 67 64 96 67 73 50 92 98 66 86 87 68 57 79 83 50 91 69 55 55 88 59 63 96 67 94 90 88 97 91 55 50 94 50 88 52 58 88 92 
84 57 77 83 53 80 81 93 82 61 87 79 81 93 56 90 54 71 91 57 60 86 78 94 73 79 83 77 87 87 93 57 98 90 86 88 75 70 90 91 
66 62 80 53 57 50 88 81 59 84 99 60 71 55 82 77 74 86 54 73 68 81 80 73 54 65 70 70 55 68 67 83 61 50 83 73 64 56 59 85 
94 57 85 82 86 89 58 59 50 92 65 71 81 61 81 86 93 66 66 95 71 54 52 67 61 80 61 76 86 77 84 89 62 64 92 57 94 64 59 81 
53 84 56 99 96 90 79 70 61 94 72 52 71 87 52 94 52 92 84 80 90 85 82 51 74 97 96 84 79 97 65 69 52 98 74 75 95 77 84 64 
93 54 87 91 58 89 65 85 63 51 57 82 95 95 93 52 95 84 77 81 82 99 90 91 68 70 57 65 90 57 68 57 76 85 72 82 96 70 54 94 
54 62 88 63 68 87 93 89 69 63 92 66 95 85 85 82 74 77 69 61 71 74 93 62 84 84 62 95 66 87 80 85 99 85 79 91 51 76 80 94 
64 96 52 87 57 94 96 95 93 83 53 50 76 91 97 66 59 85 64 86 85 56 93 82 56 82 87 66 57 55 77 88 99 97 52 84 72 90 64 75 
53 83 71 81 59 52 59 93 58 58 78 72 71 96 76 85 94 61 85 94 84 96 61 74 89 52 65 94 51 84 86 74 72 88 53 60 89 72 66 99 
87 62 63 94 52 85 77 58 51 69 97 95 55 82 56 62 79 83 87 67 65 78 67 88 53 59 73 53 52 83 69 59 71 97 88 97 85 69 84 91 
60 60 97 84 55 85 62 96 89 93 54 96 74 99 54 75 73 81 78 91 67 65 64 88 85 80 61 74 95 67 58 57 87 99 87 54 77 56 79 77 
58 73 84 64 58 59 96 90 61 73 98 77 78 76 52 99 90 51 57 58 69 85 99 92 92 77 77 66 97 78 72 50 62 57 82 75 81 67 59 95 
79 72 70 72 88 67 71 50 75 52 60 58 58 59 83 72 64 51 98 73 75 83 59 61 90 54 69 83 52 87 60 57 76 99 81 98 59 77 95 57 
91 81 88 85 52 98 88 90 62 98 88 82 96 83 88 99 77 94 95 72 89 99 79 67 55 86 73 77 51 50 72 60 86 78 82 70 78 80 90 82 
50 81 73 61 52 88 92 97 91 91 90 87 56 60 92 95 51 80 82 85 74 53 62 53 92 63 99 86 54 99 90 63 66 94 89 95 54 99 77 51 
63 79 90 54 95 53 56 78 87 89 77 80 84 87 86 53 68 51 92 61 93 80 77 80 52 69 69 61 70 51 65 90 90 87 87 95 66 87 53 71 
54 64 55 78 89 77 93 68 96 55 76 88 99 61 71 99 67 75 78 76 54 58 55 75 53 66 82 58 61 75 66 56 84 96 87 90 94 74 96 54 
72 62 57 66 67 67 65 51 77 70 52 82 98 53 68 67 65 52 91 63 92 73 98 71 96 59 86 71 70 60 95 59 72 89 53 93 85 61 79 57 
90 75 91 82 93 65 97 63 79 70 98 99 92 87 78 81 91 72 74 59 63 53 64 94 76 93 60 65 56 79 97 62 74 60 91 52 53 96 96 86 
67 71 71 91 97 57 50 84 58 71 77 81 70 66 87 90 88 96 80 82 89 95 63 91 80 89 51 71 79 66 65 93 94 84 90 54 90 87 58 99 
76 50 69 92 56 61 54 81 90 90 56 76 92 51 85 64 75 53 67 79 69 96 75 98 86 54 51 83 62 97 60 62 59 81 92 72 74 58 96 90 
60 79 86 95 79 61 64 65 98 91 57 59 86 57 97 60 82 70 68 84 53 56 61 99 75 95 54 55 59 89 50 63 67 69 63 55 95 70 99 88 
90 98 72 76 60 64 84 81 80 82 85 60 73 89 67 96 57 85 70 97 59 92 53 72 99 65 59 98 81 50 52 66 53 57 60 89 80 58 99 52 

68 63 55 55 50 67 91 63 50 68 61 71 78 87 67 52 94 66 65 65 97 62 86 93 83 86 54 93 53 89 66 54 57 83 78 92 61 56 66 96 
73 51 89 82 99 87 69 59 98 91 72 52 92 76 85 96 57 65 50 59 91 56 54 51 56 70 98 63 59 56 98 55 88 64 86 72 70 59 52 98 
65 70 55 86 54 81 57 60 71 95 71 69 80 89 90 57 63 73 74 88 50 56 80 92 82 56 99 55 82 83 58 99 62 93 83 66 95 98 63 89 
64 50 50 94 91 54 55 67 94 73 69 99 85 69 91 63 80 83 50 84 54 64 69 79 56 83 91 94 95 88 57 63 95 77 65 53 61 66 52 68 
76 61 94 65 75 54 93 70 50 88 70 90 81 75 66 86 93 62 97 57 67 57 57 86 79 56 82 74 70 74 72 61 90 83 58 74 50 64 99 88 
81 90 84 63 82 66 74 88 65 75 74 65 86 72 66 94 51 83 99 52 93 65 71 81 63 90 54 65 68 52 72 73 65 67 67 58 78 91 57 74 
97 90 67 98 97 79 73 95 82 81 57 94 55 70 70 81 64 82 84 65 71 87 63 51 93 65 84 54 73 75 92 82 97 65 66 65 93 58 63 55 
63 61 62 87 98 98 50 92 98 56 65 53 91 99 76 67 64 72 89 86 82 95 85 79 91 95 72 56 98 84 90 58 87 78 96 85 64 57 57 82 
57 70 55 97 62 90 71 72 67 64 65 60 79 80 57 61 84 96 76 60 75 85 55 80 76 55 95 77 86 90 56 71 78 66 98 65 72 59 72 76 
61 85 76 95 89 74 59 75 53 93 62 92 72 54 71 98 57 57 89 74 82 84 98 53 55 91 94 65 83 98 58 77 87 93 75 68 66 95 50 85 
50 98 71 56 66 64 89 97 63 70 53 58 51 93 50 99 77 88 91 93 81 77 54 72 81 68 96 73 86 89 96 71 88 61 96 73 79 79 93 53 
55 88 68 55 59 92 68 88 65 90 85 73 82 89 96 56 88 59 89 55 76 99 97 75 72 55 60 58 52 95 87 54 90 50 53 91 82 90 55 53 
60 75 96 65 75 95 56 64 86 99 84 53 88 68 65 99 70 74 58 92 54 92 63 95 85 91 65 91 71 69 56 96 88 70 68 53 80 74 78 95 
74 55 76 79 72 94 68 84 53 67 72 79 66 88 95 81 81 94 92 62 60 73 94 54 66 82 97 61 92 53 99 97 66 82 85 54 65 67 55 59 
56 85 68 98 73 73 73 71 69 93 99 80 86 71 85 54 92 82 72 85 67 60 74 60 67 91 92 68 63 59 80 97 84 95 88 63 92 51 98 50 
56 92 97 77 66 67 98 97 53 50 80 58 75 56 50 56 65 75 57 51 59 86 79 50 90 84 90 85 94 50 96 58 50 90 65 69 73 57 85 51 
67 83 63 95 92 76 77 87 93 66 51 63 85 62 94 99 51 66 61 73 93 63 75 74 74 87 88 59 76 93 88 51 71 94 93 63 96 87 58 84 
59 75 53 66 79 79 84 98 69 91 86 87 83 82 51 87 62 84 88 68 77 89 80 62 98 93 53 89 60 81 71 72 88 70 74 88 70 85 76 83 
67 54 55 57 92 99 68 79 59 93 68 53 53 63 93 92 92 90 63 72 60 86 95 76 87 76 99 80 58 83 74 61 95 52 70 59 86 85 54 84 
69 86 67 60 52 85 58 64 70 62 70 60 77 83 73 95 82 63 57 65 74 76 68 52 67 69 65 69 74 62 71 98 55 90 70 93 61 65 57 82 
95 90 95 99 89 61 69 63 97 53 63 77 70 92 66 76 77 56 76 89 69 75 67 97 93 89 63 53 77 71 52 56 98 64 61 50 70 83 71 66 
72 97 64 52 54 66 92 78 86 67 84 58 63 68 99 84 69 71 78 57 57 61 91 57 87 90 65 66 62 89 63 83 77 96 76 83 82 97 92 58 
68 75 91 84 63 81 79 99 50 78 66 81 58 79 75 94 75 58 68 59 94 93 86 75 63 51 91 66 95 67 97 92 70 83 66 81 92 76 58 51 
54 62 89 52 81 65 99 53 60 56 62 71 87 97 89 91 72 70 80 76 69 86 51 54 82 83 80 63 90 98 73 53 90 97 95 60 96 76 66 86 
96 72 78 95 61 94 92 57 94 96 84 90 61 64 67 61 64 79 89 85 71 73 76 90 86 94 83 66 70 61 85 88 95 52 72 54 53 67 85 69 
97 98 69 59 59 84 56 82 62 86 99 61 61 98 58 65 92 70 83 74 73 72 85 86 86 79 66 82 77 75 81 84 87 78 51 72 87 60 53 66 
90 62 99 82 81 51 85 56 78 83 92 81 87 80 89 88 58 86 84 57 63 51 67 64 58 90 99 90 73 82 73 84 88 84 85 92 53 96 98 98 
55 95 56 96 67 59 91 89 95 79 72 77 99 70 79 88 65 60 68 83 99 91 71 70 97 75 76 92 51 83 97 59 75 60 69 71 64 92 78 72 
72 75 54 82 75 94 89 63 63 59 77 66 87 61 82 74 90 92 86 91 74 63 81 73 71 79 74 91 76 63 55 73 87 89 53 71 51 61 90 83 
75 82 51 78 60 88 93 96 98 52 82 50 88 96 97 80 96 82 65 60 70 52 92 76 88 80 91 77 52 84 67 74 79 86 72 80 97 73 86 58 
65 64 82 92 95 66 65 66 97 72 86 95 76 95 74 85 75 89 57 98 54 82 60 50 76 85 55 52 80 68 54 80 84 50 76 55 64 55 93 93 
50 81 62 58 81 93 98 81 59 52 70 77 77 63 79 76 96 68 79 68 62 78 61 63 57 80 95 76 82 96 91 77 97 71 96 62 59 84 63 80 
51 63 72 52 53 96 53 56 69 95 61 50 75 66 65 74 59 52 90 51 96 51 87 63 93 52 56 92 54 93 81 56 93 65 96 63 88 92 95 68 
72 75 73 72 82 81 90 64 97 58 55 60 52 98 58 57 71 85 99 62 84 74 94 99 68 99 56 85 59 72 51 63 63 77 56 67 91 82 66 63 
68 94 74 74 53 94 92 70 76 99 70 86 88 85 93 90 52 92 51 71 84 60 68 63 82 74 61 61 82 70 55 74 85 77 68 52 69 98 61 65 
61 87 59 67 86 61 61 70 82 83 50 78 90 98 70 63 55 50 54 77 94 50 98 61 53 73 55 66 83 94 98 97 53 59 60 93 53 94 71 88 
53 91 66 68 83 60 61 83 73 76 98 63 89 81 56 99 59 54 73 96 63 61 85 90 90 87 90 76 87 93 74 63 87 51 57 74 64 83 62 77 
73 93 96 58 91 53 55 74 58 73 80 74 62 65 91 94 91 78 81 90 99 78 87 83 95 53 81 55 98 75 98 89 80 57 72 81 52 70 63 53 
92 90 71 83 61 56 53 55 84 55 95 75 91 69 96 89 60 51 55 95 59 73 52 65 56 76 96 87 81 82 53 95 66 92 91 98 87 99 79 59 
53 60 53 60 85 87 54 71 86 53 59 82 75 71 81 72 90 78 57 63 78 61 54 54 77 77 96 55 53 74 88 79 70 84 76 66 92 69 64 56 

59 94 98 74 97 63 88 52 80 64 69 96 63 58 69 68 82 86 88 68 65 79 82 53 57 80 50 56 82 75 91 53 59 75 80 73 80 90 74 57 
84 91 78 70 94 51 51 77 95 81 53 63 53 83 98 57 99 65 64 58 99 94 91 84 61 71 96 76 94 75 91 70 62 70 86 67 95 58 99 51 
68 81 77 64 91 91 94 52 74 50 65 93 59 66 84 66 51 67 60 70 88 78 71 93 66 59 72 59 61 89 53 87 87 86 99 59 72 70 62 90 
69 70 80 62 74 86 94 56 91 52 88 91 57 62 62 73 53 57 51 99 66 78 50 77 94 96 91 56 96 69 58 69 73 76 56 64 51 57 64 89 
54 65 54 82 62 81 65 52 58 89 68 81 67 60 73 60 97 81 98 77 91 81 78 64 83 63 75 81 89 71 95 58 80 84 87 56 78 77 80 95 
93 87 58 76 59 94 81 92 50 84 94 58 52 83 78 77 63 54 61 95 64 50 65 58 53 72 51 78 79 91 56 94 75 68 82 95 82 91 62 78 
90 70 76 94 72 59 65 52 66 69 89 79 94 98 98 75 89 50 88 73 69 76 66 83 58 83 64 52 77 54 72 51 76 91 60 57 55 67 51 83 
87 93 60 64 97 91 59 68 64 94 94 73 56 99 55 80 81 91 89 65 83 87 82 91 86 83 69 81 57 55 97 88 64 72 72 54 74 59 96 85 
52 91 62 97 54 81 88 78 56 95 69 88 52 99 63 65 72 57 66 76 58 65 51 64 74 64 74 75 77 69 92 92 65 94 93 90 97 83 64 89 
95 52 87 75 84 54 58 73 78 86 95 81 78 54 74 93 66 50 60 92 68 97 52 86 85 93 82 53 53 55 52 69 64 52 53 69 99 82 54 95 
51 66 72 53 98 90 65 74 86 51 84 66 99 87 63 75 65 64 87 71 61 85 52 90 71 73 80 94 89 84 92 91 85 66 96 54 79 99 78 78 
66 94 90 96 89 63 56 53 91 68 96 66 50 53 81 84 50 53 58 79 98 74 75 64 52 76 86 51 61 62 82 64 95 90 58 55 50 75 52 54 
55 57 69 69 93 81 63 78 80 68 93 92 79 52 66 61 62 63 63 64 77 97 71 87 56 59 87 94 69 51 90 89 94 52 94 79 62 60 85 98 
52 98 71 69 94 77 67 99 62 70 98 82 67 63 75 55 91 98 58 63 92 80 56 55 54 92 52 75 98 97 78 86 55 74 72 66 87 80 93 78 
89 50 68 55 98 92 85 53 85 80 60 55 77 80 83 80 57 54 58 53 94 65 75 65 74 89 72 69 86 56 54 73 59 93 69 79 50 98 97 73 
82 82 95 81 63 69 59 81 53 61 90 73 94 96 58 85 72 94 67 82 79 58 99 66 69 93 62 67 80 73 68 61 94 79 63 63 64 98 68 69 
88 83 80 76 59 76 70 94 55 89 72 84 86 75 79 86 94 51 75 90 81 50 60 80 65 90 77 73 65 90 74 50 77 53 95 96 55 54 73 69 
72 51 93 69 88 85 76 85 52 53 50 90 94 72 54 84 68 68 94 82 50 76 50 93 52 57 86 64 51 60 53 61 80 59 99 69 74 97 52 72 
81 92 51 58 70 97 81 63 63 58 87 72 79 92 61 65 74 61 68 50 72 58 93 79 86 55 85 60 97 72 51 66 60 63 72 90 88 61 83 70 
57 65 91 75 95 69 77 66 53 90 92 67 73 89 74 75 99 94 74 59 89 53 96 78 90 52 91 91 58 78 70 89 69 70 57 96 95 74 75 79 
79 67 89 59 67 59 52 79 55 75 80 51 88 80 92 60 67 83 59 94 86 71 85 81 76 95 89 96 73 56 93 87 88 90 92 86 55 52 53 70 
96 98 81 96 67 97 55 51 70 51 70 63 80 53 80 58 90 63 80 82 63 97 84 63 71 57 56 68 57 55 71 91 71 63 70 71 93 92 64 58 
88 81 66 90 92 60 64 61 69 92 62 82 78 95 68 51 51 60 60 60 83 50 82 50 66 88 91 72 86 55 62 90 80 72 79 65 60 96 62 92 
71 77 78 58 74 93 62 97 80 92 98 94 79 88 90 88 65 61 92 71 94 86 91 70 65 61 74 73 90 93 70 68 62 50 95 88 81 92 93 86 
75 84 69 89 64 76 55 74 52 53 60 94 82 50 81 69 89 93 86 58 85 67 53 56 76 91 81 67 56 91 95 79 92 58 62 68 69 56 59 77 
97 72 93 78 88 79 90 82 65 97 57 66 97 66 95 82 92 50 58 57 85 81 59 75 64 57 51 92 59 78 74 85 76 86 97 88 68 66 81 81 
56 53 60 60 92 59 81 55 71 77 57 70 84 61 91 64 82 83 90 80 66 80 87 73 78 86 83 73 56 81 79 70 86 79 62 59 96 56 60 94 
91 64 76 59 68 57 82 76 94 72 76 63 95 99 59 94 89 84 85 97 86 98 50 63 91 50 95 97 90 84 59 56 90 99 78 80 99 53 51 61 
64 79 61 67 73 66 51 81 53 77 91 82 92 57 89 92 51 73 99 89 69 67 72 58 50 79 66 99 93 89 89 71 64 87 89 71 60 62 86 57 
53 63 92 56 65 91 65 65 97 91 99 96 83 51 77 81 50 76 90 66 98 80 73 64 79 71 59 99 63 82 96 93 84 53 99 53 74 52 58 85 
64 81 83 66 78 61 87 54 64 89 72 98 80 78 97 89 60 65 50 87 93 80 51 94 71 86 58 58 58 87 78 85 67 86 55 82 79 59 68 67 
89 55 56 75 77 77 55 96 64 56 93 55 87 73 73 97 89 87 72 71 50 71 62 96 95 75 73 71 66 80 83 76 72 99 54 53 63 69 69 51 
80 91 99 75 50 58 82 81 71 73 97 89 71 89 74 86 89 61 51 67 84 80 68 50 97 55 91 81 79 84 82 88 50 66 79 72 64 55 97 98 
90 75 91 90 80 67 60 89 67 95 99 91 79 89 59 69 60 67 92 55 90 60 51 75 87 91 99 88 93 78 92 58 50 77 96 70 84 92 82 86 
77 73 93 91 99 86 95 89 75 84 60 69 84 96 99 65 62 74 89 90 99 73 59 81 73 65 72 71 98 77 96 92 83 95 69 83 85 79 66 65 
57 62 55 61 95 95 92 72 89 80 99 56 81 86 81 81 83 62 62 73 75 64 52 55 56 60 95 90 99 50 60 50 81 78 56 97 92 70 87 71 
74 85 63 96 58 96 79 74 66 91 85 99 99 50 50 92 60 76 96 97 72 52 97 78 59 91 83 70 68 60 94 63 56 68 62 57 68 92 91 73 
87 83 61 52 79 83 88 60 51 93 89 54 75 86 95 73 58 75 63 53 96 98 60 59 74 74 90 82 56 98 92 51 88 51 64 66 94 82 81 79 
64 75 66 63 66 51 51 57 57 77 61 55 70 61 70 85 72 92 68 54 78 91 93 99 60 71 52 50 61 90 90 83 54 69 67 77 77 63 53 79 
88 68 97 56 54 62 65 91 86 79 83 97 95 52 64 85 51 68 71 80 92 59 55 55 52 50 72 94 59 52 63 60 77 86 69 65 94 96 85 55 

67 89 94 55 79 55 94 70 56 69 58 65 51 78 58 60 64 72 63 62 68 52 78 84 51 66 56 94 64 71 91 62 58 74 68 72 86 50 82 62 
64 99 97 53 97 51 70 94 51 81 60 58 70 87 68 85 64 67 63 93 57 76 63 94 69 78 58 88 87 91 68 77 84 55 99 80 73 68 51 92 
97 68 80 52 59 71 55 67 68 88 55 65 57 66 87 57 83 97 65 89 82 69 75 92 91 64 70 97 63 55 74 93 79 51 50 60 75 55 66 51 
72 89 76 97 50 70 92 98 50 72 77 56 89 81 78 78 91 82 64 57 58 79 57 71 84 91 92 65 89 70 94 50 59 51 67 60 80 68 91 90 
93 70 88 70 90 62 67 97 82 95 86 87 77 85 88 57 87 85 97 75 53 70 61 86 52 68 82 90 63 99 71 84 60 90 91 57 94 74 58 95 
81 86 75 68 91 64 52 57 51 60 85 54 73 78 93 71 79 91 89 94 94 96 81 51 75 81 78 69 62 88 66 50 91 55 91 54 85 61 78 51 
90 96 74 69 85 70 75 76 51 92 82 60 86 90 72 59 71 65 86 86 70 98 96 82 91 91 73 81 70 58 90 75 96 95 69 75 50 58 77 95 
71 66 99 80 74 65 62 65 62 99 97 86 91 66 74 73 69 78 62 60 66 76 52 70 72 61 84 58 56 86 52 67 64 59 72 84 57 64 82 65 
72 50 81 92 52 67 68 85 84 80 60 89 73 90 78 89 70 99 60 85 79 92 83 86 56 56 74 94 56 65 57 70 51 67 92 88 70 73 58 66 
62 61 89 82 90 73 82 84 62 62 77 76 78 56 72 83 99 84 51 83 94 75 69 61 58 94 73 77 87 63 89 91 50 74 92 74 60 65 77 50 
87 83 98 86 65 63 69 50 69 93 89 61 97 90 68 95 92 90 69 89 92 73 67 89 98 85 52 91 65 92 76 56 76 81 99 69 55 61 56 72 
92 68 58 86 97 73 79 77 66 75 70 98 93 52 88 94 63 60 79 64 58 93 60 68 88 88 83 91 73 61 62 87 73 73 91 62 84 87 70 97 
56 98 81 83 98 93 66 94 81 98 79 85 62 85 72 77 70 93 52 95 86 81 54 64 91 60 83 70 78 94 67 90 89 92 93 59 56 69 75 73 
69 58 80 76 65 52 91 84 58 59 66 78 53 96 99 82 59 61 84 79 60 85 60 65 71 79 50 80 96 55 94 74 53 65 82 60 72 65 74 84 
53 77 55 61 77 73 69 83 94 52 57 85 56 77 72 78 88 83 66 98 68 75 53 80 91 53 74 76 84 83 79 99 58 71 52 99 53 52 63 64 
57 90 70 78 50 93 77 84 56 67 90 84 62 93 71 52 55 80 72 55 88 78 69 74 79 67 53 87 87 56 65 86 65 51 81 96 57 79 87 79 
97 62 75 70 80 76 74 70 60 99 97 77 61 56 72 67 98 88 96 85 56 98 79 60 81 65 82 60 90 89 65 79 60 86 93 93 64 83 85 76 
99 76 60 69 51 50 62 70 91 83 66 61 89 58 75 59 71 62 70 91 81 78 59 96 96 58 96 98 62 94 50 96 74 89 80 93 92 90 87 75 
75 75 60 67 58 62 71 79 91 98 72 55 80 78 58 63 51 63 88 74 57 68 51 80 93 59 77 96 92 53 80 50 67 54 67 90 79 99 66 64 
57 75 83 94 99 80 67 51 71 61 69 99 93 95 55 56 52 69 88 81 66 86 77 88 96 79 79 64 66 59 50 97 64 62 82 85 72 81 78 61 
99 60 90 68 82 83 60 50 53 60 93 54 90 82 70 62 89 69 94 69 50 96 98 71 91 83 80 92 67 99 55 76 56 69 64 85 61 99 74 56 
68 97 97 89 99 97 93 81 86 61 98 77 64 61 91 81 75 81 54 75 55 84 98 96 72 74 50 61 77 92 93 83 90 94 77 99 70 97 91 62 
69 94 75 53 95 57 98 62 95 62 53 87 80 92 64 74 73 90 51 67 65 61 80 93 52 88 97 53 51 91 92 52 99 89 64 90 91 81 88 77 
53 64 81 95 87 94 73 50 58 75 98 80 93 84 80 68 65 74 53 74 81 84 96 90 76 84 52 58 52 73 93 92 93 75 93 63 78 77 73 80 
69 83 74 66 59 91 65 70 84 99 98 57 84 61 96 56 95 85 68 66 50 95 95 84 50 95 65 70 59 73 92 97 91 92 92 96 60 78 96 70 
64 91 92 50 80 98 66 86 74 98 94 55 54 95 97 75 55 95 79 87 94 77 79 77 61 84 58 52 63 58 84 63 80 66 83 74 91 69 96 89 
66 68 92 76 95 85 86 55 53 88 95 99 84 67 78 83 61 50 97 68 83 78 60 57 99 70 69 80 76 62 89 75 65 96 58 51 55 76 85 50 
71 78 84 96 62 97 54 82 71 62 91 74 99 77 80 54 99 75 65 75 99 61 65 78 86 61 92 60 71 84 71 94 78 77 93 89 92 93 60 95 
74 86 73 76 84 85 71 79 81 97 57 76 90 87 66 68 66 57 78 70 59 60 96 93 85 76 68 59 76 83 58 93 78 90 58 57 52 75 81 93 
94 71 58 68 89 88 58 92 95 79 60 51 78 85 51 81 77 97 62 86 64 86 54 84 51 55 75 96 51 89 58 79 93 79 93 68 87 52 79 92 
91 55 95 77 73 56 63 50 63 69 60 55 67 86 59 66 58 91 98 89 68 74 58 79 91 91 86 61 58 51 97 64 63 97 75 80 72 84 61 62 
56 50 75 51 86 69 50 66 50 69 77 79 87 80 69 57 56 74 96 70 56 64 75 85 97 96 90 66 54 94 85 64 99 73 58 63 51 91 59 90 
66 84 99 62 58 99 73 80 60 75 66 79 92 60 65 98 62 97 63 77 96 85 87 87 68 76 85 69 63 85 83 99 66 84 90 89 57 85 83 90 
93 60 69 57 70 50 96 65 99 75 89 63 65 57 50 70 70 90 92 53 63 93 71 53 87 72 85 86 57 68 72 97 95 98 76 90 50 59 52 92 
69 80 78 79 88 77 58 85 61 92 79 51 99 72 58 65 75 61 95 60 77 56 95 77 52 89 76 93 76 86 73 70 90 88 78 65 68 72 98 63 
72 50 85 84 74 51 60 63 95 55 79 77 53 87 66 59 50 97 81 58 91 87 70 51 69 67 64 90 93 74 95 59 58 75 96 98 81 57 92 62 
82 66 60 79 68 57 65 81 74 80 68 71 79 66 73 53 72 62 97 57 51 98 99 81 90 51 77 93 95 79 52 91 69 67 51 71 86 87 78 84 
99 85 59 81 84 64 50 57 64 82 78 57 76 55 63 56 87 91 95 66 72 69 86 75 52 80 83 81 55 75 75 81 77 85 74 55 86 70 91 66 
65 62 68 54 66 74 83 87 50 56 95 84 96 70 72 64 54 71 96 59 83 90 80 68 79 97 90 51 84 60 65 78 69 87 87 57 67 81 50 56 
74 56 67 85 51 58 86 52 98 93 89 87 83 58 94 99 78 80 93 76 66 67 75 65 50 68 72 96 53 85 79 54 55 52 60 90 95 77 95 80 

91 50 70 89 81 99 81 55 83 87 65 59 73 91 57 75 72 65 74 95 63 70 51 51 87 67 85 78 74 84 98 62 57 74 68 63 80 97 96 62 
99 53 58 94 73 61 75 91 85 64 78 61 95 72 80 75 81 83 54 55 56 74 63 58 94 94 53 64 92 82 62 73 95 61 63 63 88 61 65 71 
81 52 77 52 96 90 60 76 90 66 83 85 51 83 94 76 56 70 68 73 96 80 63 75 96 63 96 67 98 68 51 69 95 68 75 69 64 70 63 98 
93 86 97 63 75 63 93 64 50 57 55 83 55 80 52 87 86 72 94 52 54 86 66 61 54 80 78 69 81 83 63 69 54 87 50 73 78 79 90 88 
56 64 89 80 99 87 67 72 58 84 55 61 63 77 75 54 93 94 71 78 97 90 77 54 60 51 86 55 52 80 73 90 96 97 56 71 74 84 80 80 
72 59 61 98 72 65 90 85 55 68 56 88 85 53 94 55 61 91 61 73 59 62 84 66 82 88 93 85 59 83 90 88 54 96 95 75 73 73 87 78 
55 99 97 55 99 63 69 56 54 71 91 71 51 50 67 95 76 78 83 95 71 52 94 58 57 72 55 89 67 54 95 81 72 61 89 50 59 94 93 63 
58 64 66 86 62 93 64 91 90 66 88 71 63 61 65 76 94 92 86 60 53 86 54 82 88 68 86 78 85 73 69 68 85 51 78 99 97 56 79 96 
80 71 61 89 93 81 61 72 92 55 82 82 86 62 56 66 89 75 79 99 52 79 60 72 68 79 60 88 65 93 88 62 69 82 63 86 94 85 78 96 
68 62 76 92 53 74 58 70 50 61 68 76 57 93 88 70 73 81 66 90 89 53 99 52 74 73 91 89 66 52 82 88 87 75 94 78 83 97 82 58 
65 91 71 87 57 87 55 93 83 84 89 91 97 56 76 84 88 70 94 61 72 64 52 92 91 54 59 60 62 55 67 70 78 93 92 76 91 67 71 78 
91 54 71 95 52 81 53 98 52 94 55 94 91 71 92 69 88 89 62 88 56 66 53 84 84 83 86 60 68 83 88 95 91 76 74 91 92 66 65 52 
85 87 59 87 97 84 69 71 52 63 63 75 76 67 82 57 65 67 71 66 92 65 75 59 94 63 75 78 92 94 69 54 58 68 91 74 75 71 63 74 
65 86 65 67 88 69 62 79 74 77 57 64 96 91 97 53 90 75 96 69 80 56 65 98 98 91 79 91 82 52 87 66 54 70 86 79 50 61 84 97 
72 87 95 89 53 99 64 69 50 78 91 69 86 79 69 78 54 66 91 54 99 66 78 81 99 70 92 61 52 80 89 94 57 54 53 91 59 59 73 78 
68 69 53 52 68 75 54 76 63 79 65 93 83 71 96 50 50 91 51 58 61 71 87 82 80 90 59 65 51 92 56 72 74 57 78 58 93 65 56 88 
87 58 72 73 85 81 75 87 79 60 75 77 60 82 60 83 69 61 95 61 63 72 99 64 76 92 58 52 84 65 82 77 62 76 91 94 58 81 70 64 
76 93 95 56 58 61 51 97 99 91 87 65 87 82 74 68 57 96 76 99 51 98 86 66 50 85 63 83 87 82 74 94 74 96 55 92 59 71 76 77 
99 90 91 59 71 76 86 61 87 51 88 79 86 67 83 76 97 87 96 77 64 64 99 73 83 77 83 91 86 60 85 79 58 87 74 68 79 63 63 58 
92 66 56 67 85 52 93 52 69 69 93 57 68 74 59 56 75 82 94 52 56 99 69 88 68 89 54 57 61 93 89 83 59 93 77 91 89 77 57 92 
90 72 90 50 58 57 69 66 91 52 73 56 90 85 88 51 96 53 70 93 80 93 55 65 94 81 95 99 76 51 71 54 50 53 61 70 57 74 50 91 
93 62 69 96 80 84 83 58 80 73 93 84 98 72 69 74 62 76 66 76 67 53 56 50 54 63 81 83 63 93 68 99 67 55 88 95 82 80 63 94 
69 77 73 74 57 95 92 68 82 74 63 64 89 83 92 72 96 88 97 66 92 53 52 65 51 87 86 96 95 99 66 90 68 83 70 93 53 57 69 80 
80 51 53 86 98 78 98 60 86 69 98 63 84 79 81 70 78 93 63 89 56 95 51 90 53 75 69 55 94 72 84 85 97 66 88 52 60 57 94 97 
76 86 53 75 81 94 67 94 68 56 83 97 74 92 95 88 72 77 89 91 60 88 75 62 52 85 70 57 90 51 50 85 90 92 53 67 85 91 73 87 
72 57 55 80 95 86 76 56 87 88 84 73 80 90 69 52 68 87 95 65 67 67 67 76 60 52 81 53 51 67 58 65 91 84 72 73 56 92 66 71 
64 86 69 72 51 53 80 90 67 70 86 77 92 91 68 62 88 63 97 90 74 86 89 81 52 93 74 76 92 83 72 71 87 63 98 61 58 52 69 83 
75 81 73 53 73 89 99 96 99 80 75 82 88 76 81 81 60 68 64 82 56 76 51 58 86 55 98 90 54 71 57 51 93 89 66 96 81 89 67 92 
77 99 55 92 83 81 88 55 68 89 79 65 53 88 87 94 81 53 93 67 50 77 96 58 71 52 64 87 60 78 69 66 72 84 77 69 67 89 61 99 
87 69 70 63 65 69 70 54 71 61 88 68 71 50 59 85 98 67 67 72 89 65 65 95 67 57 96 96 92 55 64 50 91 72 71 65 92 58 99 57 
75 89 50 94 65 73 50 68 95 54 99 61 81 95 99 56 96 64 54 58 87 97 87 99 53 76 69 86 65 53 66 98 56 92 77 99 72 78 51 81 
53 98 90 83 91 67 62 90 65 98 72 76 84 53 76 66 52 51 60 59 66 94 52 84 67 74 65 95 75 90 59 50 62 88 70 85 94 54 70 54 
89 62 83 83 53 67 52 63 84 90 69 57 59 77 73 61 88 63 59 83 77 67 73 95 79 70 94 88 66 91 56 55 81 73 69 94 58 91 69 51 
93 52 73 55 97 70 51 57 94 90 80 77 61 74 77 59 69 79 50 77 69 78 71 98 54 56 98 67 58 74 56 56 79 66 70 89 89 79 68 91 
74 78 51 99 96 82 92 52 56 73 55 69 61 72 61 87 98 78 79 58 82 69 98 78 77 76 67 64 87 82 83 77 89 54 89 77 98 75 54 67 
58 85 75 73 72 63 83 67 82 85 93 55 78 95 97 50 67 92 76 86 60 99 57 77 53 77 61 71 62 58 91 96 78 91 75 72 81 61 57 57 
55 74 62 89 62 65 92 81 76 87 81 65 69 80 57 64 82 90 57 97 66 77 87 65 96 94 87 76 82 78 54 85 88 76 73 63 61 80 56 93 
82 80 91 70 56 88 70 91 75 59 79 99 61 81 90 80 90 78 74 92 86 81 67 52 91 93 71 63 79 61 70 68 78 65 89 81 70 77 93 96 
59 75 57 92 88 70 82 70 86 80 95 98 53 94 51 91 95 85 99 51 85 62 79 94 95 92 94 99 93 61 93 52 61 97 56 90 81 89 97 77 
54 96 54 71 72 74 96 81 87 82 59 97 73 88 97 75 78 75 69 93 61 85 51 60 77 77 99 94 75 57 78 82 67 74 75 71 56 60 91 92 

81 63 52 61 67 97 98 82 64 54 79 79 78 68 79 79 82 72 50 95 74 88 82 57 99 58 92 65 69 55 88 64 85 64 96 60 55 58 91 75 
65 64 75 65 87 69 88 53 79 88 68 85 89 95 52 94 72 73 53 66 58 96 61 94 51 99 77 58 65 73 97 92 82 90 75 54 58 79 73 93 
59 70 69 79 86 65 86 71 54 98 95 79 92 89 56 85 54 77 57 85 83 94 52 80 77 82 56 56 68 78 56 66 82 62 94 84 91 84 99 99 
97 76 85 51 51 82 85 72 67 74 99 86 53 60 98 65 85 60 71 61 80 95 51 70 87 76 83 95 71 73 67 59 65 57 71 77 92 96 66 94 
86 71 65 98 66 88 72 91 53 77 73 54 90 75 91 99 75 95 50 71 98 55 94 88 85 58 61 75 55 88 67 71 71 72 84 82 80 62 66 72 
57 82 76 86 55 99 54 99 65 85 80 87 55 78 95 58 68 80 99 84 78 75 91 93 68 76 55 74 68 97 54 57 96 61 83 72 59 76 67 70 
72 94 60 71 64 88 65 61 76 69 73 54 81 92 54 66 69 87 82 71 66 66 69 61 95 80 65 94 71 51 72 96 89 85 54 65 94 98 95 82 
85 90 67 90 71 54 51 83 60 61 85 60 66 93 86 66 87 71 50 76 58 82 80 67 78 67 55 73 81 63 94 74 83 58 84 98 50 80 80 71 
63 86 73 56 75 84 79 57 50 62 91 91 64 51 88 62 98 82 54 64 99 91 84 69 60 78 60 63 77 69 66 77 81 58 85 86 80 57 95 54 
99 75 62 51 66 63 79 59 89 61 61 70 61 67 67 55 90 91 95 89 89 87 95 71 60 60 95 78 78 79 56 86 77 81 84 93 62 75 78 92 
88 80 64 65 69 88 74 66 81 95 79 97 70 60 55 95 79 51 52 72 85 69 57 88 51 79 65 69 78 90 81 58 73 67 76 55 81 64 59 96 
91 86 67 77 59 70 63 62 69 87 54 78 53 92 71 87 72 94 91 82 50 69 62 53 69 77 70 95 95 70 60 74 63 84 84 79 98 83 83 67 
77 61 92 81 74 59 75 63 75 84 77 71 51 98 61 82 54 90 92 65 75 59 50 69 60 89 55 73 71 71 59 72 77 61 65 65 92 79 54 93 
68 71 85 94 76 78 76 71 91 78 51 65 92 89 65 75 52 84 67 96 98 70 61 68 58 97 56 62 81 60 61 78 52 61 95 94 58 70 55 59 
60 88 54 51 77 90 52 84 90 99 66 65 57 63 78 68 51 59 94 73 68 85 63 58 96 66 68 80 92 61 65 55 70 55 86 51 54 70 97 95 
59 88 60 65 87 72 58 71 72 69 69 73 55 80 56 90 79 63 51 70 92 72 69 87 71 57 89 60 57 52 86 88 52 54 98 73 72 86 83 76 
71 63 81 70 96 50 83 61 79 54 66 93 81 97 81 80 57 87 88 53 70 52 60 92 90 95 62 62 56 64 51 89 98 96 61 82 96 75 52 94 
93 97 78 52 86 65 80 81 75 90 69 56 68 59 99 82 57 97 74 83 75 57 52 95 92 70 90 83 75 60 70 77 80 86 84 71 68 98 92 58 
73 87 56 79 60 96 92 83 77 55 71 89 60 62 66 99 83 84 66 60 77 76 82 55 70 90 82 78 58 82 66 94 89 94 67 72 92 92 84 90 
97 63 85 83 54 68 74 66 92 86 70 50 50 54 75 72 92 65 58 73 83 55 65 62 61 80 54 53 70 66 72 80 58 95 69 93 82 73 83 52 
78 56 63 65 56 58 60 50 52 98 55 53 83 52 94 98 53 66 79 93 87 87 82 86 95 69 89 72 50 65 50 79 50 61 67 63 97 92 89 98 
57 76 61 53 70 73 56 54 66 61 78 60 73 61 73 86 80 62 50 84 56 52 57 73 73 76 78 56 51 72 64 63 80 58 74 89 92 81 87 61 
82 87 62 70 59 68 93 61 89 80 62 79 53 86 89 56 60 50 55 74 68 69 50 66 69 60 58 73 79 70 94 85 65 96 73 50 97 75 51 99 
59 89 83 73 99 88 57 87 96 51 71 91 66 85 63 82 80 66 61 68 51 96 90 98 72 83 96 61 98 96 56 66 54 60 67 51 78 99 84 92 
56 90 85 62 95 85 77 67 91 54 75 90 98 77 99 61 90 64 68 58 52 74 71 84 98 64 50 50 68 99 50 81 60 87 79 85 75 53 61 51 
94 55 93 71 82 73 76 87 80 58 87 99 70 56 64 85 96 82 60 98 74 91 67 85 67 90 94 68 71 52 75 78 77 73 70 87 68 77 75 91 
87 67 82 66 90 71 95 57 81 79 75 78 80 52 54 63 85 65 99 94 67 71 79 82 78 58 65 84 83 58 87 68 52 71 71 56 57 94 92 90 
50 85 73 88 71 77 95 96 75 63 93 84 75 57 88 85 93 75 95 51 83 54 52 74 72 66 69 87 70 82 90 85 52 66 86 97 74 62 89 98 
95 91 98 85 99 57 91 97 77 74 98 61 66 60 78 64 80 73 96 58 68 89 58 73 51 99 72 81 84 53 98 52 79 70 94 73 73 71 55 70 
86 77 57 91 66 78 73 91 86 91 67 53 61 64 56 72 90 82 58 89 96 57 80 81 81 87 62 68 59 71 70 80 79 60 89 68 79 82 63 54 
66 93 55 74 93 50 54 82 97 69 86 52 84 58 66 52 76 96 64 58 71 72 84 68 86 91 62 68 76 81 95 89 64 60 86 83 84 63 66 83 
61 69 67 69 55 50 64 66 88 90 72 51 54 81 56 72 86 85 59 70 81 82 69 96 94 59 91 98 95 79 94 92 79 96 91 92 77 56 95 84 
54 93 65 70 69 54 53 91 90 53 98 58 87 67 90 60 60 77 50 90 94 87 69 78 93 67 88 56 68 53 82 80 74 65 84 76 80 75 54 88 
83 57 93 63 57 92 74 53 56 69 89 68 52 84 60 52 60 76 78 60 90 99 86 67 66 63 76 64 81 68 51 71 66 52 79 57 79 97 55 85 
85 62 55 81 74 72 99 64 66 84 80 73 94 63 84 84 69 97 64 98 68 66 73 89 63 68 78 80 89 50 66 59 98 68 98 57 58 55 66 84 
54 92 69 64 62 54 73 65 53 95 52 73 91 95 57 93 73 79 76 79 65 61 70 73 90 90 76 85 52 67 68 63 67 78 94 57 65 87 81 75 
98 93 84 85 73 98 52 52 96 60 81 66 59 80 57 56 97 83 60 89 66 80 73 67 82 63 60 60 51 66 53 86 59 63 73 96 77 96 71 54 
75 95 93 67 60 56 60 69 74 91 68 91 64 67 86 57 94 90 89 57 90 72 83 99 95 75 68 88 94 71 75 68 60 67 83 91 60 90 80 51 
92 96 95 63 68 75 63 73 63 55 84 94 58 78 82 73 62 83 92 62 88 54 50 75 77 61 73 92 66 98 91 90 87 81 99 56 54 64 55 82 
51 77 89 73 98 80 61 74 85 59 57 62 66 76 91 56 95 75 71 89 61 56 56 58 99 76 97 94 78 52 53 87 80 67 51 69 62 84 82 80 

88 82 59 60 68 62 51 74 57 79 52 65 59 70 63 90 66 59 82 77 77 55 83 91 90 74 92 99 85 70 60 91 57 79 64 79 57 53 54 79 
50 50 68 89 98 99 89 75 72 57 71 74 68 58 72 80 68 88 81 75 97 60 81 67 74 59 64 93 69 78 53 88 87 98 76 68 64 73 52 66 
83 65 82 93 86 82 57 54 93 58 66 65 63 68 89 54 98 57 94 93 88 81 75 78 82 58 73 63 61 84 61 98 74 81 94 63 60 69 99 62 
78 97 98 83 87 90 76 90 78 68 84 57 73 55 88 55 94 58 71 78 90 52 74 89 59 91 79 73 86 93 99 58 69 78 87 61 76 88 74 90 
85 55 61 90 62 89 69 65 71 89 92 88 74 98 55 58 84 91 65 93 78 80 60 66 73 99 62 94 68 59 56 53 54 62 97 58 97 52 61 66 
88 89 88 96 89 54 73 95 94 89 57 83 63 80 68 81 79 53 95 88 92 94 95 84 73 95 61 94 72 60 73 95 55 73 50 70 76 73 78 83 
74 86 65 65 58 85 87 86 73 84 88 57 58 51 68 88 82 96 80 68 56 59 96 71 94 58 80 79 96 94 63 84 95 76 56 73 78 89 83 61 
86 71 74 73 67 63 72 78 81 93 68 82 99 71 76 75 99 69 72 71 54 72 77 71 68 52 91 93 56 93 52 57 95 70 78 78 53 87 68 96 
52 93 63 65 76 56 94 77 70 69 69 62 83 87 53 80 76 75 74 80 93 50 89 90 65 87 87 64 63 94 68 62 96 58 54 52 59 56 61 58 
52 97 76 55 85 75 94 63 50 74 83 93 62 58 61 79 74 94 99 85 89 71 60 86 87 87 54 55 62 58 67 55 66 92 50 84 75 56 71 78 
70 72 53 52 63 75 65 80 63 83 63 72 51 70 97 64 97 92 52 87 80 80 60 58 64 51 94 84 52 56 82 82 69 50 91 77 66 51 65 78 
92 56 90 59 53 83 53 78 76 53 64 76 68 99 82 88 88 86 91 50 95 58 57 84 73 82 91 88 80 70 73 51 94 98 98 60 84 74 63 94 
81 58 62 50 62 64 96 97 50 75 50 84 90 88 99 84 98 55 95 99 69 62 89 72 72 87 71 54 98 84 68 83 73 59 53 94 53 65 50 90 
73 87 95 91 94 79 68 52 94 51 52 58 51 58 80 97 88 79 69 57 90 61 73 83 78 87 85 91 75 98 94 76 85 79 84 83 51 87 72 78 
98 62 66 69 55 63 62 69 94 83 95 81 62 53 85 60 99 92 77 53 55 82 94 67 73 79 99 92 65 71 86 53 75 54 52 78 93 78 64 96 
72 94 57 94 77 71 73 97 75 64 94 98 73 91 58 99 86 83 55 76 89 67 86 79 82 50 70 51 91 79 77 82 89 52 67 69 82 87 68 62 
89 97 50 58 74 76 83 91 84 57 93 95 74 67 57 78 91 99 52 52 94 92 57 81 67 57 99 95 79 85 72 83 68 50 68 71 85 58 90 63 
77 62 66 63 92 88 97 73 62 81 99 86 71 88 61 57 97 57 91 98 77 86 84 90 86 95 65 53 61 63 54 51 64 91 81 51 92 53 65 57 
93 57 81 86 96 95 85 58 81 51 58 59 89 78 95 53 52 86 99 64 76 89 52 94 87 61 85 76 56 64 77 59 55 60 99 92 97 64 96 75 
69 89 73 90 55 67 81 56 50 73 69 88 88 65 79 57 88 52 63 83 91 76 86 57 60 70 92 93 70 85 63 71 80 78 55 87 77 85 72 69 
71 98 96 95 56 56 99 84 60 97 85 51 56 81 70 96 93 55 90 68 94 73 87 59 63 58 88 75 80 69 90 63 55 68 66 83 98 69 92 52 
88 66 54 70 93 54 77 71 52 52 95 95 52 88 64 75 69 82 61 62 63 64 69 62 90 54 83 67 62 78 51 99 68 89 58 67 63 78 87 85 
65 54 96 74 55 93 74 54 62 98 55 63 97 90 73 98 51 92 85 79 98 69 51 59 55 93 82 79 69 97 72 73 87 74 60 87 97 96 76 87 
89 67 78 74 51 54 81 67 60 52 71 99 95 66 88 82 87 88 79 95 94 67 76 67 82 93 63 50 98 59 51 78 55 73 77 61 62 90 71 93 
59 66 85 90 93 79 73 95 77 52 85 83 76 91 65 65 96 60 85 79 74 98 86 61 76 73 88 80 63 81 94 63 63 75 56 91 82 61 91 72 
98 59 89 77 50 53 51 79 87 51 65 97 75 72 84 96 78 60 52 58 64 58 59 85 72 58 94 54 70 64 65 79 95 55 79 68 59 61 90 53 
83 56 55 73 95 77 72 75 93 74 84 99 56 70 66 94 56 96 83 81 92 86 59 55 98 54 59 85 50 75 98 81 80 93 98 74 99 63 76 54 
71 59 56 53 80 85 87 86 62 68 78 79 92 65 73 77 70 60 78 96 62 58 91 75 95 84 64 63 51 97 83 93 88 95 98 65 53 89 57 67 
77 64 97 57 86 85 93 71 52 50 65 84 64 94 55 61 75 87 55 96 86 84 63 86 55 79 83 95 66 88 79 73 97 76 96 61 56 63 79 68 
81 65 99 97 50 93 50 84 69 87 62 90 86 72 60 76 58 51 72 68 98 98 53 98 63 95 51 94 92 62 88 71 66 78 54 77 98 91 64 76 
66 88 51 75 71 66 53 51 76 94 59 52 71 85 56 73 67 65 59 61 65 64 97 84 96 93 71 80 81 68 92 86 59 96 67 95 75 70 60 86 
66 99 57 73 79 82 54 60 88 70 59 83 89 66 79 54 96 96 80 78 82 63 56 59 53 61 77 93 77 59 57 68 81 99 87 78 91 85 71 69 
77 50 63 51 65 55 85 68 62 59 76 71 61 97 63 98 58 55 58 89 81 78 83 59 59 84 71 69 67 96 64 70 88 53 88 58 76 83 69 83 
75 68 77 55 74 72 92 60 69 83 64 87 88 71 84 87 72 50 87 69 77 51 80 59 78 92 50 55 61 83 53 79 81 85 68 52 56 59 60 58 
91 69 91 96 59 72 90 68 75 96 88 60 74 57 63 64 92 79 56 74 65 79 85 92 90 90 51 95 74 90 88 53 56 72 73 88 83 57 85 58 
93 53 64 98 90 78 55 82 57 86 67 98 98 51 75 61 69 99 66 80 57 66 57 80 88 98 99 90 93 65 74 69 54 54 80 52 58 91 94 98 
67 69 61 88 55 65 83 78 65 52 89 54 76 70 65 58 90 55 87 91 82 70 59 67 96 51 79 92 88 51 76 71 60 59 91 54 82 78 56 95 
81 54 57 80 72 90 65 97 75 89 89 54 60 72 66 80 93 95 50 66 51 56 91 76 66 97 91 73 84 66 98 60 85 52 72 64 62 64 88 69 
87 71 98 57 73 70 86 84 67 68 60 51 94 78 96 80 97 98 73 80 58 95 60 79 78 56 78 72 83 53 66 78 54 72 53 99 72 54 78 80 
92 84 91 76 58 61 61 61 81 95 53 73 64 62 97 64 69 54 76 89 55 77 88 89 50 70 51 60 69 93 55 96 94 65 82 61 72 52 71 63 

66 71 50 62 89 56 55 81 57 79 66 97 65 89 85 58 53 85 86 83 58 55 80 93 55 70 51 96 80 62 78 50 95 50 64 98 93 75 67 59 
77 71 74 84 98 64 55 71 61 60 65 98 70 70 71 70 60 74 78 53 64 72 60 55 79 83 80 99 92 57 63 83 83 50 56 51 59 84 55 80 
99 90 53 77 77 96 92 94 63 75 79 77 82 79 92 55 55 91 97 59 92 73 76 95 76 61 82 55 93 51 50 60 69 75 90 75 99 93 55 84 
53 90 91 85 95 83 75 77 88 57 65 81 82 59 89 92 54 65 60 70 67 89 84 92 55 89 91 54 58 65 97 50 89 98 88 65 71 52 97 90 
54 96 75 65 68 57 92 95 97 85 53 69 91 63 81 76 60 96 82 90 99 84 73 99 89 95 56 73 75 82 78 92 87 79 54 54 75 89 97 63 
95 77 55 69 65 74 57 93 92 79 95 80 71 74 70 77 98 52 89 59 95 60 92 77 85 52 64 51 63 71 98 73 78 51 85 72 65 78 82 98 
79 52 50 76 54 58 78 52 64 64 89 87 99 81 97 83 52 70 54 76 53 85 95 66 54 71 51 89 70 50 99 53 92 72 54 81 82 76 75 98 
69 69 60 87 70 55 71 63 55 51 64 76 52 98 65 75 73 75 63 68 58 76 52 69 89 69 75 88 78 89 68 56 79 66 96 65 64 76 97 87 
87 75 63 51 99 84 71 84 91 68 61 55 81 54 63 56 72 97 73 56 97 84 95 76 61 78 68 99 85 60 50 91 71 64 67 85 64 56 92 79 
82 89 90 91 85 97 74 69 58 97 96 53 85 99 95 66 80 87 55 60 89 98 86 90 51 58 64 83 71 74 67 70 63 87 60 67 67 63 59 88 
96 62 94 57 57 64 75 69 90 65 61 74 83 89 76 69 69 94 81 69 51 91 69 99 86 65 92 61 60 85 89 55 94 93 68 79 54 58 92 52 
52 90 96 98 81 50 81 54 96 83 72 83 95 57 56 70 83 88 65 66 91 82 93 81 85 86 94 57 68 89 85 82 97 68 81 93 70 54 73 59 
68 84 94 54 93 83 55 55 61 90 96 71 99 65 63 95 95 88 77 69 71 60 99 90 86 54 97 90 50 60 92 87 94 83 74 86 65 72 93 59 
88 82 89 68 95 88 57 55 87 68 73 60 78 65 72 71 84 91 52 87 92 80 57 54 65 60 63 75 74 79 72 74 68 53 72 99 93 78 84 53 
74 65 94 50 88 66 73 69 59 87 76 75 83 86 73 56 81 68 71 66 55 88 60 92 63 69 91 90 69 53 50 82 54 70 59 94 69 63 70 56 
76 82 88 80 87 92 77 87 61 84 82 57 97 92 62 61 84 99 61 56 58 70 65 82 80 89 69 97 94 85 93 71 65 51 92 99 95 50 93 59 
91 76 70 60 80 82 50 96 68 96 81 82 74 57 89 51 98 77 93 59 63 89 60 64 67 86 58 83 92 82 63 59 69 84 75 62 85 61 54 61 
85 99 68 80 93 63 54 64 83 70 56 89 87 55 61 57 50 61 92 69 96 89 88 62 63 84 55 71 57 98 78 93 68 97 63 71 86 93 71 61 
59 53 83 66 90 54 86 54 86 69 78 61 81 50 71 69 77 52 70 94 80 71 94 50 73 95 98 97 57 96 71 77 68 57 76 89 51 66 73 69 
51 56 84 89 95 56 64 73 65 68 97 52 69 69 90 71 84 73 50 71 68 53 70 63 71 50 70 85 50 90 93 74 56 68 75 95 79 93 77 79 
71 97 65 89 51 78 55 81 65 57 66 74 63 57 74 79 93 55 98 64 64 92 66 64 51 87 51 90 51 81 80 63 68 53 68 98 52 71 72 90 
60 81 70 89 80 88 84 99 63 56 51 74 66 72 98 87 57 56 88 79 68 81 53 72 96 62 97 66 55 53 83 92 88 87 86 73 67 91 82 90 
86 94 83 93 63 58 65 94 75 64 91 56 96 81 84 84 83 71 68 92 78 85 94 97 96 83 92 64 91 92 53 54 84 64 58 59 56 93 85 62 
56 99 71 83 80 52 97 62 72 72 70 64 62 86 57 94 64 96 99 69 77 57 93 64 89 90 86 53 86 77 74 93 96 68 82 97 92 82 71 66 
70 89 87 52 54 80 89 81 60 71 66 99 57 70 84 91 82 91 85 77 60 86 90 78 58 51 95 74 69 89 60 51 93 77 60 59 56 89 65 79 
50 64 96 54 93 94 58 95 83 74 82 80 66 75 66 79 56 83 94 86 68 77 69 62 63 96 79 94 89 53 86 78 54 52 89 67 90 98 53 71 
82 72 97 86 83 53 95 51 63 96 84 50 62 73 68 94 85 64 56 96 63 78 71 67 65 74 93 68 99 97 54 91 54 94 55 92 59 65 77 87 
66 90 61 69 94 89 66 74 72 53 76 94 66 91 77 87 72 57 66 87 87 77 57 50 99 90 99 51 67 76 89 72 61 87 63 53 58 50 87 86 
50 89 86 56 57 93 59 67 54 74 85 89 98 94 75 59 83 53 57 76 53 64 65 79 50 51 90 95 52 60 77 76 84 60 85 67 58 91 92 64 
98 65 58 78 60 85 94 62 73 68 66 69 85 76 83 64 64 63 69 56 67 59 66 74 63 71 66 86 61 95 51 65 51 86 58 73 70 55 74 78 
66 63 87 69 61 94 57 54 97 92 77 78 65 91 70 52 92 91 64 91 92 86 56 77 57 62 55 71 58 77 53 98 50 52 72 88 86 92 72 51 
78 62 83 56 83 93 93 89 72 75 57 55 79 98 64 71 72 72 97 74 52 76 90 67 75 73 51 86 85 69 86 71 76 70 64 64 96 84 93 85 
74 63 96 66 59 80 75 56 54 80 50 69 98 93 56 94 64 69 88 58 76 54 60 99 93 74 80 58 66 88 59 75 77 81 70 92 51 80 68 72 
88 72 97 74 96 89 59 61 70 73 82 81 85 69 95 52 69 77 61 64 88 80 64 79 98 65 54 62 90 89 54 96 53 57 63 83 74 58 99 72 
72 57 62 74 78 74 95 75 77 58 85 52 78 89 50 85 93 70 72 71 72 70 75 81 97 81 59 63 80 66 96 53 64 87 64 61 96 63 90 93 
75 54 60 71 52 79 56 91 87 60 83 73 75 89 64 81 69 54 94 68 96 82 55 96 94 77 86 94 73 55 88 84 91 77 97 56 87 68 74 67 
98 53 85 60 54 50 84 95 89 85 96 89 85 99 57 60 90 66 74 64 95 74 93 62 59 65 59 51 62 50 71 54 93 80 75 95 77 66 60 76 
52 64 64 90 63 96 75 83 90 75 80 98 92 50 77 92 97 55 81 84 81 67 93 95 66 61 52 81 61 55 70 92 53 90 65 52 95 70 70 53 
78 67 56 71 59 66 90 78 74 99 71 51 55 90 50 89 71 50 71 77 81 91 66 78 89 92 60 53 92 89 52 97 77 69 61 59 66 71 63 84 
58 66 99 75 72 98 87 58 89 78 54 89 91 62 85 98 61 95 98 60 86 77 51 51 87 92 53 60 85 69 71 96 70 73 78 80 88 71 92 89 

86 87 56 56 64 63 78 97 60 69 76 57 88 89 87 67 74 71 81 56 72 73 91 64 74 74 78 72 56 95 65 87 91 73 61 55 72 85 92 55 
62 97 74 69 91 79 52 56 55 66 50 76 78 90 83 65 57 70 97 96 97 60 99 75 98 72 81 94 75 67 58 94 51 88 52 86 57 67 73 50 
90 79 79 78 91 61 60 58 66 84 87 61 63 91 71 97 97 67 74 83 60 92 76 88 88 76 66 68 55 62 60 57 63 86 81 80 71 92 89 60 
50 78 52 51 94 69 59 71 78 97 56 77 88 72 84 50 65 57 77 52 62 52 81 84 74 68 73 87 98 91 81 50 87 74 87 94 89 61 88 86 
93 58 51 64 56 57 50 57 94 94 88 62 92 98 99 79 92 76 73 79 78 64 74 97 75 53 56 59 77 70 99 52 85 71 96 96 55 82 74 60 
85 84 76 71 81 54 90 88 66 81 89 52 94 69 92 51 82 76 52 51 93 71 81 85 93 70 81 63 94 88 67 77 74 67 86 67 66 98 97 53 
77 85 82 93 66 68 75 66 51 89 51 63 78 76 80 60 70 73 84 82 64 53 59 59 52 75 87 88 77 70 99 71 67 64 82 55 98 58 96 82 
88 67 69 69 70 64 70 63 56 96 62 74 65 73 53 59 77 98 94 99 92 67 76 91 71 85 99 84 93 91 82 65 78 94 75 94 55 73 96 78 
51 58 78 94 59 77 65 69 90 74 67 88 60 52 66 77 82 67 99 88 81 74 90 73 74 70 71 95 69 51 76 92 91 51 69 90 88 72 72 80 
71 86 81 96 67 92 95 76 54 82 74 99 91 70 54 70 54 73 91 97 81 74 89 69 69 75 58 64 62 97 99 86 53 56 61 70 75 70 50 74 
80 64 79 79 87 64 50 79 73 96 53 55 80 72 88 85 74 79 56 73 81 85 74 53 51 66 85 55 77 91 89 83 62 89 83 65 76 74 94 81 
53 54 76 65 80 54 69 88 87 84 64 87 97 76 69 91 82 62 55 60 94 75 64 77 50 71 96 57 56 50 50 76 52 74 51 62 66 64 80 80 
62 58 59 59 57 67 92 50 82 75 57 94 64 78 62 94 53 51 75 97 82 69 65 63 96 56 70 88 88 97 60 71 99 98 61 60 81 90 98 69 
57 70 89 99 65 83 60 60 61 56 58 99 64 96 69 97 72 86 65 59 81 95 98 83 63 55 97 56 92 67 66 54 51 50 89 67 81 81 76 58 
65 61 51 92 54 98 62 69 96 62 56 65 68 94 54 77 75 74 73 67 69 53 86 83 59 99 86 87 65 61 58 57 68 70 72 97 94 76 72 53 
91 92 54 79 97 70 98 64 77 82 88 56 85 91 64 75 94 88 66 85 61 76 84 70 94 60 50 70 95 84 92 54 89 89 85 54 90 69 96 88 
56 66 80 54 97 60 66 64 90 52 97 91 58 50 50 70 79 96 65 87 81 51 95 84 86 84 59 68 66 59 51 71 72 83 96 66 79 99 52 59 
82 50 59 98 57 97 84 89 95 75 53 62 58 54 94 83 60 80 87 64 64 66 51 71 98 51 68 89 82 98 98 64 79 91 64 80 53 56 97 62 
72 78 98 60 74 58 59 83 59 63 75 99 51 74 53 54 62 74 54 56 53 84 55 50 50 81 53 76 81 69 68 92 92 58 58 72 91 63 82 86 
60 65 64 83 81 82 62 60 76 66 78 59 69 79 69 82 98 64 98 79 76 78 57 65 71 51 52 61 76 75 69 69 52 98 97 52 90 73 75 73 
85 63 90 58 57 60 70 50 74 55 95 64 89 77 89 56 98 89 84 60 51 90 72 89 92 99 55 90 74 64 78 84 89 86 79 89 50 57 99 91 
58 60 72 50 96 96 72 88 78 98 83 76 87 58 54 87 71 99 58 98 75 76 92 94 54 73 82 73 90 54 54 94 95 92 54 73 90 80 88 75 
86 53 86 67 66 83 85 66 93 76 68 65 63 67 67 76 59 76 62 77 76 98 89 89 75 71 80 96 76 63 60 50 73 51 74 76 86 90 68 87 
95 98 78 93 60 83 79 95 82 76 87 74 84 62 85 84 61 58 63 73 78 79 91 79 65 51 75 97 55 81 92 65 81 68 84 91 99 97 74 87 
96 72 94 77 94 59 56 65 79 98 75 88 64 51 78 77 57 65 62 55 63 95 76 99 70 52 93 56 56 95 66 91 50 50 57 82 52 68 94 85 
60 77 80 79 95 65 78 61 92 52 96 88 77 83 90 56 59 80 87 67 68 56 64 99 96 61 98 74 64 72 91 72 92 53 55 73 65 74 82 56 
51 76 77 65 65 69 76 63 68 76 81 60 79 95 64 95 80 78 73 74 65 85 78 78 95 86 54 50 63 84 62 55 87 62 95 59 99 85 58 83 
78 86 87 53 70 94 83 93 75 71 54 81 55 99 66 94 96 77 79 62 63 55 91 60 87 59 76 61 77 91 87 58 55 64 71 65 60 59 56 63 
53 57 57 54 94 58 53 85 95 58 71 65 80 77 99 84 50 98 52 56 70 97 61 73 57 56 87 87 54 58 65 85 97 83 60 89 92 53 81 77 
81 52 76 58 63 77 99 91 53 67 95 64 91 86 83 74 99 89 91 79 72 55 85 85 86 91 63 64 71 72 74 79 68 60 91 54 81 54 52 65 
93 71 68 57 62 65 61 99 97 58 67 96 76 59 63 50 73 61 97 64 75 96 95 61 90 99 59 97 80 52 53 85 95 55 80 67 56 94 52 88 
65 85 82 66 95 71 92 62 88 86 89 77 92 71 50 59 64 56 57 56 58 88 78 64 82 97 81 94 89 81 70 87 69 66 87 65 93 75 92 69 
60 66 75 71 97 81 84 63 74 73 93 91 88 68 72 57 73 96 61 58 75 57 60 51 73 52 65 77 71 89 65 85 79 98 51 51 75 99 52 99 
81 99 91 58 65 67 94 80 53 90 67 67 59 57 85 77 77 71 54 63 92 83 97 52 50 71 70 76 72 64 84 63 99 86 76 55 89 53 67 72 
70 56 86 78 59 56 82 98 60 69 54 54 91 58 76 63 90 81 78 73 87 75 87 62 98 85 58 50 64 84 59 66 85 64 53 54 99 75 52 57 
76 63 55 74 60 70 56 94 86 76 79 81 63 67 80 91 97 77 83 68 57 87 71 99 87 58 75 69 90 91 53 78 60 54 59 80 65 85 65 52 
67 83 51 83 60 86 56 50 55 66 98 74 52 81 84 80 75 86 62 67 83 90 76 70 96 85 58 54 91 82 51 90 91 80 83 77 87 53 65 86 
84 84 60 65 66 64 51 55 69 55 50 95 93 59 79 86 55 55 94 70 53 56 85 91 87 98 96 70 81 55 64 71 54 58 99 87 67 86 85 52 
58 72 91 64 79 90 85 88 91 97 52 67 58 67 87 69 54 80 83 84 80 64 63 53 95 67 70 87 73 65 68 59 69 60 94 80 89 83 61 56 
60 70 53 66 65 96 80 98 95 56 86 64 55 99 98 58 69 60 80 85 70 89 70 72 88 81 68 72 52 65 73 81 74 93 95 76 74 79 53 84 

70 74 90 64 93 59 57 67 81 50 59 63 97 73 82 63 98 98 67 98 80 90 93 59 71 76 89 71 78 66 74 95 50 50 82 56 95 63 96 63 
91 91 56 92 64 74 72 51 84 61 53 77 61 50 67 84 67 65 61 51 69 50 77 65 59 84 68 51 71 99 63 96 86 78 58 58 81 53 74 71 
68 52 63 90 57 82 81 68 84 97 71 77 94 71 73 79 79 56 72 81 67 73 57 70 74 52 68 97 87 56 68 80 61 81 92 68 57 87 64 59 
68 82 81 64 53 74 56 65 65 54 58 56 75 90 84 66 60 62 68 59 75 60 65 81 99 73 65 67 88 99 51 87 73 64 65 92 86 64 83 56 
62 72 58 69 64 93 56 51 87 90 54 74 68 57 62 90 75 93 94 54 75 90 73 67 66 97 89 54 66 99 95 82 69 89 93 81 93 58 80 51 
73 97 55 83 56 96 60 70 54 77 85 81 61 50 53 82 70 60 94 69 50 70 63 75 61 60 81 81 54 96 93 88 66 81 95 99 68 52 67 60 
61 76 78 56 71 98 92 78 85 96 53 97 72 62 53 96 95 90 50 92 93 74 78 73 67 70 88 82 93 56 61 69 72 89 71 88 55 87 53 98 
84 72 76 99 77 56 68 65 75 71 59 51 85 65 55 92 75 74 93 57 54 87 76 58 70 70 99 70 84 58 61 94 97 55 57 84 76 54 78 61 
54 75 54 92 90 77 56 53 88 77 58 69 55 88 89 90 64 64 80 94 71 59 68 87 70 78 79 62 71 97 85 85 59 63 58 60 88 53 79 61 
99 80 78 85 97 74 52 71 85 83 50 50 84 63 81 54 77 96 63 55 93 78 99 99 78 97 91 68 67 77 61 58 65 69 67 68 53 93 63 60 
85 60 54 51 79 87 64 65 75 98 64 92 55 81 99 68 76 90 90 58 96 78 66 56 77 61 83 66 64 92 54 54 68 71 73 58 59 60 88 75 
56 51 67 59 60 88 90 89 58 54 97 95 98 86 61 68 54 57 86 66 81 80 88 61 84 57 85 52 65 70 52 69 74 70 74 90 63 68 53 89 
75 50 66 62 82 78 99 74 64 79 72 51 68 87 94 87 90 94 51 89 53 97 72 56 91 88 74 57 51 57 94 60 54 72 93 90 86 60 97 63 
66 52 98 85 99 78 79 86 77 67 72 99 74 60 79 53 95 68 75 93 71 70 81 75 95 50 94 73 87 84 94 65 74 89 84 71 54 63 58 90 
65 60 93 72 84 85 78 75 89 73 82 94 91 64 64 68 75 64 96 53 81 56 59 56 95 84 52 66 54 86 57 60 53 57 71 84 79 60 72 94 
65 69 96 56 62 98 97 72 59 92 89 91 82 61 75 68 65 55 95 80 60 83 67 67 86 74 72 90 56 60 71 97 68 90 70 82 80 99 54 93 
82 64 57 69 78 78 54 67 74 52 98 64 50 89 91 76 85 82 72 76 74 74 85 91 96 75 56 76 71 98 55 80 85 71 79 56 77 70 64 80 
87 58 92 79 98 89 65 90 92 77 70 71 87 91 95 85 80 80 72 50 91 55 60 62 89 74 98 61 94 77 62 84 70 64 89 80 58 90 55 60 
65 64 58 77 85 76 74 90 83 53 80 92 61 57 63 51 52 66 58 62 56 59 69 53 93 60 94 91 76 71 91 96 61 69 88 55 96 66 73 75 
91 69 50 92 50 50 63 53 93 71 75 73 73 73 63 59 96 95 93 59 80 55 66 97 89 87 58 51 87 80 56 79 87 82 58 63 80 78 84 55 
94 92 89 52 62 75 59 96 77 60 55 50 51 82 69 83 60 55 88 76 52 94 70 80 76 50 54 95 76 91 81 91 94 80 84 73 76 70 54 94 
53 50 84 74 50 51 64 66 82 99 76 53 55 97 70 70 71 60 64 87 83 69 87 64 68 82 60 91 79 58 79 98 96 82 88 98 65 77 99 76 
97 82 84 72 51 57 67 85 85 85 67 95 63 76 51 97 87 61 85 92 93 82 53 91 64 82 77 85 93 66 58 86 68 92 97 81 87 88 92 65 
61 66 93 90 91 82 95 54 64 57 55 74 86 82 95 77 81 61 88 52 72 51 71 83 64 94 72 54 52 84 59 55 54 61 81 85 65 75 87 88 
60 76 52 67 98 94 98 92 71 70 71 55 91 72 74 69 54 65 94 83 59 87 52 74 57 65 62 76 89 90 62 91 68 62 55 53 93 57 55 68 
63 85 57 74 88 62 73 87 84 86 68 64 78 85 74 79 50 91 79 72 86 95 61 99 87 70 86 56 50 60 88 57 80 85 95 87 71 87 88 54 
73 93 87 53 78 61 60 81 86 59 91 76 53 71 78 74 56 85 81 97 93 57 75 58 91 68 61 82 76 75 69 88 52 77 55 59 94 86 57 59 
68 58 95 54 65 90 59 86 93 80 54 51 54 78 96 85 98 93 98 84 62 64 98 61 85 79 52 52 82 83 54 66 97 50 85 87 60 95 99 80 
74 76 57 63 84 89 94 70 88 77 93 90 52 80 58 88 95 78 97 60 55 81 97 60 63 50 55 74 73 89 82 58 70 67 99 53 90 52 64 63 
79 78 56 97 70 69 87 66 95 61 62 72 72 73 62 50 81 66 50 71 65 52 61 80 84 53 93 72 97 83 59 51 75 56 87 75 95 92 63 96 
62 58 56 52 55 86 67 91 77 91 85 85 94 59 63 76 93 90 98 59 59 55 76 96 75 93 52 58 76 78 69 86 65 75 70 68 66 86 57 75 
80 58 72 79 63 53 99 51 55 84 74 85 52 87 59 70 87 53 89 75 59 64 89 71 68 71 91 74 61 80 89 78 53 81 63 65 69 86 94 52 
54 94 91 64 97 94 83 55 70 87 57 63 59 95 72 90 90 80 78 60 61 65 61 97 85 62 92 63 96 92 55 54 96 75 74 79 79 56 88 81 
99 77 58 90 72 53 97 77 75 63 99 76 74 76 50 68 63 72 95 77 61 90 96 55 99 54 92 68 87 97 88 67 87 57 52 72 94 84 69 69 
51 55 81 57 99 66 83 63 86 96 98 57 94 52 55 94 68 58 58 94 98 82 84 87 50 74 53 55 99 57 87 69 96 85 65 94 74 88 64 82 
71 69 97 59 83 54 66 74 81 61 92 88 95 97 74 50 53 61 83 86 93 60 75 53 93 54 95 89 80 81 91 98 50 98 52 67 78 75 91 76 
98 87 71 88 67 98 51 88 95 54 75 86 85 58 87 90 78 74 57 71 61 75 58 71 77 99 79 77 69 82 86 59 71 62 99 63 99 55 66 72 
51 60 96 87 80 88 62 54 72 65 75 81 76 82 91 88 90 75 59 57 58 79 78 77 53 61 83 76 92 75 82 69 73 52 60 97 56 72 73 67 
56 54 71 72 76 89 57 63 55 69 60 51 98 52 94 65 76 86 62 75 89 75 83 60 63 99 99 92 92 54 87 90 78 88 82 86 94 87 52 64 
86 91 59 62 55 79 80 89 89 54 55 51 69 79 81 71 59 71 62 95 82 79 60 94 51 62 60 50 52 77 64 62 99 85 96 66 85 86 97 98 

