0,101,81,94,182,118,141,29,222,85,182,44,54,161,139,149,115,77,203,202,154,89,122,222,98,266,192,258,92,267,142,34,188,34,180,138,214,112,63,30,272,269,82,18,215,261,45,31,209,269,177,0
0,11,11,8,4,14,3,9,19,12,13,18,12,14,9,11,14,14,4,9,11,9,6,12,3,15,18,8,15,8,5,19,17,15,15,2,12,19,6,3,5,5,10,14,16,19,9,16,13,13,2,0
0,372,415,362,431,422,375,291,478,322,420,288,370,507,467,512,367,410,443,447,472,362,341,510,387,596,453,553,371,582,462,272,407,304,454,344,513,393,412,285,596,514,405,302,554,505,340,267,426,603,457,603
0,376,419,365,433,427,376,294,484,326,424,294,374,512,470,516,372,415,445,450,476,365,343,514,388,601,459,556,376,585,464,278,413,309,459,345,517,399,414,286,598,516,408,307,559,511,343,272,430,607,458,607
0,10,18,6,15,11,19,15,6,4,6,20,16,7,12,13,7,18,3,13,13,5,5,10,12,4,5,19,16,4,5,3,3,11,6,12,16,20,10,9,17,6,7,15,13,20,9,20,8,13,18,0
0,2.5,4.5,2,7.5,2.2,19,5,1,1,1.5,3.3333,4,1.4,4,3.25,1.4,3.6,1.5,4.3333,3.25,1.6667,2.5,2.5,12,0.8,0.83333,6.3333,3.2,1.3333,2.5,0.5,0.5,2.2,1.2,12,4,3.3333,5,9,8.5,3,2.3333,3,2.6,3.3333,3,4,2,3.25,18,0
0,8,6,6,4,2,8,6,2,6,9,5,10,3,5,5,9,8,10,6,9,8,4,3,8,8,4,5,5,2,7,5,10,7,5,4,3,3,10,6,9,6,10,2,8,5,9,3,10,3,4,0
0,0,4,7,5,5,2,2,3,7,3,4,7,5,10,10,6,6,4,9,4,9,3,6,5,7,8,3,2,4,3,10,8,3,3,6,3,6,2,9,7,4,10,9,4,10,10,10,4,2,5,0
0,3,0,7,6,8,2,9,9,8,3,3,8,6,10,8,9,7,2,10,3,7,2,4,9,5,3,7,6,6,8,8,10,9,4,3,6,5,5,4,2,10,9,4,9,7,2,8,5,10,8,0
0,2,8,0,8,7,8,7,2,9,6,5,4,10,2,8,6,2,4,6,4,7,3,6,10,9,5,8,2,7,9,2,6,7,7,4,10,8,7,10,7,7,7,8,8,2,4,3,5,3,2,0
0,4,3,7,0,7,10,3,2,8,3,6,5,3,8,4,2,10,7,2,10,7,3,3,8,2,2,2,7,9,10,9,10,6,8,8,3,5,3,7,10,8,2,2,3,9,10,3,9,4,6,0
0,2,6,10,9,0,7,2,7,6,4,5,8,3,7,9,6,8,8,10,2,2,10,7,9,4,2,4,9,10,5,2,5,5,10,8,6,7,8,3,5,7,10,8,2,4,6,4,9,4,8,0
0,7,2,9,7,6,0,6,7,5,4,8,5,10,3,7,6,5,3,10,6,2,10,4,10,4,5,6,4,3,4,6,4,2,4,5,9,4,8,10,3,5,3,2,9,4,4,8,9,3,10,0
0,3,7,8,7,6,5,0,3,3,6,8,5,4,9,9,6,4,3,2,9,8,2,4,3,6,7,5,5,10,3,7,8,3,2,6,4,5,7,2,5,8,7,9,8,7,7,10,9,7,3,0
0,7,8,8,8,8,7,2,0,4,10,2,4,5,5,9,5,8,5,10,6,8,7,7,4,8,5,7,2,6,6,10,10,2,8,10,4,7,4,2,9,8,8,8,7,9,5,3,4,9,2,0
0,9,9,8,8,9,8,4,8,0,2,9,5,3,9,7,7,4,10,7,5,5,4,6,7,2,4,10,2,6,3,6,6,5,7,10,3,8,9,7,7,7,6,6,4,7,5,2,3,7,10,0
0,4,10,6,7,7,7,9,7,8,0,7,5,7,9,3,6,10,6,7,8,5,3,10,7,7,8,7,4,5,6,6,4,10,7,7,2,7,7,6,8,6,7,2,7,9,2,4,7,5,9,0
0,9,3,7,10,9,7,6,5,9,10,0,9,2,9,2,8,2,2,9,8,3,10,9,5,4,4,7,7,8,5,6,7,9,10,8,3,3,9,8,6,6,6,6,8,6,9,9,6,9,5,0
0,5,9,5,3,10,2,7,2,8,8,6,0,2,7,9,7,9,8,2,9,9,7,6,9,10,7,4,3,2,5,5,9,10,3,10,7,8,9,6,2,10,2,8,10,4,3,7,6,4,5,0
0,2,2,9,4,3,10,4,5,6,6,5,7,0,3,7,8,6,3,7,4,6,9,8,5,4,10,5,6,3,2,8,10,7,9,7,8,8,7,4,8,6,10,6,9,2,10,6,9,5,2,0
0,4,4,6,6,3,3,9,4,6,4,6,5,4,0,2,9,10,5,6,5,3,2,10,5,4,5,8,4,9,4,5,3,9,4,4,8,5,3,3,2,4,4,9,10,3,8,8,8,2,5,0
0,5,5,8,5,7,2,6,4,6,10,7,9,4,9,0,3,7,5,5,2,8,3,3,2,7,10,4,6,3,5,5,9,9,2,8,10,9,9,8,2,9,7,4,8,10,3,3,6,5,3,0
0,6,7,9,5,5,4,3,10,8,5,7,9,5,7,10,0,9,8,10,8,2,8,5,2,9,10,10,10,4,7,8,2,2,10,2,5,8,8,5,10,10,2,9,10,8,5,8,3,3,3,0
0,9,7,10,2,10,5,2,4,4,4,7,6,2,7,4,8,0,9,10,10,3,8,9,7,6,9,7,2,8,5,7,10,3,5,3,7,9,3,9,6,9,7,7,3,10,8,9,10,3,8,0
0,4,5,7,3,7,5,9,2,5,5,6,10,2,3,5,6,8,0,10,5,8,9,2,5,8,3,3,6,6,9,2,10,8,10,10,8,3,7,9,3,5,4,9,10,2,2,10,3,3,9,0
0,2,6,7,10,5,8,8,5,7,8,8,10,7,2,9,7,9,7,0,7,5,8,4,3,8,3,6,3,9,8,8,2,5,6,10,3,10,7,7,8,10,2,8,3,6,5,6,9,2,4,0
0,7,5,2,4,6,5,10,9,9,9,9,6,7,3,9,4,5,3,9,0,5,9,3,2,6,6,8,6,10,10,5,9,10,7,6,8,7,8,7,2,3,5,9,4,4,4,7,10,10,8,0
0,2,4,7,3,3,5,8,3,8,7,8,3,3,7,7,10,3,10,7,9,0,5,7,10,4,6,4,9,4,7,6,2,3,9,5,3,7,5,9,8,10,4,10,5,6,8,9,10,5,8,0
0,5,6,8,6,10,6,4,2,7,7,10,9,5,2,6,5,10,10,4,5,10,0,6,6,10,4,5,2,10,2,8,2,9,2,2,10,2,4,2,10,4,2,8,5,8,7,4,8,5,8,0
0,9,9,5,2,5,3,6,10,10,4,9,6,6,6,4,3,2,3,5,8,10,6,0,4,3,9,4,9,9,6,3,2,6,9,10,4,6,4,3,7,3,10,8,9,9,7,5,3,6,4,0
0,9,3,8,10,4,9,5,7,4,9,2,5,3,6,9,9,8,3,9,3,2,7,9,0,6,4,6,3,5,2,10,10,2,10,9,2,2,9,5,10,2,9,7,2,4,7,9,4,10,5,0
0,10,4,6,3,10,10,4,3,6,10,2,3,6,9,8,5,2,8,5,4,7,9,9,3,0,2,9,8,3,5,9,2,9,10,4,2,2,10,2,9,8,6,5,8,2,5,2,9,5,10,0
0,2,2,2,5,3,8,8,4,4,3,2,10,9,5,2,5,7,5,5,6,7,7,7,8,8,0,5,3,3,9,10,4,3,5,5,6,6,3,7,2,5,2,3,6,2,10,6,2,10,2,0
0,3,6,4,8,10,10,10,7,8,9,2,2,8,10,5,8,2,7,4,3,3,3,6,8,10,2,0,10,9,9,2,2,10,8,7,4,10,3,4,10,6,2,10,7,4,3,3,5,2,5,0
0,2,8,8,10,7,2,2,8,4,4,3,5,10,5,10,4,6,4,3,4,9,10,10,8,6,2,6,0,2,7,7,10,7,10,10,4,8,6,9,5,7,7,3,6,10,2,3,5,7,2,0
0,7,6,2,3,9,9,4,8,6,6,8,10,10,8,4,8,7,4,2,2,5,8,6,4,10,2,7,10,0,4,3,4,5,4,2,4,7,4,5,8,9,10,5,5,4,6,10,9,3,4,0
0,6,10,10,7,7,3,3,6,2,9,7,7,7,6,10,4,6,8,4,9,10,3,4,9,4,6,2,9,4,0,4,10,5,6,10,5,5,7,4,10,5,2,7,2,5,8,8,7,6,7,0
0,2,5,8,9,6,7,6,5,9,5,9,8,2,8,10,2,6,9,10,6,5,8,2,10,6,8,10,9,8,10,0,9,8,6,7,3,6,2,10,5,4,2,6,9,9,6,3,4,4,8,0
0,5,10,2,2,9,3,6,8,3,5,6,9,6,8,9,9,2,10,5,10,8,6,9,3,10,2,8,2,6,2,5,0,6,2,3,4,10,3,3,6,2,8,8,2,3,5,2,9,4,6,0
0,9,3,10,10,6,3,10,5,7,2,8,6,5,9,9,8,7,9,6,2,4,2,8,6,7,2,7,7,5,6,2,7,0,7,5,3,10,10,3,10,9,10,5,10,8,6,10,2,4,6,0
0,3,10,8,4,5,2,6,4,3,9,3,2,4,10,10,2,3,4,5,4,6,7,7,6,4,10,9,9,7,3,8,7,4,0,3,2,7,8,7,6,4,9,10,8,10,6,7,5,10,2,0
0,9,5,3,2,10,2,10,8,9,3,4,4,2,8,9,3,6,7,8,9,2,8,5,6,4,7,2,7,10,5,9,10,3,2,0,9,8,5,2,6,4,3,7,4,4,7,7,4,10,3,0
0,5,3,2,4,9,3,4,9,8,5,10,5,2,3,6,5,10,8,7,3,7,7,10,6,9,8,7,4,3,3,2,9,6,8,8,0,6,9,7,8,6,8,8,2,4,8,4,7,9,10,0
0,2,4,9,7,8,10,9,9,10,8,2,6,8,4,5,4,2,5,10,6,6,9,6,6,6,9,10,6,10,3,5,3,9,10,3,8,0,9,6,6,2,9,8,6,4,10,2,2,9,7,0
0,9,3,9,4,2,2,5,3,9,10,2,5,6,6,7,8,9,3,6,8,7,8,7,9,7,6,3,4,9,6,8,10,3,10,7,2,3,0,10,6,9,6,9,8,3,4,7,4,9,5,0
0,2,10,7,8,10,7,4,2,6,3,3,2,2,8,9,2,4,4,3,6,5,9,3,8,2,7,10,9,4,2,2,10,8,8,4,4,5,6,0,2,6,10,4,5,9,8,10,8,8,3,0
0,4,9,9,7,5,5,10,3,9,3,5,9,2,9,8,8,10,8,6,2,4,5,10,9,7,5,7,6,10,10,6,8,10,8,8,8,5,6,7,0,3,9,8,7,4,10,8,4,6,8,0
0,6,2,4,9,6,7,8,2,4,4,4,7,5,7,4,7,10,5,9,2,6,4,3,6,5,6,7,6,3,10,2,6,5,5,9,3,8,9,2,8,0,7,6,2,5,7,10,3,4,5,0
0,5,10,6,6,6,7,2,8,3,7,3,9,5,3,10,3,9,10,5,7,8,10,4,10,5,4,10,5,6,4,10,5,8,8,3,3,3,4,8,6,6,0,5,7,7,6,10,6,8,8,0
0,5,7,6,10,3,2,9,2,2,10,4,9,8,9,7,3,2,3,9,4,3,7,6,5,5,2,4,5,4,6,8,3,7,4,10,2,7,7,5,9,7,9,0,4,8,7,8,7,2,6,0
0,10,9,5,4,3,3,8,4,3,4,3,5,2,3,7,9,3,5,10,8,3,9,4,8,2,4,10,3,4,7,8,3,3,8,9,8,3,10,7,3,9,3,7,0,4,8,6,10,7,10,0
0,4,8,2,2,3,2,2,8,9,10,2,9,6,8,5,7,7,3,3,10,10,3,3,8,6,6,2,8,2,3,6,2,6,6,8,4,9,6,6,4,6,10,5,10,0,5,6,3,5,4,0
0,7,9,6,8,8,7,7,3,2,5,4,9,8,7,7,9,7,3,7,7,9,10,4,7,10,6,9,7,8,7,3,5,8,7,7,3,5,9,9,2,3,10,10,7,4,0,8,6,6,2,0
0,9,3,8,10,2,5,5,6,9,7,9,2,10,7,9,5,9,3,8,9,9,10,6,7,3,2,2,9,3,6,8,7,4,9,6,3,3,9,7,9,10,7,9,9,10,9,0,7,9,9,0
0,8,7,2,9,3,6,6,7,8,6,8,9,8,6,3,7,5,7,3,3,2,10,2,3,5,9,5,10,5,6,10,5,9,10,7,8,2,3,9,8,4,7,4,7,6,9,2,0,9,8,0
0,8,7,3,2,3,2,9,8,3,4,8,5,7,8,2,6,3,10,6,3,9,6,3,8,4,10,6,4,9,5,4,9,6,8,10,9,9,2,8,2,6,5,8,2,10,2,8,4,0,5,0
0,10,5,4,10,6,10,10,10,10,10,8,8,4,2,6,6,8,7,4,10,3,4,9,2,2,5,8,9,6,8,10,6,4,2,2,7,9,5,7,5,5,7,9,2,2,2,10,7,3,0,0
0,0,0,0,0,0,0,0,0,0,0,0,0,0,0,0,0,0,0,0,0,0,0,0,0,0,0,0,0,0,0,0,0,0,0,0,0,0,0,0,0,0,0,0,0,0,0,0,0,0,0,0
