12
20

78 66 60 57 57 98 94 58 52 78 64 91 
79 55 83 82 62 87 60 61 81 86 76 67 
76 65 77 55 96 54 57 98 65 86 74 87 
83 97 74 86 76 70 91 78 55 75 56 99 
59 57 76 58 55 67 91 55 85 50 89 57 
69 85 71 83 96 62 53 59 91 67 86 53 
77 63 64 57 66 99 77 67 60 80 73 90 
80 73 89 61 69 77 75 86 63 50 88 98 
57 82 84 83 77 57 88 51 78 53 67 70 
76 91 58 85 83 80 81 93 82 97 98 60 
70 84 59 73 89 77 80 68 71 93 50 67 
61 91 61 80 95 55 78 94 68 65 87 95 
64 92 88 66 85 67 57 50 60 58 90 54 
73 89 50 51 56 65 94 95 59 52 97 79 
64 65 77 50 97 90 76 69 59 51 86 90 
96 72 79 78 54 81 56 75 98 99 81 98 
77 60 92 82 95 87 98 83 74 50 79 93 
81 92 87 52 91 91 84 95 57 68 58 91 
98 81 62 99 73 78 76 93 54 55 68 62 
62 78 52 77 99 80 93 81 60 72 82 87 

125 165 153 128 157 170 147 126 135 159 153 143 133 168 138 155 163 135 158 130 
140 125 143 172 129 131 171 149 157 131 149 169 155 144 155 163 163 143 138 162 
131 126 146 155 168 157 156 170 128 149 168 164 146 158 136 146 137 169 146 137 
148 146 169 138 155 146 152 146 146 144 131 141 144 160 163 132 165 170 166 127 
125 164 137 154 134 138 155 142 143 158 147 126 130 141 147 148 129 139 166 141 
139 148 151 157 145 127 149 168 157 141 148 163 159 144 164 137 170 131 125 139 
162 142 161 171 129 131 157 170 145 152 163 129 152 135 155 125 168 148 150 167 
142 145 151 140 151 153 144 162 152 132 136 154 140 157 171 132 128 136 133 136 
136 127 148 129 142 133 135 145 171 132 126 139 151 134 174 149 126 168 128 159 
160 166 171 139 165 149 130 153 154 138 162 170 136 132 136 142 139 145 171 158 
160 147 133 127 155 136 138 158 162 172 147 142 161 145 144 136 171 170 132 169 
173 127 140 145 135 172 145 147 164 173 159 139 138 129 125 164 167 125 172 149 
170 146 167 128 163 166 173 143 140 130 129 150 143 137 149 169 163 173 126 128 
171 141 129 164 130 139 151 146 162 132 159 158 170 142 141 173 157 125 130 166 
165 174 125 170 167 163 171 158 161 145 170 143 147 148 129 145 172 136 166 137 
148 164 169 149 162 141 155 141 149 129 125 145 146 129 172 128 165 139 127 167 
160 172 163 125 146 126 146 149 128 132 145 145 162 169 129 153 159 145 173 163 
170 127 156 174 151 127 166 161 150 138 142 169 135 159 144 130 172 134 128 131 
173 136 173 138 151 174 162 128 167 166 137 132 159 144 139 163 164 138 168 154 
141 174 135 129 145 137 125 150 148 166 169 170 146 153 152 170 149 173 170 154 

166 140 148 128 160 144 162 166 155 135 171 161 150 168 137 156 142 142 168 156 
163 157 159 140 150 164 155 147 154 143 170 146 161 164 142 130 169 127 132 173 
131 140 138 137 134 146 165 142 135 150 125 170 173 153 155 164 149 131 132 174 
167 148 135 157 159 126 129 138 172 167 165 133 135 166 158 153 130 150 163 168 
170 140 135 141 141 153 141 168 129 141 141 158 146 156 131 167 161 172 152 152 
129 159 171 142 140 125 161 140 147 161 167 158 167 132 144 159 165 163 136 151 
139 130 137 139 152 150 166 156 161 170 151 137 162 128 147 165 131 156 156 134 
157 142 144 142 157 156 161 148 149 139 127 158 148 174 141 165 137 165 127 140 
129 164 155 146 139 150 151 126 157 142 129 140 138 148 168 168 160 138 134 149 
130 161 131 137 148 133 143 127 135 167 164 151 145 153 138 157 134 167 143 167 
147 127 132 134 171 168 130 131 126 144 150 156 164 125 156 148 173 155 147 153 
163 129 158 140 154 145 160 152 169 159 166 161 166 146 149 128 172 173 140 166 
145 170 168 154 164 165 143 149 157 129 168 150 158 144 169 134 149 137 133 140 
140 129 165 162 169 161 138 155 130 166 146 161 159 167 135 159 139 173 164 136 
149 165 135 153 137 145 159 160 125 142 166 134 156 126 150 164 129 153 159 164 
155 125 134 165 152 173 160 130 161 174 147 165 132 166 133 131 152 128 148 169 
126 139 129 170 139 139 146 174 158 157 172 144 133 148 161 145 143 138 138 142 
138 163 130 150 137 160 164 146 157 142 174 125 138 127 151 174 127 160 135 155 
148 129 128 138 135 166 174 174 170 163 173 150 126 125 150 158 133 125 151 150 
140 126 146 171 149 137 127 146 152 163 173 170 144 153 125 131 174 146 172 174 

167 153 160 145 147 168 134 154 169 128 125 135 170 148 164 130 128 136 148 160 
141 163 174 170 162 159 168 165 166 166 144 130 157 160 135 140 135 173 145 170 
141 138 174 162 164 161 139 167 174 158 148 135 167 156 173 160 163 146 139 164 
155 153 166 139 127 144 166 125 131 142 145 174 129 173 164 131 132 166 161 137 
158 147 134 133 138 149 139 164 131 173 130 167 125 141 157 171 154 149 136 152 
143 135 165 127 166 156 155 163 135 155 174 161 147 154 171 171 133 152 127 169 
128 144 130 162 169 155 132 160 162 126 142 161 127 134 152 140 168 156 156 166 
127 134 130 137 146 133 160 135 145 136 156 134 155 161 145 135 143 158 127 126 
164 149 163 163 143 150 141 145 172 171 139 145 148 135 134 129 159 138 171 130 
153 164 131 162 128 155 173 137 148 126 169 150 162 135 161 163 158 166 130 160 
131 129 139 153 136 143 126 157 173 127 159 142 130 152 142 144 138 173 135 163 
141 129 133 129 138 139 151 166 171 131 139 168 148 154 164 153 135 148 171 149 
125 150 172 148 172 131 157 146 142 160 141 143 171 127 159 152 138 141 163 169 
172 163 133 165 151 163 152 146 141 135 135 134 128 164 125 156 134 134 170 170 
156 131 150 165 128 158 137 140 142 127 148 135 150 134 161 138 135 164 163 128 
151 142 125 133 155 155 131 153 129 134 146 142 132 174 149 129 145 157 149 141 
147 146 130 125 142 155 133 133 127 150 142 152 144 161 131 149 174 174 169 172 
161 173 159 142 146 154 155 161 160 160 168 148 138 134 153 141 158 138 139 130 
140 167 168 161 146 140 144 130 152 169 147 136 136 143 157 130 152 137 134 140 
171 136 161 134 147 152 160 144 132 163 141 137 169 158 137 158 146 141 126 161 

134 129 132 169 155 156 141 127 156 151 163 145 130 158 169 166 133 137 174 158 
129 144 140 128 157 130 153 147 158 166 134 140 156 154 151 127 142 127 166 171 
159 155 127 145 151 150 159 125 142 125 143 172 141 147 132 128 162 145 144 165 
154 152 142 158 144 129 134 156 162 136 173 147 125 144 133 171 151 147 132 173 
162 145 171 147 151 129 145 134 130 156 127 127 130 135 138 162 156 157 164 174 
174 127 152 159 170 126 130 129 167 140 156 131 158 158 171 133 125 154 172 153 
151 136 155 174 167 143 147 129 158 154 159 143 156 143 172 172 133 168 132 139 
145 150 155 148 170 154 127 152 141 153 144 169 125 129 139 169 135 165 167 153 
168 149 165 170 149 153 151 152 151 165 136 151 149 139 155 139 144 137 146 143 
138 127 155 143 156 140 159 142 141 168 136 143 165 152 163 158 137 160 174 139 
173 172 141 144 149 169 167 137 132 169 165 158 170 167 165 157 152 154 170 132 
148 164 174 157 152 131 166 130 156 163 163 148 148 143 165 142 155 162 168 139 
153 129 145 173 150 128 156 144 170 163 139 161 172 141 131 139 127 144 127 149 
165 174 139 156 159 162 140 167 139 164 165 127 158 153 146 129 137 159 140 152 
147 156 165 172 145 156 156 163 140 161 160 138 142 153 142 125 171 145 141 132 
125 128 132 142 161 167 137 164 149 153 140 139 144 131 168 135 165 125 134 161 
162 163 147 166 166 173 141 137 166 138 155 165 133 146 161 163 145 127 126 132 
164 142 127 161 159 155 149 156 134 132 128 166 141 148 127 159 167 160 149 141 
135 153 150 172 156 165 168 130 135 160 129 125 126 168 140 154 143 132 163 150 
129 149 159 172 138 146 149 137 141 151 126 130 144 149 143 143 149 129 130 153 

152 133 145 165 158 154 171 170 173 157 147 150 166 173 159 129 127 139 173 163 
148 144 143 156 164 134 161 146 164 156 128 127 167 158 149 147 125 164 170 146 
163 139 143 158 149 144 125 131 129 156 172 133 155 143 144 166 136 173 143 135 
132 136 155 148 163 141 154 145 137 143 168 147 150 164 154 166 162 130 168 140 
173 159 152 149 167 159 138 173 143 174 136 157 137 126 161 163 169 133 158 160 
168 128 141 157 141 151 168 126 137 132 135 144 133 171 173 169 126 166 158 132 
133 141 160 140 170 160 173 161 161 160 132 158 163 158 160 162 162 164 132 162 
157 170 161 159 161 134 133 142 133 125 136 136 162 148 155 161 139 151 154 153 
139 170 127 153 170 127 149 139 137 158 170 136 141 137 156 140 160 131 135 132 
163 134 136 131 150 128 131 153 174 158 145 165 133 142 140 145 169 147 142 154 
145 154 134 150 167 130 170 172 173 146 172 145 145 174 127 162 174 157 155 159 
133 139 157 149 132 168 135 161 132 155 159 147 168 152 143 147 147 138 147 155 
154 161 170 129 130 150 148 149 139 171 129 125 129 132 125 158 174 127 144 173 
147 148 164 127 159 162 136 168 143 154 174 167 157 150 154 158 129 161 162 151 
140 164 173 148 163 173 145 149 128 142 173 147 134 170 130 173 163 169 169 165 
139 136 173 155 126 141 127 144 130 156 154 126 158 158 138 125 155 142 130 170 
125 163 174 169 145 173 145 169 140 136 125 170 157 166 131 143 142 141 137 167 
149 141 139 154 162 154 164 156 163 166 160 147 141 131 169 160 154 170 149 152 
132 145 174 145 134 158 147 167 169 147 160 125 143 168 169 135 170 154 140 161 
141 171 159 167 149 136 169 138 131 152 155 165 138 155 168 131 142 159 166 157 

173 140 155 168 137 139 169 138 160 126 147 143 167 151 158 159 174 156 163 142 
166 141 162 156 126 172 171 130 137 137 147 150 166 168 159 158 139 162 158 139 
146 132 161 169 145 130 133 151 132 131 157 154 174 146 130 131 144 152 145 155 
159 141 172 149 163 169 172 168 135 154 160 152 162 144 153 160 169 150 136 140 
160 169 127 144 171 127 167 165 129 148 147 155 146 135 132 174 157 173 172 153 
169 145 166 126 134 169 174 163 162 143 145 157 154 144 151 168 169 163 136 154 
133 155 164 159 142 131 146 144 171 135 128 139 127 155 143 125 174 152 153 169 
157 137 135 141 146 145 139 155 131 134 160 165 148 143 143 129 126 149 156 163 
147 159 169 143 150 173 131 129 148 170 127 135 126 135 169 136 156 174 153 131 
167 156 173 171 144 134 167 136 141 155 128 130 133 149 169 168 149 161 172 147 
137 160 166 137 128 131 158 137 135 135 149 142 149 155 148 157 134 145 172 148 
157 144 126 171 146 154 141 159 170 130 164 154 156 145 130 165 173 126 153 168 
153 136 141 169 133 148 158 167 152 150 126 143 156 156 135 161 170 150 174 135 
139 157 129 144 165 157 131 141 128 169 161 160 143 125 174 125 132 174 125 153 
129 152 149 156 141 136 163 136 155 134 134 162 147 151 158 169 159 161 153 157 
170 130 150 137 129 127 151 154 153 172 151 164 152 170 137 169 163 129 147 169 
173 125 173 162 156 171 139 169 125 172 132 160 161 171 174 168 160 165 164 143 
159 143 129 171 158 150 125 153 147 135 168 132 126 163 149 148 128 170 159 162 
170 128 163 128 136 156 125 147 144 160 156 161 131 172 141 167 161 138 144 127 
155 155 148 128 132 134 131 125 171 158 129 173 155 159 134 174 151 127 174 129 

138 155 160 158 127 155 126 135 170 173 160 151 163 131 128 156 160 144 136 143 
168 157 137 140 173 143 139 172 136 142 145 131 172 125 134 169 136 130 164 146 
169 172 135 147 172 128 144 151 151 135 125 142 161 164 172 145 167 173 167 153 
132 162 171 137 169 152 160 144 149 163 165 170 162 125 135 166 131 170 165 174 
125 143 144 160 132 171 129 164 170 150 164 150 167 141 174 144 139 154 143 174 
163 154 154 143 131 159 133 150 153 160 126 133 127 125 127 144 161 134 172 171 
134 164 132 132 154 132 169 170 168 140 140 170 169 161 152 168 166 154 157 158 
148 173 171 129 163 167 136 151 158 125 130 160 146 159 136 134 126 169 126 172 
126 161 171 133 144 153 155 169 141 174 166 136 167 160 170 128 174 138 139 171 
156 172 161 165 125 136 148 140 129 144 142 160 141 162 130 167 148 159 153 134 
136 133 167 156 158 153 163 162 147 163 173 165 131 135 139 157 125 170 146 133 
163 129 167 129 139 170 169 163 126 128 141 127 125 166 166 146 173 153 172 130 
129 144 173 169 138 164 139 130 139 159 140 172 153 160 126 150 163 172 144 167 
155 146 172 161 159 138 166 155 161 161 141 130 141 151 172 174 156 154 165 131 
168 166 168 134 139 129 132 161 170 174 148 129 155 158 128 142 152 156 167 130 
132 148 163 148 135 147 146 137 155 171 165 130 128 127 158 157 125 172 154 174 
161 130 128 149 141 165 146 159 129 143 149 139 152 174 157 156 147 158 169 169 
127 135 139 125 132 140 149 167 159 151 156 125 130 140 135 153 166 164 143 137 
143 156 125 174 164 151 144 147 125 154 146 163 135 136 132 130 142 143 142 147 
144 157 139 132 136 173 174 170 174 140 125 159 125 153 134 127 165 174 162 146 

167 160 163 159 137 159 141 149 169 155 137 135 162 148 128 173 169 170 153 169 
149 135 132 138 158 136 162 166 150 149 172 157 160 125 142 174 132 126 157 129 
156 141 132 143 147 150 164 137 166 126 168 161 169 132 167 144 135 137 144 125 
151 164 154 161 163 143 152 161 149 165 145 165 165 146 135 139 145 172 164 142 
171 145 157 160 171 147 150 171 166 154 155 158 130 156 125 150 150 170 143 144 
173 155 173 144 150 133 126 148 163 143 129 162 151 152 143 144 140 167 158 160 
140 152 151 138 164 148 132 164 134 163 168 145 162 163 158 172 164 173 144 132 
137 161 149 174 171 150 150 135 161 164 152 145 171 170 132 156 174 137 136 136 
145 167 141 172 129 151 127 150 152 160 171 154 157 168 148 153 152 157 160 152 
142 153 152 157 142 162 137 173 126 172 150 174 159 152 157 165 129 160 174 172 
151 125 155 159 146 152 128 129 133 134 159 137 156 157 144 167 144 137 174 174 
132 167 128 174 169 156 131 174 163 154 156 146 166 133 159 153 130 163 152 143 
160 174 130 127 144 141 137 168 125 159 167 146 151 159 135 151 171 154 130 134 
166 160 140 167 146 128 164 130 162 136 149 127 129 172 173 136 159 165 167 160 
164 126 129 150 169 139 174 150 153 129 168 149 166 130 155 135 156 152 173 166 
141 155 162 135 140 170 163 132 141 171 145 174 131 137 150 132 158 126 155 155 
148 160 154 130 161 145 162 156 163 158 152 150 165 152 142 128 138 168 173 161 
130 140 126 156 152 161 159 157 155 136 165 157 131 153 131 142 142 157 155 154 
127 138 128 173 158 136 127 150 171 168 156 141 152 133 127 167 151 170 174 170 
166 129 148 174 129 134 170 170 174 143 132 148 152 153 155 126 132 127 161 168 

166 125 138 141 136 169 171 174 146 156 155 161 142 150 148 169 139 133 149 142 
135 151 146 170 165 131 143 167 167 129 143 154 125 158 136 160 162 148 169 125 
153 130 172 162 165 140 130 145 133 139 167 144 168 142 159 151 126 129 133 165 
160 140 168 130 167 128 156 169 144 132 174 158 166 132 146 165 161 173 173 149 
159 143 130 168 133 171 158 151 142 157 161 151 151 127 170 151 133 147 164 172 
168 133 155 173 157 141 135 172 127 163 157 148 166 172 130 138 152 140 156 132 
167 166 135 132 125 153 141 160 171 141 172 147 148 168 126 133 142 126 172 150 
172 131 127 168 157 165 156 130 150 146 136 138 171 154 163 174 160 132 147 174 
148 156 171 155 156 157 139 145 157 168 165 158 157 139 148 153 153 153 161 164 
167 128 130 173 167 142 128 143 156 131 141 160 144 148 166 130 148 148 150 131 
161 125 132 150 163 151 145 133 137 137 152 145 171 163 147 135 172 173 125 145 
163 165 166 136 160 144 143 130 166 146 167 142 158 173 135 138 156 140 130 158 
130 133 126 125 126 169 169 162 139 164 145 132 163 147 132 130 133 142 161 126 
147 136 142 136 171 131 162 140 144 130 174 131 147 171 153 151 165 170 132 130 
160 171 152 157 142 137 125 141 130 166 156 142 165 137 171 166 173 135 154 140 
165 146 148 174 146 129 148 129 173 168 159 136 148 165 147 146 133 150 126 141 
153 143 150 125 132 167 143 144 152 143 146 165 151 142 168 163 154 153 166 147 
129 135 142 165 167 135 164 171 160 159 151 140 159 152 158 170 157 143 161 148 
166 165 165 153 135 148 169 127 164 141 165 163 170 166 128 163 137 150 127 134 
151 141 164 160 166 145 157 134 147 151 132 139 149 137 158 159 160 157 140 126 

145 133 135 160 163 165 171 156 164 139 158 145 156 132 157 144 147 129 166 166 
138 142 131 142 126 132 158 141 138 156 149 146 135 131 141 172 162 170 173 151 
174 157 158 128 173 152 130 155 131 157 134 162 138 151 149 136 146 128 140 162 
137 146 137 153 156 125 160 164 164 148 148 148 144 150 164 125 129 145 173 127 
173 147 159 163 148 138 144 133 140 134 134 150 151 173 140 156 144 134 152 126 
170 150 158 127 159 142 129 148 165 166 155 174 159 172 168 136 156 134 161 165 
146 155 161 157 143 157 164 161 161 173 140 129 165 135 171 147 164 167 127 140 
158 157 169 134 155 131 161 167 139 174 132 128 137 145 133 134 125 152 127 147 
170 166 143 132 172 149 131 158 170 140 172 129 125 159 153 128 128 134 135 155 
168 172 166 163 149 168 132 173 150 135 134 128 138 174 136 142 127 158 136 171 
136 160 161 157 170 137 157 133 160 156 173 129 173 143 138 133 169 169 134 149 
139 172 142 127 128 128 165 142 172 161 144 151 170 169 171 148 136 141 150 125 
152 156 159 142 161 134 140 137 159 153 169 148 133 148 128 138 137 169 136 139 
143 143 143 139 144 152 172 136 128 125 155 166 136 158 131 134 159 171 167 142 
132 133 168 159 154 166 156 152 125 157 171 160 135 164 149 140 154 168 173 174 
125 150 128 158 154 143 163 140 157 162 125 141 149 137 128 161 174 126 137 158 
172 157 143 141 131 127 128 171 133 157 154 152 157 132 140 131 150 134 141 172 
155 141 153 174 159 156 131 129 163 141 154 145 156 155 166 131 151 138 165 135 
136 170 134 173 149 129 139 134 142 125 133 136 125 159 144 125 158 131 128 165 
152 141 164 130 157 159 141 137 140 138 140 165 162 161 157 167 159 128 131 132 

155 169 146 149 137 140 156 137 149 145 134 139 126 126 161 162 159 170 149 174 
137 135 137 164 133 135 143 160 139 145 155 139 156 143 145 149 161 156 143 172 
155 173 153 146 160 125 159 133 152 125 155 127 152 129 145 133 161 144 137 126 
172 126 142 171 136 130 152 148 125 142 164 141 173 127 152 128 151 172 148 131 
145 141 163 172 159 129 168 149 170 156 129 169 174 146 148 143 125 144 149 145 
127 157 153 136 159 137 140 131 150 129 127 165 161 171 165 146 147 137 130 143 
164 125 170 129 139 140 140 171 129 166 158 139 131 139 139 144 156 143 142 147 
132 135 126 142 162 138 131 161 147 145 174 154 142 135 132 135 147 163 135 169 
126 149 127 145 140 128 133 173 140 129 172 153 135 132 130 151 166 138 155 144 
137 173 168 143 134 129 145 137 157 132 146 154 145 148 132 134 152 127 134 142 
135 156 128 128 134 141 161 164 136 126 138 156 152 166 158 154 130 160 149 168 
128 128 125 156 127 138 141 147 138 160 126 134 131 129 149 134 139 136 172 147 
139 156 156 142 160 168 143 142 160 131 159 134 132 143 158 173 131 160 155 142 
171 125 137 125 155 163 132 158 155 150 141 153 141 131 162 173 144 173 128 137 
157 174 136 149 137 130 167 142 125 142 137 130 136 156 155 152 172 174 150 132 
132 134 132 133 162 168 168 171 159 142 167 137 136 134 127 147 170 173 139 137 
169 165 141 159 161 142 168 130 140 143 145 152 163 154 138 157 126 166 150 128 
159 132 141 168 125 162 158 167 164 143 161 149 150 142 162 129 132 128 145 137 
135 144 163 152 163 167 130 166 169 138 142 137 157 128 144 135 171 128 131 171 
149 162 167 127 165 156 155 169 135 138 156 132 129 139 137 130 144 143 148 145 

128 151 150 140 165 168 145 161 141 160 162 151 126 168 158 164 130 162 171 144 
156 167 161 127 133 126 144 172 142 173 161 166 137 174 138 142 150 154 140 132 
131 168 149 155 171 174 145 146 140 161 143 174 165 162 140 174 137 128 142 146 
166 126 132 161 152 128 136 137 150 158 143 126 146 138 167 132 132 128 170 173 
169 130 173 126 173 134 173 161 135 139 160 164 158 174 138 126 164 165 133 146 
144 170 165 149 160 169 134 162 166 162 162 146 172 131 161 174 159 154 156 128 
135 173 158 156 146 155 153 161 135 160 168 151 170 129 151 138 125 140 136 139 
132 157 159 163 163 174 173 168 152 157 152 128 142 130 162 134 131 147 157 132 
125 167 163 147 173 174 166 173 137 166 139 128 153 132 171 128 148 140 158 155 
150 130 161 159 158 137 170 127 150 137 128 170 170 173 149 157 127 136 142 168 
140 164 160 132 159 174 163 126 137 167 135 148 146 158 137 125 161 131 141 164 
171 147 141 137 140 165 149 163 160 140 172 153 169 139 154 173 125 156 148 163 
136 150 135 171 140 171 134 160 136 128 145 129 166 172 129 130 125 156 163 143 
146 152 155 156 174 174 169 126 167 167 172 167 134 140 134 160 134 142 155 133 
147 170 168 129 174 136 151 171 153 173 163 174 166 154 146 171 149 149 155 153 
156 169 168 142 155 158 140 167 127 165 141 151 149 141 146 158 136 128 159 169 
143 173 145 158 172 151 148 149 142 150 169 129 132 151 134 168 158 138 154 134 
145 170 139 172 141 127 137 125 142 138 131 148 139 156 144 171 147 132 162 146 
139 142 127 169 149 170 140 158 138 138 157 158 145 139 136 155 161 158 171 147 
156 146 142 146 168 126 147 141 153 168 155 142 164 160 133 128 171 125 136 164 

