2
100

97 62 
54 50 
73 80 
72 70 
59 58 
99 80 
74 82 
67 90 
95 70 
65 64 
54 82 
79 62 
94 54 
54 58 
97 82 
82 89 
55 72 
62 89 
68 83 
92 66 
55 84 
93 71 
67 61 
65 78 
92 59 
93 68 
56 65 
99 90 
87 90 
63 95 
81 77 
79 87 
63 55 
74 96 
52 68 
62 69 
83 79 
86 52 
56 64 
64 57 
85 68 
95 99 
81 55 
62 71 
75 88 
94 93 
59 52 
94 79 
55 52 
93 81 
84 65 
87 62 
88 54 
99 79 
53 88 
77 81 
64 86 
55 77 
78 88 
59 54 
62 98 
79 59 
76 83 
90 83 
90 52 
83 75 
58 86 
84 54 
96 58 
77 99 
98 60 
73 69 
55 99 
94 91 
83 70 
87 80 
52 93 
72 63 
88 99 
96 65 
90 80 
67 87 
98 86 
57 70 
82 89 
50 53 
58 77 
70 71 
81 77 
97 85 
75 71 
79 52 
87 69 
91 62 
52 84 
53 73 
64 78 
67 51 
85 91 
74 68 

129 143 173 146 145 137 153 151 147 153 131 169 165 137 138 162 129 133 147 145 154 164 140 158 151 129 153 171 139 172 163 147 129 174 167 154 156 140 142 174 128 154 142 159 148 156 157 135 134 142 145 137 150 143 168 170 166 126 157 150 128 126 135 162 140 132 154 150 138 168 132 142 134 166 148 167 158 150 145 128 147 144 151 145 154 172 146 168 128 158 170 173 130 158 171 154 169 129 172 145 
162 139 149 174 169 146 146 133 130 149 152 156 163 153 137 157 174 126 155 125 148 148 139 151 164 129 133 151 169 133 173 153 131 141 150 142 130 131 133 171 125 134 162 148 134 132 148 146 168 165 149 171 157 171 125 148 161 155 171 174 138 143 161 168 152 159 172 171 149 168 171 164 168 142 157 138 154 154 135 161 142 162 149 156 132 140 167 151 134 126 133 166 125 146 168 159 151 142 174 152 
169 130 125 129 159 125 134 174 157 129 165 129 134 170 130 172 173 155 137 163 135 154 140 148 141 165 154 141 159 168 154 173 141 126 133 150 130 165 135 140 139 140 150 152 170 133 174 157 125 125 140 153 132 131 174 125 149 141 169 125 161 148 147 135 171 166 145 150 159 131 170 170 138 162 170 151 156 172 174 162 140 125 151 159 134 125 166 148 166 146 131 155 126 138 130 150 149 173 167 131 
125 133 127 134 137 128 173 160 127 153 169 134 155 144 138 150 139 146 131 148 130 171 151 148 157 150 140 159 138 132 163 133 130 125 140 168 150 154 142 144 163 133 161 134 161 170 137 150 129 151 146 148 136 138 135 140 169 168 166 165 126 159 148 132 129 125 166 145 141 142 133 150 142 126 172 168 153 157 165 170 164 153 144 146 165 132 166 146 157 160 148 172 126 168 137 173 151 171 151 133 
150 148 136 132 154 150 169 135 171 164 129 128 129 170 131 159 160 132 151 128 174 125 163 168 170 169 171 138 160 172 171 125 144 161 164 161 146 148 126 136 136 164 132 130 152 164 135 163 137 131 134 173 173 149 152 131 173 162 139 161 147 160 154 137 165 130 146 171 167 163 174 127 135 160 173 156 169 128 168 148 125 134 126 157 169 158 172 137 143 156 163 170 146 171 164 130 129 139 152 132 
145 144 133 161 171 167 169 137 164 170 151 149 136 160 157 157 145 141 144 140 164 146 140 126 150 133 166 127 145 169 142 128 156 154 161 161 125 169 154 171 141 130 164 171 126 149 171 160 158 153 156 142 136 135 128 161 158 149 157 132 165 172 156 141 154 151 162 155 161 163 134 161 171 174 155 158 160 144 148 151 151 168 157 167 146 144 169 152 125 156 171 146 148 146 174 162 144 153 171 168 
152 132 140 135 172 142 171 163 138 139 142 137 171 134 152 161 128 150 146 159 129 128 136 153 142 132 158 162 162 141 149 125 140 131 165 165 158 140 131 172 144 142 131 144 136 125 137 168 137 169 149 136 169 141 139 174 127 132 149 146 166 168 166 166 130 160 126 144 136 152 149 161 128 169 172 156 171 174 133 131 131 174 168 149 138 129 153 142 132 126 167 164 151 145 131 161 135 159 129 153 
158 127 130 172 152 162 163 161 148 168 134 167 133 128 156 169 161 129 156 128 152 150 129 138 157 151 172 157 169 138 171 149 128 170 149 162 171 152 159 164 135 150 156 146 140 173 141 126 155 165 135 170 147 125 155 129 165 148 153 131 145 138 171 168 173 149 161 171 159 169 159 145 145 160 165 159 144 128 137 162 171 171 136 127 167 161 136 165 138 126 132 132 131 168 126 161 165 157 139 163 
152 156 172 132 151 155 165 146 126 160 161 165 144 141 155 169 130 139 131 130 150 163 164 156 127 161 148 164 145 172 140 163 136 172 173 170 166 147 159 173 149 142 137 141 146 148 156 127 153 172 164 167 160 170 134 167 130 126 170 125 142 155 154 165 163 161 163 149 168 169 154 126 130 172 155 149 126 164 142 144 146 129 165 142 162 159 149 145 162 134 163 159 166 169 164 129 160 162 130 144 
144 146 157 138 150 154 149 134 154 169 153 127 138 129 127 130 133 138 166 162 173 163 138 156 159 157 143 140 170 139 159 164 142 160 141 168 163 160 149 141 148 127 166 149 127 155 174 170 163 152 174 155 128 170 156 133 161 166 156 140 165 170 138 174 144 163 134 137 126 169 165 150 143 151 139 156 144 154 174 173 133 128 171 127 169 131 157 147 169 129 156 150 171 150 149 125 165 146 135 174 
160 136 157 171 153 127 144 145 166 126 150 153 165 133 148 159 127 173 154 174 141 167 128 155 165 170 160 162 164 127 159 151 146 171 129 131 160 141 164 172 159 154 140 154 150 146 157 170 141 160 149 165 166 157 144 166 152 172 140 129 127 165 145 125 126 162 160 174 165 127 155 127 158 165 170 127 171 162 133 152 154 162 125 156 159 145 135 172 160 171 143 166 149 125 125 140 128 144 130 133 
164 132 136 130 164 152 151 171 132 151 134 149 125 152 127 156 169 149 169 168 145 170 164 162 151 159 170 131 164 173 164 151 128 157 174 165 147 167 173 169 171 149 129 157 128 154 164 155 148 130 144 170 154 166 128 147 144 137 166 142 165 162 128 138 133 137 167 160 163 168 132 167 137 150 156 134 145 138 161 170 166 167 160 151 135 160 139 170 147 150 146 163 155 130 141 130 152 146 141 125 
156 174 137 139 132 146 134 141 161 129 141 125 133 145 127 166 125 141 143 146 138 171 170 133 148 141 136 168 143 155 140 144 156 172 134 126 170 140 132 131 170 147 160 153 155 162 163 125 146 134 143 161 162 159 163 148 158 145 130 165 142 156 172 145 150 153 154 134 141 157 145 147 167 173 125 128 162 171 131 169 148 165 126 137 141 139 170 125 166 134 164 149 165 157 151 150 162 157 144 159 
139 125 156 171 158 144 164 148 156 125 140 129 155 139 138 166 127 167 134 135 136 140 168 165 140 159 142 174 149 172 160 173 153 153 133 140 142 139 163 163 128 137 149 135 161 132 141 160 164 128 133 132 144 129 130 152 144 152 174 133 144 129 159 144 155 153 128 128 158 138 135 156 134 168 134 173 143 164 130 174 144 130 126 143 174 147 164 147 125 154 127 151 137 134 131 129 162 173 163 160 
144 150 169 132 148 137 140 153 135 130 140 170 151 141 126 152 128 158 142 157 134 147 159 159 144 174 146 173 160 130 141 158 140 169 172 148 167 131 139 144 171 144 163 136 136 161 165 130 138 133 150 158 152 139 169 141 135 155 161 146 172 150 127 130 160 169 161 146 129 166 173 132 137 158 129 164 134 146 165 125 129 131 134 170 151 145 157 125 154 169 148 143 144 167 135 168 151 130 128 160 
159 126 167 128 171 173 172 150 150 168 135 128 149 139 156 138 159 139 138 159 135 141 157 164 142 153 172 162 147 140 143 174 172 143 161 134 142 126 140 174 129 169 137 166 132 149 126 128 157 171 169 168 161 142 161 137 171 137 144 160 142 134 133 164 149 132 166 170 139 135 127 174 171 126 131 132 153 132 153 149 160 148 143 130 163 146 166 141 142 161 165 138 170 150 162 136 135 147 131 144 
147 147 154 151 140 162 129 151 160 150 148 133 155 157 153 140 132 130 139 143 173 161 157 127 132 132 138 169 161 141 152 165 170 130 129 149 153 139 140 165 126 171 127 141 146 169 127 132 159 170 134 159 136 166 130 137 158 138 155 168 138 162 159 125 147 141 160 139 138 164 168 159 167 170 129 143 143 160 140 151 156 159 142 155 153 173 135 170 143 131 157 155 125 159 132 131 142 174 159 174 
134 133 172 152 170 162 168 135 159 135 128 158 152 137 160 133 141 131 145 125 130 170 145 159 161 131 173 147 169 130 172 141 173 153 143 153 173 173 133 155 147 130 147 132 144 132 146 130 157 148 142 149 144 153 140 150 149 125 169 161 169 134 157 145 158 173 158 169 166 172 134 156 153 144 155 167 151 131 172 161 174 174 172 143 155 160 170 152 162 133 148 147 160 152 173 170 166 145 174 152 
134 141 166 170 160 132 136 153 133 154 128 165 170 137 146 161 157 147 173 151 134 137 132 137 134 132 155 152 166 167 134 156 148 161 138 168 158 150 128 174 146 128 169 161 141 128 129 135 173 149 154 171 171 170 140 157 174 166 167 130 172 143 167 157 131 134 165 141 136 163 160 171 151 140 157 138 141 132 160 151 128 139 163 163 153 127 168 135 157 160 164 137 132 171 152 149 166 162 171 141 
173 134 142 157 163 136 146 163 127 161 170 145 151 142 166 131 133 130 170 136 128 142 168 155 172 143 161 165 169 141 155 134 164 133 174 127 169 125 135 172 139 155 161 165 143 168 129 137 132 139 159 174 158 151 127 138 143 130 150 158 127 128 136 151 162 161 127 168 152 128 162 136 162 129 126 153 145 150 166 150 140 155 159 161 146 160 156 142 143 136 128 168 165 168 131 131 147 144 153 144 
131 172 137 139 159 130 132 157 167 128 166 173 160 151 142 155 133 143 140 155 129 127 167 147 143 156 156 147 127 145 131 173 174 168 151 138 137 131 167 145 173 128 149 140 150 152 155 169 134 158 168 161 130 172 158 138 164 168 172 154 165 154 151 145 174 152 153 126 131 167 162 156 129 139 163 138 170 126 164 161 147 156 126 146 141 167 130 129 128 160 157 166 167 144 169 161 146 126 127 150 
146 147 173 125 173 154 169 143 150 168 147 148 150 171 150 145 137 133 147 132 164 151 164 151 156 152 151 165 128 151 140 147 139 174 139 131 167 153 165 164 137 147 166 173 174 135 131 169 129 135 130 142 134 128 170 128 157 164 131 173 138 126 129 143 133 151 168 173 149 126 141 159 167 149 136 140 159 172 162 157 150 138 132 173 166 131 135 170 128 128 172 134 125 132 159 134 144 128 167 155 
139 169 129 128 133 164 140 136 165 159 167 133 159 166 167 163 168 144 152 165 148 158 141 162 137 131 129 158 143 130 153 146 151 148 159 136 131 131 145 157 144 166 130 139 134 137 131 152 160 138 128 169 126 132 143 168 151 138 138 154 142 129 145 132 160 143 139 166 139 161 162 160 131 141 166 168 163 167 129 129 138 127 146 159 159 127 131 134 164 153 164 174 146 159 137 148 162 152 138 165 
127 133 146 134 169 155 128 150 154 141 172 141 127 174 147 137 152 146 129 174 146 144 162 133 167 142 133 135 171 168 154 162 142 132 165 140 146 144 125 155 136 157 163 157 168 143 147 131 158 125 140 129 158 150 152 170 152 132 129 132 148 174 130 135 130 170 174 163 168 171 167 138 137 153 159 131 126 159 132 140 126 156 163 164 152 156 147 128 136 172 149 130 150 136 171 139 136 162 147 170 
161 152 140 161 155 169 167 174 166 146 138 154 128 126 132 137 149 144 142 131 165 135 166 125 132 157 151 172 156 174 132 157 165 150 169 155 126 155 127 174 142 169 159 157 164 148 142 133 161 143 168 148 170 143 151 126 174 146 153 155 145 152 136 141 165 146 134 144 148 165 162 134 174 165 130 143 167 161 173 141 130 136 128 160 143 170 136 161 149 171 143 169 156 166 155 126 151 132 156 163 
153 164 143 132 167 165 153 134 141 134 165 172 152 135 154 167 140 174 144 164 157 164 148 174 153 140 173 167 153 156 129 161 133 168 131 150 136 140 156 168 157 159 165 150 160 139 162 139 150 164 155 155 145 169 125 151 147 133 150 145 129 162 132 125 163 141 136 144 139 154 148 156 132 168 139 169 152 157 166 160 153 143 174 146 163 144 138 129 141 142 142 127 154 166 164 159 155 134 149 147 
169 172 168 143 151 153 139 129 125 162 154 127 141 153 143 133 167 139 130 130 152 140 162 134 164 149 144 144 139 147 144 149 168 168 147 151 139 159 153 152 157 173 159 168 142 159 160 157 150 162 152 161 126 134 170 174 139 153 142 127 142 152 157 141 135 129 171 162 154 160 157 134 164 133 160 146 136 170 151 142 156 164 127 174 138 170 166 148 125 126 155 172 129 134 165 126 171 172 125 135 
156 134 174 126 142 138 156 139 161 145 170 128 168 173 155 144 142 138 138 167 125 135 147 169 169 139 172 126 165 135 155 130 158 172 169 139 141 151 131 143 171 166 159 154 139 170 125 148 166 128 155 140 135 163 130 130 166 153 148 136 129 154 142 167 174 165 170 131 147 126 145 159 173 144 128 163 155 141 173 169 139 156 144 149 160 155 146 143 134 174 170 131 136 149 162 131 130 146 174 164 
173 134 126 134 143 125 174 172 150 174 129 155 147 146 172 161 148 170 145 135 160 133 159 132 149 137 155 154 170 133 134 136 148 142 158 160 144 126 174 169 136 174 149 144 165 145 173 125 173 165 170 133 155 130 153 162 134 158 134 152 157 157 155 132 172 161 133 145 163 168 167 135 158 154 149 168 136 151 174 146 136 167 163 167 141 145 132 158 164 126 166 171 165 136 158 150 127 173 168 134 
153 131 137 132 138 160 170 137 168 152 171 171 129 144 136 138 129 149 126 171 139 130 163 129 134 163 149 152 169 138 165 142 160 169 165 160 172 135 125 163 159 145 168 159 126 125 173 168 163 166 130 160 129 144 165 142 146 132 132 126 136 129 146 135 159 148 157 163 129 127 166 133 144 128 174 173 128 142 155 143 157 135 130 158 145 133 141 145 136 126 164 154 132 129 162 173 148 146 145 136 
149 160 174 137 141 161 133 130 163 167 164 150 152 135 147 155 139 132 128 152 158 153 168 131 139 151 164 139 146 145 169 170 129 149 128 125 132 135 153 164 158 149 129 149 139 138 174 148 167 132 172 143 158 130 163 133 141 162 158 133 164 156 150 156 127 147 169 165 162 146 147 131 128 128 149 169 131 172 163 136 130 144 136 132 174 168 160 164 144 134 153 133 157 130 160 151 159 137 169 166 
125 158 135 171 165 128 165 155 134 165 144 156 170 170 142 168 157 168 151 131 148 162 150 132 160 169 154 159 132 127 127 125 150 141 144 129 162 129 165 162 152 145 172 155 125 127 141 130 174 165 132 172 161 174 166 126 148 136 130 164 164 155 151 134 148 133 167 152 137 126 136 169 139 165 158 149 157 156 133 130 165 149 159 158 126 142 143 133 159 168 146 143 149 125 173 159 127 146 164 151 
139 165 162 137 148 168 155 145 131 153 156 125 155 158 155 174 166 136 168 172 158 136 149 128 149 135 143 173 159 163 131 153 172 155 139 139 160 131 135 143 133 156 164 128 161 139 170 139 165 171 174 162 140 138 141 127 142 157 163 158 162 160 148 145 140 158 153 173 163 141 164 136 152 172 141 137 138 150 139 164 166 127 125 142 159 162 168 151 130 143 132 126 149 153 135 169 142 148 161 156 
147 150 129 135 146 148 145 164 126 161 165 125 166 155 135 169 167 143 163 159 144 125 166 129 139 166 160 162 143 128 125 125 153 143 172 127 153 134 131 172 170 173 136 141 143 158 140 127 164 172 141 163 174 152 156 156 161 140 153 158 147 163 172 157 152 141 164 174 133 139 155 163 125 161 166 126 163 129 153 146 153 149 130 134 150 134 146 143 142 140 159 137 162 161 138 140 147 172 131 154 
150 151 150 161 130 165 164 149 135 163 136 154 140 139 126 130 161 159 162 165 160 169 141 152 149 149 138 138 169 172 125 125 158 161 144 170 127 143 151 128 143 143 174 133 174 168 166 128 139 155 167 170 162 126 143 158 155 135 162 148 171 147 152 132 163 136 159 156 170 131 167 129 130 133 152 131 156 143 169 133 126 153 158 158 152 140 156 172 133 148 134 141 151 171 157 171 156 137 127 135 
158 138 139 136 153 173 163 137 154 148 155 149 150 125 169 160 152 141 128 143 159 133 144 147 163 129 138 169 167 140 171 125 126 125 131 135 132 170 127 147 168 174 164 164 170 172 159 169 149 166 138 133 166 126 166 170 148 129 130 139 153 134 148 174 145 174 167 141 128 161 134 149 141 146 147 168 144 133 172 171 159 168 173 144 168 168 125 128 153 159 157 135 141 174 169 145 137 143 162 173 
171 153 151 145 147 148 139 126 170 154 157 151 126 151 172 131 172 174 141 133 149 140 142 132 127 142 157 134 168 169 172 132 125 146 127 166 150 125 135 130 145 125 150 146 157 158 157 139 146 135 174 135 163 132 137 163 129 142 126 150 151 174 165 138 165 170 166 167 160 170 149 125 147 164 145 148 150 156 132 163 145 167 147 168 163 135 126 145 156 132 165 149 144 143 165 142 153 155 144 165 
157 125 162 125 156 126 129 170 128 169 143 170 160 160 138 162 169 160 148 152 165 165 170 149 164 128 145 174 155 136 172 163 142 163 132 136 141 151 152 141 168 129 139 156 138 166 172 169 172 133 150 164 150 164 138 162 162 144 162 131 130 169 132 157 174 155 144 164 134 134 162 145 143 151 144 145 154 137 149 160 136 150 155 125 159 125 133 174 136 142 171 129 167 168 139 131 157 139 148 136 
148 127 157 146 172 130 167 137 154 164 128 163 149 136 139 160 148 169 167 140 127 168 127 144 158 161 159 140 172 131 153 139 128 157 126 127 156 152 126 158 154 164 155 127 149 132 170 139 156 159 143 147 168 154 153 136 162 156 148 134 129 142 137 135 173 154 158 147 172 149 163 170 127 140 138 172 131 150 131 129 142 125 172 132 137 168 135 139 163 145 165 147 162 162 125 160 131 144 161 126 
157 164 165 133 126 168 128 149 128 147 153 133 164 137 154 169 130 142 143 142 150 155 155 151 173 142 171 165 140 171 139 162 167 142 129 158 136 155 135 155 134 172 125 174 160 134 168 153 161 134 143 135 169 152 136 150 170 151 126 141 159 126 142 165 125 157 164 168 169 139 131 157 155 148 169 141 159 172 145 153 136 138 165 172 152 128 135 130 154 166 156 141 145 135 171 127 141 167 165 135 
157 141 137 155 127 169 131 132 126 125 159 170 138 128 159 141 159 163 141 161 144 126 172 160 134 142 135 167 141 160 143 154 138 156 163 141 158 174 148 160 159 168 143 170 170 174 153 126 157 147 166 162 127 174 127 173 142 145 162 158 147 162 157 173 160 128 159 167 137 140 168 159 162 147 155 136 134 142 171 162 166 168 170 146 148 153 137 154 170 146 151 165 166 161 137 164 156 140 153 168 
128 151 142 135 140 132 139 131 134 143 166 130 162 132 152 165 149 157 143 148 141 161 151 127 167 138 143 141 128 146 164 151 126 136 150 159 148 135 136 145 167 152 130 142 165 166 146 167 143 172 171 125 159 157 165 141 126 171 142 151 158 169 169 144 166 149 137 174 142 146 135 127 174 158 164 164 146 147 154 168 144 140 159 138 128 155 130 128 150 133 146 164 173 154 134 167 126 134 149 143 
129 159 141 127 171 137 154 165 164 159 137 133 154 131 142 151 173 145 151 172 140 173 150 129 147 141 146 172 160 134 152 129 167 171 156 145 173 138 133 147 144 131 143 142 134 140 148 154 166 158 133 130 150 136 164 138 133 131 131 127 171 129 136 149 133 170 173 167 130 139 139 134 147 165 169 149 141 160 155 126 130 139 147 156 147 139 174 143 144 138 171 128 128 148 140 150 149 168 130 149 
150 160 160 167 137 152 136 154 141 150 164 132 130 166 148 129 130 154 172 153 141 157 148 144 167 133 140 167 155 134 174 156 153 168 138 128 154 130 134 156 140 136 135 141 153 161 155 160 127 147 172 146 137 173 154 142 165 174 141 140 143 154 152 130 140 174 137 136 139 140 172 159 142 159 174 132 127 142 166 133 140 142 134 136 142 146 168 172 170 134 148 162 155 153 155 147 165 161 146 159 
147 139 138 157 139 142 165 130 160 170 147 164 157 144 159 125 171 127 140 130 128 161 155 156 152 140 173 139 129 170 160 131 171 135 145 174 145 137 133 155 158 155 131 168 155 140 158 149 161 125 150 166 153 131 164 134 149 131 139 161 157 134 128 141 149 153 142 160 152 170 140 155 140 129 169 151 138 142 153 135 127 135 146 144 125 134 143 142 162 140 163 169 137 134 131 169 143 131 153 163 
151 152 151 148 146 132 146 168 130 139 152 145 136 162 135 140 169 133 129 128 138 130 165 155 156 145 157 162 152 160 170 156 134 138 152 164 130 160 165 139 125 161 131 135 172 159 170 150 127 131 165 171 170 168 144 150 134 149 131 128 146 141 152 169 169 154 163 151 163 163 165 172 167 169 158 141 144 145 167 144 173 174 134 139 130 161 173 138 161 166 144 147 156 140 141 171 134 154 129 154 
144 165 144 152 174 168 168 164 128 160 166 159 127 161 148 130 163 134 159 133 135 149 155 171 166 132 153 174 143 139 136 148 163 135 148 164 127 125 132 156 142 166 149 152 137 155 140 173 135 168 164 157 126 131 146 143 148 174 125 163 171 152 147 156 152 170 174 174 160 163 174 158 161 165 135 129 140 160 163 160 154 151 149 142 149 125 138 139 142 151 167 170 164 164 161 167 139 154 162 127 
141 139 140 160 154 127 155 144 161 127 168 161 166 165 129 125 129 134 167 138 151 152 167 155 170 159 135 133 148 138 130 157 161 129 134 128 163 172 172 140 169 125 169 161 149 157 129 171 149 171 162 133 153 167 173 144 133 141 140 137 154 132 169 171 145 130 172 166 154 156 174 161 148 168 171 173 136 161 133 148 169 153 129 160 129 169 162 125 125 144 157 140 155 172 150 148 149 130 152 156 
162 150 139 140 166 154 163 153 137 169 145 138 152 141 173 155 172 160 137 130 148 146 145 125 164 137 148 135 144 149 130 130 167 129 165 134 150 138 162 154 147 151 150 166 150 143 127 162 147 156 129 140 174 145 174 133 159 144 160 160 129 140 129 136 162 156 172 152 148 137 129 155 169 141 126 170 135 142 151 173 166 130 158 156 157 127 149 149 125 161 157 128 149 127 164 128 168 130 130 138 
164 151 166 168 172 145 148 150 147 142 144 169 170 126 166 148 159 141 136 146 157 169 161 131 150 125 134 164 135 127 149 127 162 161 126 174 127 155 155 150 151 154 138 162 154 158 168 142 162 155 157 139 143 140 141 147 165 162 146 150 149 138 140 168 151 143 150 139 155 139 126 130 142 163 170 133 159 152 155 171 137 132 164 146 129 129 170 163 155 130 154 127 142 160 147 133 160 146 128 155 
148 167 171 125 127 162 131 160 169 171 166 160 151 138 145 162 126 141 125 132 168 169 162 134 150 140 171 161 149 127 154 172 166 126 159 165 134 127 170 146 139 164 135 145 133 133 136 141 140 143 169 159 167 149 151 170 135 161 125 157 148 172 127 174 127 161 147 159 160 171 157 132 127 169 130 162 149 135 150 168 168 164 165 139 164 150 165 164 132 167 129 150 142 160 137 169 163 154 136 128 
135 158 173 127 159 138 131 158 151 141 139 158 152 147 147 152 127 136 150 147 156 138 158 165 141 145 159 128 125 174 144 163 130 126 164 134 136 156 167 153 163 145 173 165 149 154 149 131 170 159 167 126 150 174 125 155 126 166 135 128 141 151 171 126 163 159 125 163 139 128 126 152 130 128 148 173 143 156 168 136 161 172 162 131 144 145 157 149 161 143 173 158 164 130 170 150 145 167 169 132 
152 162 134 149 144 150 125 125 174 167 152 170 169 151 126 148 138 158 174 133 157 140 173 145 147 150 155 169 142 154 159 162 163 128 170 162 130 149 142 168 147 171 134 161 130 170 144 148 166 155 137 142 159 158 141 138 149 174 150 135 163 172 135 156 143 138 139 153 136 167 163 170 131 167 136 156 141 132 166 138 171 134 134 158 166 126 136 160 125 171 144 152 174 155 155 165 129 127 131 148 
139 167 164 160 142 140 169 152 126 140 140 133 150 126 147 135 161 155 148 150 173 174 146 166 139 171 168 137 161 129 144 173 171 159 135 135 136 164 152 169 157 165 155 172 128 155 135 137 159 157 154 170 161 166 161 170 147 127 144 138 142 171 162 125 167 158 167 157 153 163 164 131 125 163 174 140 168 143 140 127 126 164 151 132 125 126 172 169 153 167 138 144 156 155 129 171 152 141 147 163 
128 152 158 156 150 149 129 130 170 143 154 154 130 157 138 138 157 154 136 164 167 146 155 170 152 142 168 141 170 137 134 169 136 163 161 167 156 169 146 139 140 165 169 172 138 150 152 152 154 144 136 169 153 155 168 138 135 130 153 133 155 138 158 131 127 158 143 167 146 132 161 158 133 128 128 152 173 156 162 139 161 139 168 160 158 161 171 154 161 128 174 144 147 161 136 173 172 133 165 169 
137 125 170 141 149 142 163 174 144 145 160 151 134 166 163 165 125 136 162 159 131 142 165 139 138 159 145 151 158 159 167 153 174 141 153 174 167 172 132 171 162 151 174 166 161 155 159 144 129 129 131 135 161 160 172 137 172 131 156 158 156 146 139 132 156 136 141 172 164 153 168 145 156 140 128 144 139 141 166 131 126 166 128 163 155 141 147 174 138 160 131 144 150 132 142 144 166 170 167 159 
151 168 150 129 149 148 173 161 160 135 166 158 153 155 161 172 160 141 142 174 166 125 160 144 155 170 155 152 163 161 129 174 144 160 131 173 160 126 133 146 159 169 131 144 169 133 156 159 168 134 148 134 127 164 158 134 141 131 159 174 143 149 139 148 130 146 172 133 146 160 148 171 142 174 164 171 138 133 170 131 163 156 172 139 128 145 153 166 133 160 174 137 147 134 157 134 165 158 170 173 
154 160 159 167 165 174 134 146 162 135 138 128 134 165 149 153 133 151 148 132 171 165 160 146 131 136 137 148 143 153 144 142 163 130 165 132 164 169 144 136 150 154 146 170 170 125 134 134 152 165 150 153 137 158 148 148 143 127 136 140 144 141 161 134 144 128 167 162 163 130 149 138 128 134 138 164 165 174 167 160 145 167 169 134 136 159 131 173 174 126 159 133 143 147 133 171 160 149 172 171 
137 137 168 150 149 153 160 157 165 151 159 163 127 146 152 130 158 167 147 127 150 143 165 173 136 154 128 130 138 157 163 150 157 143 129 146 158 125 165 174 132 136 141 136 151 156 167 155 169 166 134 156 147 152 133 155 148 140 128 139 154 134 154 147 140 126 145 149 158 142 142 166 152 140 145 154 153 141 154 134 161 167 140 160 137 147 136 173 162 174 126 143 157 172 136 156 169 135 131 158 
134 125 139 125 147 155 170 127 131 144 170 173 172 162 132 171 149 128 131 154 152 147 162 126 134 130 153 130 145 130 147 169 150 149 132 132 166 160 159 142 125 150 142 173 154 169 130 146 138 131 138 130 160 157 138 147 157 155 165 142 159 130 159 130 129 170 137 131 158 170 131 142 131 140 133 171 172 163 134 150 134 138 155 163 130 147 148 155 142 140 153 151 140 170 157 152 163 164 148 132 
134 170 151 131 167 148 145 137 174 130 129 152 131 126 141 146 168 138 169 173 173 141 135 143 156 166 129 125 148 144 147 152 132 129 134 147 131 174 154 139 166 168 137 171 174 142 154 149 145 150 152 156 136 127 159 131 132 163 170 172 150 148 166 160 144 132 130 138 139 145 167 160 146 140 152 137 143 128 126 140 159 127 131 142 154 166 162 155 163 152 129 144 156 131 140 152 145 147 170 170 
154 148 164 171 174 149 159 154 133 145 167 138 144 132 153 168 162 167 167 163 136 142 125 133 155 158 150 174 160 162 126 139 134 146 136 156 137 131 134 137 127 157 134 146 167 167 133 162 139 139 128 126 161 159 143 169 159 133 128 150 156 149 167 153 142 157 137 155 166 166 150 166 153 127 162 171 128 162 144 155 134 125 158 170 153 160 145 138 170 164 144 143 126 130 148 164 167 165 131 154 
144 158 145 145 143 170 146 161 154 142 154 157 153 132 153 158 172 161 149 153 137 126 138 155 167 146 168 162 147 161 165 165 125 154 136 130 142 152 171 163 128 135 166 129 133 172 126 170 166 137 152 167 136 139 171 138 161 142 157 162 147 166 148 166 155 138 128 164 170 132 150 142 132 173 168 127 156 139 172 153 164 168 167 130 153 129 144 143 139 160 125 130 150 155 126 148 142 140 174 142 
158 159 129 158 130 156 156 162 137 165 163 150 148 151 149 137 169 148 167 144 164 166 149 156 141 151 129 136 145 166 142 170 129 139 147 155 160 163 141 136 150 172 141 161 168 171 165 155 158 169 151 169 140 172 125 169 144 146 157 143 152 137 155 147 172 171 134 155 154 174 174 167 148 161 172 130 159 170 164 132 171 158 130 167 159 146 153 127 162 143 135 151 152 129 162 156 167 173 150 144 
173 166 136 127 147 125 171 157 144 159 135 144 172 137 153 169 133 126 133 171 156 159 142 145 143 166 154 158 165 128 138 127 157 149 139 128 158 166 138 149 155 161 165 165 156 129 164 169 168 169 174 161 133 167 174 156 171 159 129 170 130 161 135 131 127 170 154 130 137 133 128 154 173 133 133 163 158 152 139 136 156 167 170 142 169 146 129 132 170 149 146 135 162 134 163 129 131 149 146 149 
169 162 131 148 152 131 133 129 142 144 139 126 166 127 129 154 172 142 157 168 131 168 133 156 143 171 158 160 153 165 150 125 155 153 156 139 131 165 168 150 138 127 147 144 125 147 158 154 136 159 130 174 142 158 144 166 138 162 131 141 141 141 161 145 135 159 161 148 132 127 125 129 138 150 149 169 144 137 140 132 150 133 125 146 173 155 157 161 144 132 151 135 139 166 156 136 128 152 129 138 
172 151 157 172 167 173 149 139 153 170 130 134 131 134 136 171 155 172 159 157 127 126 130 140 143 159 147 147 150 173 150 125 159 144 166 156 135 169 149 125 156 173 126 143 138 168 164 147 162 144 126 126 142 167 130 133 166 144 171 139 125 138 167 128 145 164 144 142 170 141 174 163 166 161 130 144 163 159 132 152 149 148 155 147 166 136 129 156 167 135 152 162 158 157 159 135 143 145 140 149 
166 155 153 131 138 160 141 147 174 141 166 138 142 157 158 143 140 133 169 149 170 164 125 155 125 156 157 160 127 162 147 129 133 142 164 153 160 174 171 141 133 159 146 138 130 147 174 131 161 136 149 128 153 159 162 134 131 142 132 125 133 148 167 147 143 150 168 161 136 163 132 155 134 155 154 145 149 141 134 159 134 152 138 125 148 154 159 166 133 173 165 133 132 170 125 170 138 150 127 155 
155 156 151 165 125 144 125 142 126 172 125 142 136 126 155 152 145 133 167 142 163 170 149 168 167 154 159 142 128 172 133 150 167 173 152 155 149 126 143 142 138 164 134 168 144 143 125 150 159 146 166 160 174 137 159 156 154 149 138 145 173 162 131 158 165 154 146 165 163 139 163 127 159 142 172 130 172 140 127 139 138 132 145 125 126 143 137 143 146 169 132 171 140 158 142 173 128 144 139 173 
148 174 145 125 148 126 159 163 165 155 155 125 126 157 135 143 146 140 149 165 138 129 135 168 164 153 169 159 157 136 151 161 173 143 141 164 159 127 154 130 162 136 163 153 165 172 172 136 140 165 157 164 173 165 142 139 151 165 153 156 157 125 140 131 135 152 127 154 174 126 168 151 147 171 126 127 132 125 136 162 126 150 132 164 135 159 161 152 146 154 128 170 151 135 147 168 172 169 151 138 
133 151 144 170 173 161 133 128 136 126 143 153 164 152 140 131 174 134 143 151 165 142 149 142 165 156 170 162 167 148 141 174 125 165 171 141 166 152 166 132 169 126 135 147 159 130 164 151 161 154 172 157 140 134 149 163 146 159 144 147 157 149 129 138 145 137 132 142 139 158 174 131 168 152 131 172 163 158 170 138 152 129 143 147 135 132 156 135 158 143 146 141 150 145 168 172 168 155 173 163 
140 160 155 148 141 157 158 147 140 143 161 131 129 167 127 148 137 133 170 137 174 153 168 163 141 137 149 150 167 137 132 136 132 166 164 160 165 164 126 135 148 171 146 131 166 147 172 156 133 147 166 125 148 135 172 152 155 171 150 143 157 160 130 140 145 159 173 125 149 156 149 173 140 162 174 162 172 136 150 173 147 154 144 159 147 172 132 130 143 132 164 172 137 144 134 170 133 131 153 169 
171 139 153 158 172 149 170 163 154 149 172 126 162 161 160 153 153 134 126 133 168 169 172 139 130 164 151 139 130 165 142 171 172 134 170 144 144 167 132 171 136 130 173 172 160 169 165 132 161 139 170 153 163 152 154 125 171 148 128 125 168 142 155 166 154 168 156 125 128 126 163 157 146 135 139 135 127 158 160 154 152 167 163 163 133 165 130 159 144 140 164 158 165 137 132 160 168 135 165 147 
173 152 125 156 125 171 159 160 162 152 153 125 140 148 143 140 135 137 159 159 168 155 142 127 143 138 156 144 143 151 125 145 166 126 170 137 142 131 140 130 146 164 147 170 125 168 169 169 145 126 149 141 166 174 143 157 164 145 170 125 150 171 127 137 143 152 137 168 147 164 142 138 148 135 155 140 133 172 146 141 168 168 135 147 154 167 130 173 158 148 161 152 161 160 131 171 145 153 140 158 
141 147 131 150 154 139 154 150 170 129 157 130 139 163 143 140 149 159 165 151 148 132 172 157 161 139 163 140 133 131 149 164 145 126 163 167 133 132 146 160 167 136 153 144 167 138 169 147 164 145 169 146 147 148 153 144 143 158 150 171 165 156 166 131 152 139 166 135 147 167 156 127 147 157 132 157 173 169 169 162 153 168 144 150 152 160 143 141 172 140 156 132 160 148 146 135 170 132 172 139 
142 144 144 154 165 146 161 161 136 157 156 144 166 135 149 153 134 159 143 172 160 145 127 162 172 152 133 144 159 160 165 169 167 151 131 126 125 151 150 152 167 170 174 138 157 141 167 139 174 147 161 129 150 127 163 146 174 140 150 157 153 132 165 142 133 142 148 153 169 137 168 171 160 136 126 127 170 127 145 163 125 162 130 145 169 167 163 173 128 170 130 132 141 130 164 158 154 155 150 140 
135 145 160 170 142 141 174 143 165 131 170 139 157 150 131 162 140 154 157 147 145 166 128 153 149 137 174 144 140 172 137 135 166 132 168 147 126 146 155 170 152 152 174 150 159 161 131 135 142 152 165 131 159 164 128 133 167 156 142 150 169 160 133 155 150 147 150 159 160 171 174 133 145 152 146 172 172 134 156 144 131 145 126 163 171 138 130 160 145 150 126 160 162 147 163 173 128 142 161 163 
132 136 128 130 139 131 148 125 173 139 127 151 126 148 163 134 159 157 162 146 157 151 146 143 166 135 164 144 149 138 160 162 150 159 140 152 148 174 149 168 138 146 156 141 158 154 139 146 170 135 168 148 172 149 129 141 150 137 166 174 143 152 148 168 143 136 173 143 135 129 126 151 150 128 128 171 147 169 166 164 167 152 146 168 173 146 146 131 153 148 147 145 172 158 173 172 131 144 156 128 
160 148 139 159 147 170 133 159 144 135 156 166 127 146 159 143 141 136 130 155 170 147 130 153 170 137 131 136 164 162 157 164 137 138 151 157 174 162 168 128 169 156 171 125 141 164 136 152 150 129 168 135 168 160 146 147 126 168 132 163 159 173 136 157 130 153 136 174 134 150 154 155 133 160 136 138 149 145 150 158 145 160 145 146 147 147 141 154 157 152 153 170 163 166 160 165 174 130 155 147 
161 127 163 156 153 141 161 162 127 130 137 138 166 159 126 132 152 147 168 154 138 125 168 139 132 168 172 130 159 159 129 171 157 167 157 141 130 171 135 125 153 131 143 130 151 151 126 140 163 157 131 162 135 142 168 153 137 163 169 143 134 161 173 139 154 139 153 166 137 153 136 145 157 135 135 160 125 172 162 139 139 136 171 146 157 173 147 160 151 164 136 161 170 143 156 142 136 166 153 159 
143 128 133 136 151 132 126 132 154 143 133 148 168 169 167 148 150 172 166 174 138 139 145 154 171 151 172 133 154 162 162 155 134 164 133 130 155 142 130 132 148 145 160 142 134 131 134 137 153 125 142 147 174 129 127 152 147 132 172 160 167 154 136 154 152 142 127 137 160 153 157 163 166 164 137 126 169 168 164 135 142 143 171 151 160 146 146 129 170 156 159 128 134 163 144 156 129 157 159 126 
142 129 158 135 147 134 161 171 158 155 148 128 159 129 166 165 156 165 126 158 131 131 168 160 129 147 126 173 172 143 132 146 164 159 137 132 149 159 157 142 127 126 174 151 162 133 129 128 143 154 136 174 144 156 162 126 137 157 172 133 170 163 147 136 135 125 156 135 160 149 161 158 127 133 145 148 168 138 127 162 144 156 165 140 138 139 153 125 135 146 127 168 136 138 174 143 135 153 155 125 
174 126 125 161 126 172 155 143 161 159 169 168 155 170 127 146 141 169 158 173 147 143 163 132 174 168 170 130 171 144 126 138 160 126 164 126 166 163 153 153 151 126 158 164 148 149 126 148 152 133 129 163 153 149 157 133 159 156 168 126 127 172 164 135 134 168 162 149 147 133 171 164 141 128 130 156 172 149 171 150 171 164 140 140 149 141 128 150 165 145 129 145 141 169 147 154 128 137 128 172 
140 154 135 145 151 163 147 127 168 166 155 154 167 127 135 165 160 148 162 172 130 133 144 131 170 166 170 158 130 130 151 147 140 145 161 170 152 168 147 128 171 133 162 141 139 159 150 147 171 133 143 146 128 170 129 128 150 126 127 151 151 173 157 162 139 153 172 143 153 139 156 146 149 171 156 126 128 149 140 156 168 156 167 133 164 127 147 172 156 167 143 172 131 126 138 170 132 126 170 128 
128 139 169 143 140 138 156 132 168 133 170 165 167 169 170 156 156 128 154 136 171 165 161 173 143 138 132 144 145 146 130 155 144 164 128 132 170 155 150 169 169 150 149 165 146 144 165 132 154 149 149 173 133 130 149 151 130 140 133 153 172 126 168 152 171 172 162 135 148 162 138 173 151 129 164 151 136 149 141 160 125 127 158 133 140 170 140 140 128 126 155 172 129 133 162 128 165 146 146 139 
170 171 133 156 155 170 135 125 145 174 148 139 147 156 168 148 153 159 135 147 156 132 139 160 141 144 152 150 163 164 129 137 165 149 135 128 131 160 155 134 142 127 133 149 161 127 140 143 169 155 163 165 162 158 141 135 167 161 153 133 149 169 173 173 125 169 165 156 152 146 168 168 167 149 163 136 169 136 140 151 145 144 153 127 167 133 135 169 155 162 143 138 149 154 153 139 140 131 157 131 
172 173 127 136 142 127 156 154 142 132 143 144 169 164 138 129 132 152 131 134 132 135 131 166 141 151 126 174 137 169 126 128 171 144 137 153 153 174 127 165 135 159 170 170 126 156 138 148 160 154 158 167 148 130 159 138 160 142 158 134 150 165 130 170 144 174 171 126 127 155 146 155 161 128 136 167 172 166 142 147 149 157 132 132 136 169 160 143 145 174 152 147 142 163 161 127 136 131 157 131 
158 135 129 127 171 162 172 150 131 129 136 161 141 142 161 164 138 168 155 172 136 132 169 170 165 172 146 142 159 152 170 151 150 126 167 129 131 158 155 144 160 136 130 140 127 162 172 147 128 137 142 135 139 154 128 125 146 155 125 173 149 164 172 139 158 166 132 140 125 135 165 133 169 148 156 129 151 137 160 173 156 133 134 164 170 171 143 158 173 166 151 161 173 129 173 133 138 136 129 164 
160 143 150 133 161 157 151 141 139 164 144 164 155 145 137 133 134 166 137 159 174 136 161 172 155 125 146 134 136 149 171 127 172 133 149 174 139 130 148 174 143 155 127 168 154 160 148 162 148 138 127 164 162 155 135 161 137 148 163 169 166 139 163 159 159 134 132 135 173 135 148 162 171 161 149 127 156 134 160 151 130 147 159 153 125 165 141 154 140 160 135 165 140 129 163 148 142 153 133 161 
147 153 128 149 152 154 128 129 147 168 147 134 125 169 128 164 168 157 136 157 170 134 158 168 166 126 165 149 155 156 139 152 141 150 152 168 172 128 159 162 142 150 150 142 154 149 147 133 133 167 148 168 171 168 130 130 142 147 156 135 155 133 134 160 128 145 148 163 170 162 157 142 171 127 161 162 130 171 137 169 172 143 150 157 156 141 162 129 156 125 138 157 141 133 159 144 156 134 163 162 
135 154 155 142 131 147 167 131 155 168 147 131 125 138 171 139 142 150 129 125 131 141 159 165 125 132 146 136 140 139 146 158 127 171 142 167 145 142 168 168 158 138 154 133 128 159 142 172 152 154 168 168 158 132 172 139 132 125 132 140 162 147 167 137 159 169 157 132 145 133 144 166 142 148 167 162 128 142 127 134 148 172 141 168 167 160 126 162 137 170 172 174 172 143 139 136 151 170 152 137 
164 136 130 167 142 172 126 135 138 169 144 156 142 130 152 156 140 169 133 168 158 131 172 130 157 170 131 147 165 155 161 137 172 167 171 159 169 148 142 149 154 139 166 150 160 159 169 157 126 168 126 130 159 162 168 136 134 170 160 161 154 128 156 133 134 162 141 147 127 137 156 155 132 147 161 130 170 143 145 129 129 130 148 155 150 157 167 141 153 173 153 131 156 162 170 162 126 147 130 150 
142 146 156 160 148 155 168 135 150 127 131 168 125 163 126 146 149 129 146 137 156 146 161 157 165 130 150 173 130 163 143 172 145 153 145 137 135 161 130 157 142 134 153 169 165 131 134 147 167 160 125 143 127 153 172 126 143 161 133 142 128 127 138 126 163 152 152 150 153 162 139 125 157 158 167 131 134 143 152 130 135 138 146 168 144 166 157 169 144 163 129 143 138 125 170 135 138 154 145 165 
162 161 160 152 147 145 171 127 142 132 156 152 134 142 125 147 126 133 171 139 135 170 142 140 139 170 167 133 141 134 133 132 125 139 166 146 168 155 158 141 167 150 163 153 145 158 140 138 166 167 159 164 129 158 156 128 170 148 171 172 139 150 147 151 174 135 157 136 140 152 165 136 131 153 153 137 152 159 159 172 127 155 139 134 146 128 159 150 133 153 146 170 169 164 137 160 163 125 128 173 
131 146 155 130 173 136 148 157 128 149 128 157 166 136 140 171 152 157 163 128 172 153 174 150 134 129 145 128 149 147 151 149 163 131 141 169 151 143 163 137 137 134 130 158 144 137 168 146 138 136 129 166 159 135 171 145 128 140 157 163 145 146 141 170 147 172 144 128 165 156 170 129 125 161 125 158 143 159 169 158 142 171 171 126 143 135 148 130 141 145 154 162 141 128 165 125 150 145 149 138 
148 143 161 139 151 128 144 157 156 137 130 155 148 160 142 156 149 136 156 174 171 145 142 143 165 148 129 135 153 130 131 135 162 146 125 125 148 126 158 143 147 147 148 125 162 126 141 164 147 156 129 144 146 169 161 131 133 155 125 144 173 164 162 170 132 147 144 125 169 140 164 174 144 125 150 153 165 152 173 161 159 161 174 140 143 128 174 132 125 139 136 156 163 140 169 144 169 160 153 125 
170 155 172 166 131 156 137 162 130 158 164 126 125 172 146 170 125 135 143 135 143 130 125 156 125 149 127 165 167 128 130 132 144 161 128 130 171 135 141 146 143 135 125 141 151 165 127 172 140 167 165 169 142 152 163 149 141 135 133 156 173 157 138 151 129 144 144 125 127 163 129 156 127 158 162 132 129 154 174 163 161 165 140 125 165 166 169 161 125 169 143 136 127 144 138 159 156 148 139 174 
129 170 137 153 152 169 134 164 157 139 174 139 151 172 126 132 169 141 150 130 162 144 134 161 137 127 163 163 150 165 130 134 151 161 136 163 164 151 164 162 140 158 129 164 147 161 138 145 170 153 165 170 146 137 162 158 143 146 143 132 141 173 164 151 159 169 174 136 158 174 138 143 172 141 149 129 158 169 163 161 144 168 171 142 153 160 144 144 155 172 150 169 148 170 165 142 165 144 147 146 
133 160 136 152 130 126 136 126 158 139 148 152 164 143 158 128 162 141 126 127 174 126 165 154 165 128 172 136 148 128 160 157 138 129 126 154 173 169 155 163 156 167 172 173 162 134 174 145 172 150 147 135 154 157 155 172 151 142 143 135 157 174 148 140 137 138 170 130 145 141 146 136 162 128 138 156 130 143 169 138 168 135 169 163 134 134 140 131 174 161 139 140 134 145 131 147 131 171 166 164 
168 137 149 163 162 150 144 135 171 153 169 161 174 137 171 168 126 141 159 128 156 126 157 157 156 164 137 164 135 159 159 157 137 163 131 151 157 125 127 154 141 152 145 167 130 139 166 137 153 150 144 140 139 127 156 140 165 160 135 168 142 160 144 155 132 134 154 142 151 128 135 154 146 161 174 134 128 145 166 169 131 142 148 125 164 162 149 150 158 138 149 135 166 148 142 131 171 130 166 147 

157 141 138 149 166 130 130 151 139 156 170 155 161 134 153 136 127 138 149 133 141 141 174 126 138 130 147 151 156 127 170 166 141 135 126 133 166 165 149 157 148 160 127 131 164 134 154 130 148 151 149 173 150 173 160 141 151 160 171 167 167 137 143 135 170 138 148 147 166 172 160 131 144 132 141 140 152 152 167 156 134 160 149 155 126 174 154 125 137 159 144 130 172 145 152 166 160 138 168 168 
165 167 141 134 144 147 136 133 126 166 158 126 126 155 153 142 144 169 169 137 156 146 135 161 149 133 136 164 154 160 165 173 125 148 138 148 143 139 156 153 142 143 173 134 161 174 166 142 162 162 154 163 127 131 127 166 173 135 149 137 128 150 132 132 143 160 143 126 125 153 142 131 139 155 138 137 134 160 162 125 149 127 144 155 126 172 144 145 172 164 160 128 128 151 130 161 169 147 132 169 
154 131 174 151 171 142 159 163 125 126 144 173 171 144 165 137 149 143 134 158 161 147 166 152 157 145 128 153 132 149 142 153 128 126 155 161 136 130 148 139 162 155 167 142 150 142 152 172 141 126 168 145 142 169 126 130 133 129 161 129 139 126 167 156 147 147 146 160 136 133 168 168 169 139 166 169 161 162 132 128 172 167 167 154 171 131 155 157 148 130 169 169 142 139 164 154 138 171 129 151 
139 171 168 141 148 152 133 141 125 170 152 172 135 170 149 156 132 143 167 131 131 138 126 173 139 132 155 174 140 162 125 169 133 169 129 161 125 134 166 166 157 143 172 145 132 129 170 130 153 136 172 174 155 138 139 135 171 142 145 151 161 155 128 128 136 164 131 158 142 132 148 157 157 156 163 148 167 160 131 148 138 162 128 137 131 137 127 129 167 139 149 148 158 140 170 168 125 172 155 166 
125 168 174 150 158 170 126 143 162 132 163 140 164 161 129 146 125 154 136 128 131 129 174 166 169 143 143 172 172 141 174 131 137 158 136 152 148 161 127 148 134 161 168 165 159 168 152 145 158 139 126 138 151 159 155 170 155 137 133 142 134 161 154 130 143 130 163 139 173 163 156 166 164 140 165 135 168 158 141 138 141 170 163 126 171 138 139 168 174 151 129 166 147 160 143 128 138 161 153 129 
144 125 163 138 146 128 126 125 139 171 145 148 149 132 145 169 128 145 141 167 128 163 169 164 143 157 145 154 171 165 148 125 172 153 131 137 147 144 156 138 131 144 151 161 153 129 161 163 160 173 127 127 171 161 148 138 161 149 171 150 152 130 126 172 126 143 165 162 125 125 145 130 153 129 125 146 159 145 168 145 150 140 127 163 161 161 168 140 162 129 137 147 127 138 166 167 141 142 129 171 
128 143 173 150 137 168 154 149 160 133 153 130 131 156 167 141 152 164 168 149 163 155 162 135 146 171 146 126 173 165 140 149 167 150 158 138 172 125 145 151 148 163 154 163 171 143 135 166 174 127 168 134 140 127 160 128 168 155 171 150 153 156 129 155 151 166 140 144 155 162 173 143 172 126 129 153 161 135 138 153 143 133 172 131 162 136 153 146 149 128 160 144 127 156 158 135 141 153 131 149 
130 143 141 125 128 126 154 141 135 160 141 145 169 166 140 171 135 150 157 130 162 160 170 155 132 166 151 159 161 165 173 170 160 158 134 142 148 169 148 161 142 163 133 127 142 133 135 150 158 160 160 156 158 163 161 173 160 141 148 146 171 149 156 165 147 148 156 142 171 155 144 147 141 136 129 125 164 166 167 127 146 152 171 153 148 150 129 138 171 155 161 144 134 130 147 145 169 154 150 144 
167 161 155 128 129 171 139 137 156 133 171 143 146 170 164 156 145 139 135 141 173 161 126 149 170 173 174 159 139 126 152 173 152 160 135 154 163 142 164 135 160 137 167 125 150 143 162 164 138 125 149 163 146 137 130 145 171 135 137 128 170 165 155 130 148 170 143 128 127 158 156 133 140 151 150 133 151 158 166 139 173 155 157 138 167 134 167 134 129 173 135 154 148 136 138 152 125 128 150 130 
162 133 149 140 146 145 131 143 158 170 162 140 132 141 155 161 132 165 155 172 128 163 151 144 130 166 135 133 139 133 128 163 167 128 163 153 149 125 125 155 152 126 127 139 158 145 128 173 148 161 157 160 140 157 174 128 133 162 138 143 133 143 165 167 132 148 142 125 138 161 155 136 157 172 147 162 157 154 140 156 172 167 143 161 151 157 127 170 150 142 166 155 155 154 173 144 131 172 129 144 
159 160 139 162 137 148 131 125 155 154 141 163 134 161 128 131 166 132 173 165 151 161 149 160 135 158 170 140 129 148 144 128 173 174 170 167 134 138 169 139 155 161 154 128 128 139 152 142 167 135 140 148 165 138 130 171 143 167 155 140 160 129 131 173 172 155 150 146 146 160 152 141 134 151 156 138 161 146 148 172 131 158 168 145 162 131 128 147 125 144 149 165 162 134 128 173 152 147 152 133 
144 148 163 126 161 156 168 152 138 154 134 174 131 168 139 164 130 147 126 171 164 172 160 126 147 136 134 156 137 126 137 167 133 132 146 168 147 143 133 153 167 151 140 153 140 148 171 147 135 173 166 127 125 131 134 157 133 153 166 125 129 147 128 131 141 166 170 165 159 129 154 161 174 172 132 126 153 160 155 142 125 145 144 156 150 127 160 132 131 163 158 147 126 152 168 141 135 128 157 166 
126 166 143 153 167 166 132 161 171 169 165 137 160 127 130 141 130 145 172 161 159 129 153 173 138 125 137 135 172 142 131 142 155 129 134 145 163 145 151 162 135 137 140 148 171 173 166 157 169 168 174 165 159 141 164 167 136 146 147 161 136 150 157 159 164 159 146 172 141 149 168 133 155 148 156 135 136 170 170 163 160 154 170 163 159 169 153 162 164 173 173 159 134 171 167 157 128 162 145 170 
150 169 160 137 127 148 136 158 126 169 170 156 156 173 145 146 134 169 156 168 168 138 145 172 125 131 138 155 162 166 150 165 162 170 167 160 173 159 166 156 126 146 133 160 149 147 167 131 149 144 150 170 162 159 144 157 156 160 171 138 161 157 171 170 171 138 152 154 153 151 154 158 174 138 151 169 173 149 132 146 159 149 152 138 148 143 162 156 135 173 137 164 167 133 168 134 149 132 145 169 
129 157 155 157 171 130 151 159 155 144 164 162 149 139 158 135 152 141 164 147 149 150 125 164 128 128 156 171 131 169 135 161 171 166 139 157 141 172 164 138 141 133 151 164 126 150 128 159 159 131 160 159 142 164 144 130 143 164 142 153 151 141 164 162 152 136 145 146 125 133 160 162 153 145 130 159 134 133 148 136 139 167 129 165 170 130 151 144 132 159 125 162 134 128 126 168 153 166 137 160 
151 134 170 172 141 169 149 136 148 155 172 141 134 141 145 148 173 146 133 155 142 160 166 130 165 155 141 156 129 152 133 163 127 155 143 150 139 147 125 130 149 167 148 157 158 125 148 141 164 133 148 129 166 141 131 162 142 158 133 135 131 130 157 125 163 133 166 155 153 168 158 173 133 166 172 144 174 153 132 160 172 137 140 170 141 171 131 132 140 128 127 174 134 165 157 134 133 152 151 151 
126 152 174 156 163 173 155 149 174 137 161 143 148 160 161 163 141 138 148 156 140 149 147 156 163 149 168 158 158 147 162 174 134 140 167 150 133 147 139 152 147 132 157 173 130 172 134 171 148 129 137 153 133 166 149 163 130 159 174 157 162 140 151 134 155 155 151 162 162 150 150 135 133 161 151 128 164 148 168 125 131 147 155 171 152 138 160 157 159 162 130 170 133 130 134 147 132 172 132 134 
162 154 164 131 147 158 132 156 131 134 156 139 145 165 163 164 134 169 146 156 164 154 136 146 168 126 168 127 166 150 126 146 139 146 131 136 157 159 150 153 174 128 166 137 142 145 134 146 145 159 173 144 152 126 157 169 145 166 147 143 133 130 174 148 127 153 166 143 133 127 138 134 141 143 151 163 152 131 170 171 159 161 136 170 155 134 172 138 162 127 141 132 161 135 171 170 171 133 152 157 
159 141 130 136 153 147 153 172 168 146 173 161 170 149 140 148 172 161 127 166 153 173 162 163 146 149 134 145 140 125 174 129 141 134 126 129 154 130 167 129 155 129 151 174 163 131 167 138 137 148 168 152 136 155 153 174 142 163 140 160 173 129 141 150 156 174 128 170 169 144 132 165 128 173 153 163 154 140 153 149 142 161 130 157 142 147 129 144 139 171 135 130 128 127 136 146 125 146 172 153 
164 165 147 147 149 151 143 136 138 130 126 161 166 140 170 147 128 157 161 173 161 138 169 158 150 147 161 167 173 134 129 143 173 169 142 170 164 133 164 153 172 160 145 149 158 161 139 156 163 138 159 160 125 164 144 144 142 136 142 128 155 164 131 164 136 166 142 164 173 125 139 132 158 139 148 163 169 152 129 141 159 126 158 165 159 171 161 125 132 147 138 148 150 168 158 137 153 130 149 156 
145 173 171 169 126 131 141 170 161 159 158 149 140 164 139 142 129 172 145 136 129 174 150 139 134 168 160 134 162 171 137 141 155 133 146 164 133 159 171 167 135 153 173 168 129 143 146 138 144 149 173 135 131 134 130 155 138 170 133 156 170 169 149 137 147 128 162 170 161 135 154 148 153 174 173 128 148 147 163 166 161 159 144 150 132 166 141 156 138 137 132 170 143 136 152 125 158 162 157 146 
155 140 173 126 169 166 165 153 135 146 168 165 162 152 158 132 130 161 125 153 171 136 137 144 125 165 162 159 168 168 159 160 127 140 141 157 138 167 132 154 133 147 125 138 145 171 155 137 156 134 147 153 133 136 140 139 144 126 146 166 143 128 143 147 166 149 154 170 126 140 133 132 128 149 131 135 137 160 130 156 125 126 141 152 128 145 125 128 126 168 137 144 149 137 166 128 145 171 132 157 
140 132 163 144 173 131 134 140 144 141 131 153 171 162 148 157 161 138 170 157 161 136 160 153 139 151 145 168 154 162 143 153 146 151 165 172 148 164 148 133 128 148 125 128 140 172 159 173 125 172 173 163 166 152 159 154 153 136 160 137 154 136 164 169 160 125 173 168 145 169 126 161 138 158 140 158 157 140 150 141 141 132 136 156 160 126 128 137 161 125 143 161 145 173 160 173 155 165 153 154 
142 166 140 148 163 164 153 143 160 140 151 139 169 172 149 171 161 144 137 165 146 136 144 137 157 159 160 125 138 142 131 132 154 154 152 155 156 157 149 153 150 134 131 134 130 171 164 140 157 141 160 174 170 165 128 162 158 161 155 172 133 165 168 138 145 134 127 158 174 140 171 138 161 164 142 127 156 173 127 166 144 153 157 150 166 155 143 158 152 145 161 135 127 170 127 155 145 172 155 134 
161 128 169 128 150 136 139 142 158 172 144 137 169 136 163 162 145 170 172 156 165 154 159 129 134 151 133 150 149 169 138 132 127 170 162 150 145 132 156 160 168 164 167 148 129 146 140 160 157 167 162 146 148 127 126 133 171 147 158 131 174 125 166 144 134 136 126 165 165 148 170 171 146 138 136 133 154 150 153 163 153 142 161 125 171 139 152 151 136 148 171 131 147 165 167 147 143 169 170 158 
148 130 145 138 149 159 165 152 160 173 164 150 160 134 156 143 132 174 164 148 172 167 168 162 134 151 152 158 129 140 144 125 138 174 149 157 173 146 137 137 148 126 137 158 164 171 136 159 162 153 172 157 142 172 133 141 173 141 133 147 168 171 133 131 131 161 170 170 160 170 154 145 160 136 129 143 159 146 133 125 125 146 151 131 146 153 130 147 172 160 128 135 161 131 173 161 128 126 126 167 
139 126 135 153 148 126 156 160 125 173 138 135 131 140 165 165 167 157 135 126 133 136 163 138 161 154 136 174 146 158 154 152 150 130 146 144 153 139 166 137 143 143 153 127 162 158 131 157 148 148 147 150 163 155 146 163 172 155 127 153 165 158 135 155 154 134 169 125 150 163 142 146 141 149 140 145 141 144 168 128 165 141 141 168 140 151 149 138 151 156 159 158 164 149 170 130 127 149 139 158 
172 149 145 153 139 128 144 160 141 159 141 153 136 142 145 155 150 140 137 151 150 140 138 162 141 138 171 127 137 133 153 140 164 162 125 139 141 133 147 148 169 165 173 152 129 132 172 173 168 133 159 166 127 134 136 160 159 136 169 151 171 155 138 172 166 148 136 156 140 153 155 154 173 173 150 151 149 155 174 131 169 168 142 126 158 140 133 132 141 133 173 131 165 170 143 172 167 174 141 167 
174 171 136 163 147 157 169 134 163 169 166 158 141 146 168 158 156 132 170 147 138 125 141 172 137 149 165 130 136 172 164 134 131 166 156 129 165 160 148 135 152 160 144 158 127 130 172 159 153 166 148 141 150 140 144 161 166 129 162 159 138 170 148 147 135 139 145 167 165 128 165 129 126 131 139 148 150 165 168 132 141 163 132 155 148 133 161 125 150 146 163 161 162 125 140 126 174 144 154 151 
133 148 155 126 139 145 138 160 156 140 133 143 138 171 160 166 134 155 147 141 146 137 147 138 139 154 127 163 173 131 165 158 132 144 135 126 174 139 145 139 129 146 125 158 162 173 134 145 128 132 154 133 135 153 166 134 135 160 140 141 153 138 168 174 153 139 140 134 139 130 140 133 131 161 151 132 155 160 158 151 166 156 164 142 132 173 154 142 152 164 154 130 137 127 134 127 150 154 132 155 
162 149 166 163 148 161 131 156 145 144 168 131 129 154 149 126 172 125 137 163 150 144 165 172 160 167 142 174 135 145 139 149 142 160 170 137 160 161 160 165 133 150 125 160 169 137 153 156 162 144 164 171 138 142 134 165 126 134 127 140 154 148 153 168 138 165 152 162 162 156 158 155 154 144 137 145 149 151 132 170 164 152 147 130 166 172 167 173 131 133 144 131 139 163 147 148 165 166 169 125 
172 139 137 173 152 154 130 162 133 150 131 140 150 170 158 132 171 170 139 132 127 138 142 143 128 163 136 168 165 145 147 151 128 157 141 148 171 134 127 127 149 142 147 145 140 166 159 137 162 150 169 140 172 166 173 140 157 151 167 162 130 167 137 142 153 155 150 130 159 154 148 159 143 170 169 154 168 160 167 148 163 129 135 135 161 147 167 146 173 138 164 164 140 162 167 132 167 134 141 127 
134 165 166 157 140 136 136 171 127 138 139 140 166 150 165 168 140 143 166 148 164 153 133 162 152 157 127 144 135 173 150 172 168 159 164 137 138 168 152 160 133 125 125 143 144 158 165 174 157 146 154 138 134 126 134 168 125 136 136 169 170 172 155 155 148 174 143 165 139 172 161 169 160 137 158 144 145 126 163 168 125 174 151 148 170 133 169 129 164 138 148 173 168 171 136 134 135 149 144 131 
127 146 148 171 151 130 156 167 150 128 158 149 137 140 143 143 159 131 152 169 152 127 133 157 151 156 146 141 174 156 163 145 152 166 142 167 127 134 163 130 136 144 157 128 136 145 172 164 149 154 140 129 144 159 130 167 128 170 150 153 149 125 139 157 156 158 128 136 173 126 163 135 140 139 150 164 130 132 136 160 142 145 157 145 172 162 163 160 159 134 157 129 132 137 143 142 172 168 173 155 
137 140 142 140 165 168 149 127 152 165 130 131 156 152 150 156 168 125 152 166 137 162 161 171 158 150 134 126 154 150 144 164 164 151 163 154 148 155 145 147 159 157 126 125 135 154 127 154 156 148 141 168 147 149 138 129 127 141 163 129 173 139 156 134 125 169 143 144 173 126 171 171 168 133 136 127 161 152 164 131 131 163 168 153 155 165 171 161 155 172 136 135 145 174 141 136 163 145 134 146 
145 146 132 151 138 126 172 157 132 143 144 166 128 156 160 136 172 130 155 162 129 126 140 150 128 157 174 125 148 174 162 151 158 173 128 125 133 163 148 165 125 142 169 130 129 128 158 151 170 174 125 138 142 140 126 127 172 169 144 126 133 137 135 134 148 174 150 128 145 127 125 138 139 157 154 147 174 170 152 147 144 141 129 136 139 161 144 136 130 173 174 135 174 165 170 169 131 131 137 134 
140 135 125 134 135 142 161 167 132 160 155 166 136 131 150 156 135 136 164 139 141 168 145 166 155 139 128 127 127 164 139 151 144 137 168 150 167 170 134 127 161 128 134 144 147 127 155 126 165 134 170 135 147 159 128 137 167 128 147 148 169 153 160 138 172 157 154 127 154 164 146 144 163 128 174 145 152 163 130 169 169 147 144 147 131 140 173 144 148 127 143 169 132 128 166 150 154 146 164 163 
129 135 137 171 143 132 149 163 142 152 127 142 128 146 168 165 132 156 162 155 128 147 162 135 159 151 158 162 133 170 138 171 168 125 133 133 151 159 173 172 157 172 131 159 142 168 151 167 127 165 167 139 143 136 156 153 158 149 164 163 174 157 147 146 134 162 136 154 146 143 133 167 148 160 141 155 161 130 160 125 145 136 172 159 164 169 174 154 154 148 162 152 160 165 125 164 153 172 153 169 
147 150 142 162 171 146 141 159 126 167 131 130 154 167 162 139 159 160 151 150 131 155 141 163 147 146 144 125 161 160 149 150 146 147 169 139 134 155 152 173 160 157 165 128 172 152 131 159 155 161 148 146 173 148 129 136 133 132 148 130 131 140 126 164 153 164 159 135 129 159 153 125 131 164 151 156 128 154 134 153 154 162 159 169 155 125 149 159 142 132 135 130 146 134 160 148 168 150 143 130 
150 159 160 132 129 148 133 149 137 126 158 145 129 126 143 151 143 131 167 144 135 131 147 131 169 154 170 165 132 149 141 125 162 165 153 156 172 148 140 161 170 146 170 163 168 144 163 153 130 133 167 128 141 155 164 148 153 168 168 132 126 172 132 128 159 128 133 154 150 133 168 145 168 132 167 151 137 172 168 125 165 162 147 174 151 126 128 155 132 126 138 166 164 161 140 150 146 163 127 156 
142 130 167 133 146 157 135 158 127 159 134 164 148 152 131 137 143 139 141 149 157 138 166 160 159 153 168 150 166 130 129 130 158 162 160 143 148 140 150 161 138 157 157 158 174 130 155 132 147 132 152 137 132 173 165 153 174 137 131 129 139 131 164 140 168 135 157 153 136 169 156 130 132 173 144 139 167 155 155 145 126 137 162 162 131 152 140 137 160 164 169 159 132 161 132 140 130 143 138 148 
144 167 135 139 135 131 174 163 169 163 158 155 144 127 168 152 162 169 140 152 126 139 152 135 144 173 165 164 127 173 141 164 133 164 127 139 163 156 160 157 133 142 165 146 174 157 128 136 170 153 154 134 174 133 137 153 126 140 168 150 143 130 142 171 165 142 147 145 137 127 171 157 159 133 128 166 163 128 147 134 137 149 127 133 155 146 139 158 151 146 144 162 125 164 149 131 144 140 144 155 
127 132 169 130 144 147 159 167 162 150 162 135 172 170 137 164 169 133 159 161 145 161 129 154 142 142 144 148 132 168 151 168 125 168 130 163 141 127 142 157 131 162 173 168 142 168 135 158 133 131 164 160 172 143 166 161 135 137 153 160 140 172 132 155 150 143 156 145 167 145 140 141 145 140 137 135 125 138 168 150 143 141 157 150 146 152 150 142 145 150 160 131 155 147 140 139 166 138 132 127 
174 127 163 137 163 136 157 150 146 168 174 164 145 143 130 173 168 170 148 138 161 130 174 162 146 163 157 149 169 133 144 152 163 152 156 128 168 152 133 146 151 146 139 125 160 138 170 168 133 137 154 150 135 146 143 143 137 166 172 156 144 132 138 158 141 168 149 149 167 159 169 143 148 163 134 160 157 126 147 125 156 173 158 128 163 155 140 164 141 145 126 161 148 165 164 145 155 169 154 173 
168 158 163 155 163 169 138 157 149 153 158 148 130 174 170 130 130 130 162 151 159 137 158 127 128 140 153 127 165 138 154 132 162 155 141 133 155 168 133 150 165 137 135 138 154 143 156 132 142 173 146 137 145 174 154 139 167 139 174 144 165 137 163 173 155 141 174 155 143 144 143 163 127 149 169 141 166 125 136 172 134 165 174 141 125 140 161 171 149 157 165 142 167 153 172 153 135 139 139 156 
134 138 155 156 167 134 135 139 173 125 144 172 126 126 171 158 172 167 159 167 166 134 146 148 143 167 158 165 158 157 149 145 165 174 138 170 143 129 126 163 134 143 131 172 129 155 127 164 168 145 130 140 161 161 149 165 126 129 140 166 151 157 147 146 161 154 163 166 133 161 127 157 168 156 171 164 155 136 138 154 169 145 160 146 149 132 136 151 165 170 162 130 170 141 143 137 168 167 172 142 
134 157 154 153 153 151 174 171 158 162 133 148 160 133 128 149 134 126 140 158 138 159 172 154 136 144 136 131 135 126 161 128 160 167 146 159 146 127 126 173 158 129 141 152 164 168 152 169 174 144 134 129 127 170 136 172 156 158 151 172 136 154 149 163 172 168 164 129 163 145 143 130 136 138 171 158 156 151 167 164 163 125 133 144 167 172 134 151 152 125 134 137 156 152 163 155 136 145 165 144 
150 126 152 146 151 151 131 145 167 165 163 163 154 129 165 162 156 143 147 171 152 145 152 132 140 134 132 140 157 151 134 148 166 138 144 155 131 160 134 174 145 170 133 133 131 163 131 136 166 143 145 127 166 161 143 163 174 157 129 158 139 163 160 137 169 128 137 166 148 128 168 150 157 154 154 148 128 144 135 131 146 133 171 171 171 174 151 174 165 139 143 150 130 142 171 135 128 156 146 133 
168 159 132 165 125 172 134 141 169 166 129 149 153 159 133 146 127 160 158 132 143 156 161 127 163 173 156 135 141 129 131 171 126 131 139 166 138 144 174 143 132 162 138 173 173 129 142 129 163 165 130 159 169 128 169 149 151 149 142 146 131 174 141 154 167 133 130 156 144 158 130 135 159 137 146 130 138 144 164 149 160 131 126 166 143 127 148 168 128 144 131 148 166 172 130 169 147 145 166 170 
132 143 164 127 147 170 138 156 138 126 166 156 158 126 136 147 163 167 135 135 160 152 137 134 148 138 167 164 158 125 150 164 143 158 154 172 163 138 153 160 163 144 135 144 174 158 169 136 167 136 127 168 148 174 125 160 158 139 157 143 140 157 133 142 145 170 172 153 146 152 159 139 150 154 148 153 170 130 170 131 161 151 148 172 153 128 172 166 148 150 153 138 164 148 130 158 160 142 147 151 
136 148 151 138 142 158 163 165 170 128 156 126 129 137 135 170 149 154 155 173 126 155 129 169 147 135 165 168 160 147 169 166 125 153 142 127 131 153 148 166 172 161 170 125 151 167 162 168 135 140 161 137 159 152 137 157 163 133 164 168 142 153 152 162 130 127 141 172 145 150 139 140 172 168 172 136 136 169 163 131 135 139 151 136 141 169 144 158 138 164 151 147 146 163 163 137 172 161 158 163 
158 148 138 133 155 161 148 144 128 132 141 139 174 137 146 169 167 135 144 134 156 129 146 164 159 129 150 141 137 162 141 135 158 155 144 163 168 167 150 143 136 160 129 131 134 145 165 134 163 142 149 126 158 144 126 133 168 129 168 150 171 168 141 157 147 163 135 163 125 136 158 139 161 137 162 136 167 146 144 138 135 162 149 140 159 166 159 166 168 170 162 147 147 172 159 151 132 139 138 125 
140 141 170 168 147 128 160 131 145 126 169 165 145 163 170 170 139 158 167 170 126 128 126 171 162 167 170 130 173 156 152 173 154 171 126 125 163 163 155 145 137 168 127 155 133 153 126 172 168 127 137 132 145 169 169 171 164 131 143 161 150 132 149 161 136 166 167 133 165 149 132 144 147 132 166 139 155 151 153 159 148 145 171 168 164 144 144 149 154 156 155 173 130 164 166 170 154 140 128 148 
156 169 164 138 169 151 166 142 128 147 163 173 169 141 126 135 163 126 164 168 130 154 148 167 131 144 157 172 146 140 156 156 159 151 143 165 169 126 152 155 131 162 173 173 139 162 162 160 129 132 168 126 174 150 158 166 143 132 157 154 144 142 171 169 134 163 174 151 137 147 157 169 136 170 137 164 174 160 147 152 164 128 161 132 166 133 154 174 156 158 167 125 131 130 150 158 173 134 143 156 
153 147 131 151 138 161 167 147 128 172 171 137 153 143 141 148 141 160 148 155 128 152 164 125 132 152 143 131 139 135 146 144 127 174 129 170 161 140 133 165 139 131 132 128 167 125 167 131 151 138 172 169 151 157 169 153 141 174 140 138 127 130 151 127 163 153 148 169 136 174 173 171 163 142 160 171 128 159 159 163 169 127 164 136 153 126 135 165 148 145 150 147 141 130 169 144 167 155 139 170 
159 167 167 145 161 152 150 151 138 166 159 147 131 155 133 147 149 130 169 125 158 149 152 156 138 158 146 141 170 130 127 171 133 133 125 126 131 130 166 172 147 160 160 128 171 128 162 135 137 140 130 145 145 162 156 142 159 133 126 156 143 125 144 153 141 160 128 130 138 142 160 166 166 151 148 144 136 173 162 141 162 160 167 134 174 174 127 139 167 153 136 127 172 158 165 132 128 133 129 142 
138 131 169 161 142 164 132 173 150 152 132 147 174 150 135 163 140 165 146 155 142 127 135 158 133 126 158 151 141 169 137 135 170 154 166 125 160 165 151 128 164 159 158 156 153 154 170 141 160 163 142 132 162 154 126 129 132 130 143 132 158 132 133 170 133 134 151 152 127 151 174 153 158 144 172 174 152 137 145 152 139 159 160 156 134 170 173 134 140 170 148 128 128 137 138 127 144 170 137 139 
137 172 174 161 149 157 147 128 135 171 142 150 140 151 170 125 163 158 125 137 154 137 169 135 151 144 173 139 160 158 131 144 144 128 162 147 148 153 172 155 171 163 163 129 173 174 140 148 128 155 153 137 141 161 148 162 156 128 134 128 150 166 152 137 174 130 143 161 154 149 125 166 125 168 130 136 157 145 138 150 155 130 156 136 153 153 134 157 151 140 154 136 139 174 136 125 153 171 143 154 
142 127 140 148 143 158 150 148 159 162 167 162 157 174 140 146 173 138 142 139 147 151 145 155 149 165 168 162 142 157 154 147 149 165 156 162 127 146 174 165 171 151 163 157 133 146 127 166 141 163 132 162 155 125 164 159 135 133 148 154 164 142 138 159 165 167 141 149 140 139 139 127 157 134 157 169 140 151 164 130 130 141 144 156 155 125 173 141 137 144 141 132 142 133 132 168 173 130 143 155 
152 132 160 151 134 143 160 127 144 129 125 167 147 140 127 166 165 165 170 158 161 138 163 145 154 160 138 129 131 156 160 143 160 171 135 157 134 139 125 125 148 134 147 163 128 173 168 147 166 156 130 148 129 164 158 169 160 157 159 155 139 147 154 155 170 127 159 174 133 164 173 151 161 131 174 161 139 129 172 132 166 170 155 156 127 170 125 143 151 173 137 153 158 135 142 136 136 166 160 143 
138 157 140 144 136 140 165 158 136 165 159 172 142 170 173 145 151 135 142 141 145 125 140 142 155 140 168 161 173 164 125 157 161 169 164 171 133 137 146 128 168 138 130 157 146 152 140 160 137 133 148 143 131 169 156 133 170 143 171 164 148 153 156 136 151 152 139 125 156 158 171 171 161 143 172 152 134 138 148 128 137 155 142 128 147 149 151 132 130 150 155 141 148 143 149 174 143 160 160 127 
154 132 150 173 134 165 143 134 169 162 168 168 159 149 164 133 148 152 172 132 139 155 165 171 153 173 142 127 128 148 142 172 127 164 126 158 127 149 156 139 168 128 172 146 155 172 125 126 132 148 134 157 146 167 172 144 161 136 134 154 162 136 150 163 166 160 142 158 129 132 131 125 156 174 141 155 137 144 141 165 135 164 145 143 156 127 141 144 152 144 167 131 163 157 158 148 128 168 139 154 
160 146 168 132 128 141 161 134 171 150 132 131 160 168 167 166 127 151 144 139 126 140 170 173 152 145 128 150 142 173 155 146 151 127 174 148 159 146 154 158 138 134 128 167 168 131 134 167 162 173 158 163 144 154 170 139 128 128 160 144 158 137 129 127 135 163 173 131 137 164 141 174 174 173 159 158 137 166 163 143 165 159 163 134 162 172 151 125 136 141 169 125 151 158 155 134 164 159 142 164 
134 166 169 145 168 146 140 134 134 173 125 129 140 132 167 126 162 136 133 130 164 129 127 133 148 132 169 158 155 136 136 132 147 160 144 161 138 140 140 171 134 130 169 126 146 135 152 127 146 173 139 142 137 161 133 148 169 150 127 136 161 158 151 145 135 149 125 155 169 172 166 142 170 157 143 164 152 144 155 172 164 133 131 161 171 156 154 154 147 161 140 126 143 143 127 127 125 158 129 160 
169 173 134 149 152 127 173 139 137 125 139 132 158 157 127 165 141 157 163 135 153 160 153 158 131 144 162 170 154 146 125 163 144 158 166 145 130 156 138 156 144 141 130 136 157 135 146 171 171 171 147 126 160 164 140 153 129 150 150 172 134 131 141 141 139 170 127 147 131 139 131 170 130 148 139 149 173 161 166 167 133 166 169 151 146 163 160 170 141 128 152 134 142 129 148 164 156 138 158 163 
140 154 147 162 155 174 171 142 125 157 159 138 140 144 172 153 151 130 156 152 132 149 131 171 144 164 163 155 148 151 142 140 146 152 149 132 125 130 151 156 173 158 138 153 157 140 154 148 172 158 144 141 140 140 127 150 168 145 161 169 174 133 141 156 126 125 153 149 126 157 173 171 133 160 169 174 142 129 135 134 151 164 151 146 170 143 136 137 174 166 137 136 139 155 174 146 164 159 127 160 
132 161 136 125 136 161 164 160 162 136 150 125 163 125 144 136 157 158 170 161 141 143 161 158 143 165 152 136 129 153 136 166 172 133 168 161 148 151 161 126 137 165 128 135 142 128 148 125 127 133 152 161 146 172 154 156 154 173 157 166 159 168 143 146 132 156 163 158 167 136 154 131 155 128 135 158 147 157 161 151 160 156 161 147 142 170 132 165 140 164 172 167 167 162 145 147 138 173 134 129 
156 132 172 149 132 172 172 158 143 171 128 167 169 131 146 168 142 136 133 161 129 170 146 162 174 160 166 136 151 171 173 133 152 137 163 159 126 146 139 152 128 147 167 173 172 136 146 163 134 139 137 161 161 153 156 141 130 138 162 141 140 156 165 171 155 149 137 170 127 130 156 151 127 153 127 129 154 148 133 156 126 151 141 145 161 161 145 145 141 143 167 161 137 158 161 173 138 156 160 137 
142 144 141 149 160 148 156 162 137 125 128 174 136 126 144 157 148 154 127 174 128 145 173 158 166 138 173 162 130 143 139 174 165 125 170 161 140 143 128 148 131 131 171 154 129 169 134 140 136 151 165 158 149 153 171 151 155 157 139 145 140 152 151 130 129 147 165 139 154 160 149 134 140 168 151 156 169 136 134 165 164 138 134 159 130 149 138 166 148 152 126 129 170 125 148 159 140 164 145 149 
159 174 166 167 169 155 155 172 167 144 131 171 171 166 145 165 157 165 150 166 126 128 128 154 136 166 157 133 125 140 135 129 133 157 135 167 155 151 150 131 169 167 135 174 162 161 173 141 137 157 128 159 173 167 125 143 149 169 139 166 155 162 162 169 144 125 132 132 170 139 139 171 169 135 155 170 166 170 155 141 149 157 131 152 159 152 169 169 174 151 154 161 136 139 140 171 166 134 161 144 
125 148 165 131 134 173 126 157 127 138 171 143 169 140 157 151 172 149 161 167 155 146 150 133 150 153 130 151 133 132 141 156 151 144 143 161 169 132 163 140 161 160 138 139 139 151 165 158 148 165 168 169 170 159 147 161 154 136 162 142 169 127 134 136 168 140 145 145 163 167 146 131 172 141 129 127 159 152 170 160 140 134 132 166 147 151 164 140 163 159 158 166 146 150 166 149 164 150 152 169 
167 150 148 132 126 158 155 135 168 171 174 155 155 165 171 159 131 139 136 166 161 135 137 152 133 159 129 133 170 174 165 159 140 125 149 173 151 155 171 130 148 158 133 142 157 141 156 148 127 129 125 152 137 165 174 153 155 165 149 157 165 160 170 137 132 159 170 159 143 172 131 157 140 148 170 153 152 154 172 173 131 159 139 149 164 151 163 162 174 150 136 145 173 140 140 138 172 128 150 129 
155 133 157 128 163 152 168 153 157 137 174 131 160 167 141 157 149 125 151 139 170 137 145 156 157 141 168 169 131 157 166 130 168 154 126 157 148 153 138 148 174 157 138 142 126 153 155 149 131 159 138 157 137 166 163 150 168 157 134 165 161 149 164 174 173 167 128 133 134 166 140 134 168 155 126 169 168 130 165 164 140 129 138 157 125 126 134 166 157 158 158 135 125 170 154 162 155 151 160 155 
158 129 135 159 132 137 141 150 144 144 167 154 168 149 137 145 147 130 153 146 140 138 146 156 170 151 138 155 161 163 142 148 171 144 153 140 129 150 168 138 173 174 164 164 128 148 126 167 173 171 169 165 137 166 145 127 140 150 155 142 126 133 140 152 158 128 159 126 162 132 174 129 126 147 171 133 160 130 144 166 153 125 130 147 154 146 157 165 152 139 152 157 156 152 138 158 134 151 132 127 
127 133 160 160 146 142 171 136 168 167 147 167 141 127 158 164 147 163 158 144 128 136 158 159 158 160 133 141 164 173 143 133 173 132 125 166 140 166 154 153 135 149 135 153 149 134 133 153 167 157 133 131 166 142 154 174 152 127 127 128 172 163 147 144 172 133 156 130 132 160 163 126 142 136 161 155 160 158 136 170 163 143 166 128 136 161 127 169 132 125 143 152 145 145 141 174 141 155 137 169 
136 148 125 130 146 128 158 156 166 157 142 130 170 143 136 131 129 170 150 152 146 133 158 162 140 143 126 135 128 135 141 159 166 163 157 143 153 156 125 128 139 145 126 157 159 127 150 159 164 155 137 142 140 127 136 162 149 159 157 166 134 131 161 131 130 126 132 146 144 127 141 157 152 147 136 157 131 142 162 151 129 135 139 144 130 134 147 172 133 141 154 157 164 139 165 160 135 138 146 155 
150 154 134 157 149 125 127 153 152 138 125 136 156 145 147 142 148 143 129 139 150 144 130 137 131 148 142 133 134 129 136 126 169 163 134 132 166 144 152 150 171 135 132 153 161 135 136 139 154 169 155 127 146 152 165 138 156 146 127 125 158 135 137 166 149 155 125 161 167 171 172 168 172 139 163 168 165 156 166 138 128 152 135 138 143 169 160 141 149 131 152 170 135 168 133 135 154 158 144 142 
133 127 125 172 170 156 164 167 146 152 131 147 132 160 137 127 170 161 144 127 128 138 144 137 134 148 163 148 133 156 137 145 131 144 144 172 155 148 170 160 164 152 170 147 144 167 127 137 164 165 147 139 157 165 133 169 142 134 127 165 152 155 126 160 173 164 134 146 141 155 149 141 161 167 155 160 148 135 154 130 149 134 128 138 130 130 161 138 148 155 131 163 157 171 148 148 173 154 148 163 
167 150 134 164 159 173 154 132 153 127 161 134 129 162 163 153 174 126 151 128 163 160 164 132 165 173 138 153 152 133 170 127 171 170 163 171 147 171 141 125 142 169 134 138 163 130 136 138 130 158 129 168 167 133 143 150 160 132 136 143 142 130 168 165 164 141 166 148 138 174 141 127 139 165 157 125 163 143 147 164 170 139 137 130 132 138 147 154 143 164 156 160 129 170 159 145 153 133 144 156 
131 134 151 158 156 155 157 151 146 148 147 152 149 128 125 168 137 141 151 168 153 146 153 164 147 133 160 130 167 138 150 169 136 126 130 153 130 141 157 173 172 144 127 155 137 142 133 139 139 154 134 143 140 128 152 149 159 152 167 134 144 158 140 174 146 161 142 169 138 151 154 157 143 154 137 161 134 130 147 144 141 156 161 135 128 125 169 128 126 129 129 170 155 150 159 156 170 156 172 155 
152 133 139 149 125 144 136 161 167 141 125 134 134 133 154 137 139 165 142 140 128 152 162 169 150 164 137 161 134 167 140 140 133 142 161 144 126 169 146 128 143 164 152 162 141 153 140 170 164 173 151 132 169 165 170 126 145 146 174 141 170 172 157 136 164 158 126 167 134 139 173 162 169 157 161 147 144 136 164 150 172 160 126 157 146 162 151 156 154 143 141 128 163 170 151 138 153 128 125 129 
163 174 165 162 145 162 139 152 135 134 165 130 131 157 156 137 157 133 139 130 171 143 151 139 170 143 156 139 162 147 128 158 143 162 151 146 164 138 144 174 160 128 139 137 137 138 151 156 147 159 138 162 146 169 125 143 127 136 145 131 137 141 154 173 159 152 148 152 168 174 147 166 145 174 129 130 143 138 137 171 140 162 143 145 133 154 126 140 133 166 171 125 149 162 157 133 173 136 164 171 
141 170 174 149 132 129 129 145 155 172 134 174 145 136 134 148 136 133 156 131 172 144 143 143 167 131 137 140 141 143 160 143 127 156 137 142 168 126 166 154 130 128 161 149 159 133 146 128 137 140 137 125 173 167 126 137 163 129 150 155 153 141 128 158 160 173 140 174 134 134 174 174 161 169 130 166 129 134 171 150 158 132 172 170 151 167 142 150 137 167 158 161 145 160 157 151 138 152 133 140 
166 162 159 174 151 125 135 171 164 127 140 142 143 142 149 131 156 156 165 144 153 136 140 169 173 160 153 145 138 129 164 149 164 138 168 155 159 125 151 131 171 134 170 155 138 138 167 155 143 133 147 158 155 168 169 168 160 172 134 129 132 174 142 127 147 154 158 146 152 159 167 128 163 157 130 131 145 138 158 159 154 142 132 132 155 151 162 128 173 135 133 157 156 129 155 125 156 161 161 143 
149 139 125 157 173 144 137 159 137 164 156 156 149 158 142 135 135 151 149 130 149 130 150 159 139 139 151 145 169 142 163 127 151 160 151 159 172 150 170 140 149 160 130 172 137 163 157 157 155 129 142 126 152 161 164 140 147 173 156 126 129 141 161 168 170 140 159 146 137 160 156 160 150 172 153 129 133 172 137 157 164 135 147 163 162 165 130 166 127 159 126 153 169 139 146 131 157 160 154 135 
134 142 132 143 157 166 162 131 160 164 134 155 135 128 138 165 143 150 131 170 173 132 132 135 141 141 135 156 138 158 155 160 140 160 173 147 173 139 161 159 128 149 145 173 164 135 153 145 135 164 135 156 141 173 138 172 132 162 152 157 154 155 126 140 158 150 133 159 134 166 137 169 146 140 171 144 165 127 142 166 128 128 148 127 166 156 173 169 150 130 153 151 128 141 168 169 166 152 153 132 
147 170 164 166 167 144 151 154 139 168 135 173 165 165 174 125 155 139 135 160 174 170 134 138 149 144 169 150 164 167 164 155 174 173 171 143 139 127 167 164 169 131 163 165 173 169 159 164 153 156 169 153 166 159 150 161 151 173 139 166 155 126 145 173 174 166 168 163 127 135 157 157 129 150 128 128 156 169 128 146 162 139 141 138 147 138 147 168 156 125 128 128 170 146 147 141 153 171 152 166 
130 148 154 169 152 144 158 143 145 140 167 148 169 142 155 160 134 152 127 139 146 169 143 130 159 169 163 171 174 129 168 163 136 170 141 148 152 130 169 163 153 169 151 127 134 142 149 147 138 168 134 164 156 128 169 135 163 160 129 153 133 132 153 165 173 125 141 172 158 126 143 130 144 153 155 157 126 138 171 140 167 167 140 163 153 166 169 167 146 141 139 153 159 164 171 152 170 167 167 141 
136 155 135 162 133 153 126 128 125 126 170 150 144 133 174 148 137 140 127 166 127 170 168 137 134 145 134 145 137 151 126 130 140 158 137 148 162 139 130 136 151 131 155 154 163 157 142 153 138 156 155 134 134 158 155 131 167 134 131 154 142 127 150 147 165 173 170 168 139 135 152 144 170 145 165 141 168 149 142 173 172 138 171 169 150 125 142 133 149 136 137 160 162 140 131 150 145 155 164 145 
164 139 144 125 136 136 145 129 148 130 159 144 131 167 141 133 155 142 158 138 126 155 128 162 144 167 157 137 149 160 134 147 133 156 145 153 155 133 133 132 169 151 161 150 174 127 135 154 156 159 155 126 160 136 155 160 131 153 170 147 146 144 129 145 164 128 158 146 128 159 164 159 133 150 153 132 166 167 127 147 140 148 148 128 166 126 161 156 133 142 174 133 134 157 129 156 160 145 147 127 
130 138 138 147 173 150 152 127 132 172 163 143 170 138 161 151 162 153 172 153 129 174 158 173 135 174 142 170 126 136 125 169 131 150 173 158 145 174 133 137 125 163 169 173 165 142 164 156 151 159 144 151 172 167 127 138 159 154 144 171 127 145 147 141 156 131 140 131 133 126 164 133 129 136 162 149 132 166 153 170 149 174 165 157 129 152 139 148 130 149 145 160 143 171 143 156 127 140 157 138 
164 151 166 153 144 173 134 165 164 151 154 137 158 157 133 140 168 164 140 134 127 145 130 145 138 173 141 148 154 126 160 151 167 146 152 168 165 158 173 127 149 132 126 150 145 164 173 133 168 151 143 156 168 132 158 153 166 130 133 129 152 166 127 157 158 144 152 134 157 156 159 168 172 173 164 127 166 129 140 146 132 145 140 134 167 145 160 133 161 132 158 156 163 155 145 170 156 174 133 134 
156 132 133 130 165 152 132 151 133 132 138 134 167 148 147 167 130 165 158 144 152 133 128 158 168 155 150 160 164 136 126 145 170 146 151 141 153 146 134 152 135 145 164 137 130 138 163 159 135 136 153 137 126 156 154 172 158 156 162 174 147 164 135 143 152 126 152 172 161 142 127 169 143 149 150 149 129 127 142 133 142 139 131 170 130 130 151 174 170 137 132 133 165 138 159 158 172 136 162 168 
144 166 170 145 154 148 126 152 156 126 165 133 162 145 157 145 172 169 172 125 126 165 152 154 173 148 155 163 128 165 131 152 136 160 142 169 172 142 171 129 151 130 144 131 161 158 166 126 138 131 133 145 173 144 166 160 171 162 152 163 128 158 159 171 154 130 148 125 145 145 135 163 137 154 137 163 173 134 142 149 138 143 148 135 152 155 145 173 143 129 150 148 166 137 165 163 156 162 130 147 
144 167 172 136 151 162 133 159 166 154 136 135 139 153 134 162 173 137 155 145 151 137 143 157 154 166 145 171 166 153 142 152 165 156 150 147 151 143 153 167 174 148 147 153 133 142 159 156 146 159 154 162 132 126 132 159 162 134 142 154 142 145 145 139 151 134 161 136 168 169 129 142 149 170 135 147 143 159 158 162 134 126 157 131 135 139 153 131 151 136 135 147 168 145 133 137 140 166 130 139 
144 173 141 126 151 151 142 166 158 159 148 172 167 166 167 166 153 137 138 125 138 143 164 160 159 136 126 131 144 162 168 144 146 132 149 163 171 144 134 165 156 147 129 137 145 168 131 151 140 157 146 146 142 138 160 154 163 168 135 133 128 135 171 138 131 150 156 136 149 165 127 154 152 128 166 132 174 129 172 164 139 164 127 156 167 146 133 140 141 133 174 132 126 174 139 134 161 163 136 133 
171 150 144 145 133 173 132 150 148 154 154 149 130 151 145 153 168 149 153 138 158 158 147 143 162 172 167 136 136 161 143 145 143 172 152 125 164 173 174 167 141 145 138 163 127 139 174 151 149 148 135 153 127 135 130 154 129 150 129 161 158 156 126 161 133 127 163 145 173 173 164 153 174 145 154 170 173 140 172 152 150 135 154 145 156 135 136 132 172 144 174 137 133 134 164 172 171 157 141 138 
165 153 139 158 165 127 160 141 158 141 155 148 135 140 134 129 141 137 160 141 127 158 138 168 164 126 170 141 125 153 129 154 150 126 139 141 135 152 159 134 144 128 148 163 125 143 144 132 148 174 145 126 154 164 143 135 171 136 159 156 165 158 161 125 131 171 163 151 132 130 128 174 163 146 172 169 136 149 142 165 160 126 125 143 145 174 137 149 129 170 158 170 155 135 144 165 160 156 125 154 
166 130 159 164 137 148 171 139 173 156 157 138 174 133 157 141 160 140 153 173 169 159 130 162 171 126 144 137 164 153 170 137 130 167 139 174 166 128 151 125 166 128 133 129 149 133 168 158 146 156 168 129 163 161 163 149 147 137 163 148 127 154 149 151 131 131 138 134 136 147 166 167 160 173 136 129 137 144 133 133 151 168 144 163 144 150 172 129 128 165 150 152 140 153 134 129 143 155 130 151 
164 136 128 155 144 136 161 157 125 165 133 166 125 150 150 155 132 131 128 166 135 162 158 143 174 167 169 129 155 159 133 168 155 126 150 129 128 151 148 127 152 142 171 168 133 165 163 160 126 158 160 143 170 135 154 146 127 169 161 131 139 152 152 127 160 127 129 170 133 128 136 137 170 125 132 150 170 170 147 136 128 127 167 133 171 142 144 169 140 168 170 141 154 167 161 138 171 161 149 174 

