2
80

74 90 
85 88 
68 98 
99 50 
56 69 
64 87 
83 63 
60 78 
59 99 
59 91 
51 78 
79 72 
82 76 
88 56 
75 63 
80 59 
87 56 
56 96 
68 68 
72 79 
86 97 
89 98 
53 88 
73 58 
88 76 
81 70 
92 83 
50 99 
97 61 
60 82 
83 73 
86 90 
68 89 
51 52 
67 54 
95 70 
53 53 
98 84 
71 88 
57 71 
85 88 
77 98 
85 84 
69 60 
95 53 
62 75 
77 69 
82 94 
77 73 
79 69 
64 81 
89 72 
99 58 
87 64 
68 91 
72 70 
77 64 
50 96 
59 98 
51 87 
87 82 
81 70 
63 91 
71 73 
94 95 
50 74 
60 93 
61 53 
75 84 
64 54 
56 56 
95 70 
93 52 
56 67 
63 95 
52 95 
52 92 
54 65 
54 81 
89 88 

135 151 156 152 156 139 139 135 131 140 137 159 169 173 134 150 142 173 128 125 165 145 170 139 148 160 173 169 134 131 139 171 137 129 163 171 164 126 160 171 164 147 170 146 163 127 135 159 163 166 165 127 131 139 145 150 125 170 142 170 130 167 125 151 161 139 159 153 170 133 147 129 133 168 162 127 133 144 130 152 
128 126 148 127 156 161 165 131 138 145 157 141 131 171 126 154 158 126 161 172 152 147 158 125 171 173 127 125 168 160 173 131 145 158 170 140 144 164 149 132 151 162 157 139 169 154 138 156 157 127 164 166 126 165 165 155 146 166 151 139 147 159 126 163 126 166 171 167 136 138 138 163 145 137 135 169 157 155 151 155 
138 157 128 149 150 134 155 172 144 137 164 147 138 152 130 161 149 127 165 130 131 159 160 164 159 149 127 150 144 132 168 148 158 127 127 135 166 142 145 129 125 132 145 159 133 140 172 149 142 161 156 131 146 174 162 170 131 159 142 158 155 149 158 167 128 142 164 152 167 172 155 146 153 158 159 171 144 163 163 144 
129 139 129 171 154 152 174 163 157 147 172 157 136 140 132 164 154 139 159 160 131 154 149 126 165 166 137 143 146 136 162 166 143 166 126 165 141 153 159 142 150 169 171 163 171 159 164 148 162 130 146 151 128 152 134 166 160 149 150 130 168 132 173 156 168 153 160 165 171 156 151 140 140 159 160 169 150 141 142 135 
169 156 168 170 136 131 149 157 145 136 162 144 147 170 170 136 155 142 165 133 137 174 156 171 125 156 153 126 151 147 171 161 138 129 153 136 140 161 153 163 133 164 139 162 126 174 126 139 152 152 134 162 158 169 155 147 125 172 174 132 154 161 164 137 155 166 143 127 162 135 134 131 132 129 156 136 142 152 144 169 
143 138 152 147 174 172 134 149 131 170 131 146 161 142 155 128 160 135 148 161 137 153 147 134 130 142 165 160 167 132 162 150 130 130 161 156 158 166 130 141 143 168 134 149 142 164 165 134 161 168 151 133 147 137 148 172 142 140 165 154 170 137 143 151 157 139 155 159 162 174 164 169 166 158 131 126 127 158 145 156 
160 126 152 144 169 132 158 141 163 168 173 136 172 131 152 161 149 131 135 168 170 169 170 142 144 135 152 144 138 149 135 167 174 131 159 147 170 154 152 140 126 126 167 172 156 172 141 154 126 164 130 156 145 126 159 166 174 155 159 160 169 172 145 163 144 172 143 168 164 169 154 146 149 132 135 142 152 154 143 155 
167 144 157 165 136 133 141 153 151 156 142 142 129 151 174 127 128 147 136 149 148 158 170 139 128 166 149 154 148 153 146 169 125 166 141 174 170 171 131 130 169 155 150 146 170 139 125 156 141 150 162 169 136 167 131 149 172 158 128 173 129 162 139 168 166 169 172 132 141 151 145 125 156 125 145 155 129 165 168 141 
141 168 141 152 148 156 139 170 129 154 146 141 173 168 173 165 164 171 161 126 132 141 154 162 154 131 174 172 155 151 162 144 134 151 130 132 132 128 154 167 134 161 153 156 162 173 147 133 164 129 134 140 170 125 137 152 145 170 160 160 130 153 161 143 156 159 173 167 138 148 162 159 147 125 165 146 168 148 148 142 
172 153 161 139 165 154 136 131 130 153 158 148 144 140 138 130 131 155 139 168 126 143 129 125 161 171 132 131 143 145 146 138 131 164 144 154 146 130 136 167 154 160 139 166 143 173 167 152 160 142 163 167 153 167 131 135 174 159 157 138 151 128 141 135 171 164 159 149 139 165 156 134 129 126 129 174 166 141 136 147 
141 157 146 128 152 167 160 164 140 158 153 141 138 152 174 139 137 136 131 133 137 160 126 163 158 135 159 150 151 154 172 170 143 160 164 133 172 141 146 167 125 139 171 158 133 170 160 130 147 146 151 139 171 167 170 165 139 167 168 134 173 173 129 148 160 127 165 144 171 172 173 166 134 150 148 142 145 172 166 138 
147 155 155 173 146 154 145 138 161 139 161 131 161 131 137 153 165 131 149 134 169 144 140 152 149 147 169 167 169 156 173 150 174 147 141 134 141 125 151 163 152 166 170 132 133 172 145 161 149 163 162 162 149 136 158 143 139 126 158 140 153 158 142 169 142 135 153 135 128 164 157 129 142 157 142 148 156 141 149 168 
151 170 132 132 158 150 153 141 150 138 151 171 133 126 136 160 138 134 144 140 126 167 143 151 146 170 172 143 172 159 126 143 133 147 141 156 164 157 169 155 125 140 158 161 141 143 155 127 135 149 147 135 137 162 164 150 133 172 131 142 139 135 170 163 128 127 133 154 156 146 144 151 161 143 171 130 143 125 139 167 
153 161 168 163 139 152 170 146 161 139 131 174 131 174 154 132 133 130 166 136 130 133 165 166 146 167 143 141 142 166 145 173 132 160 146 144 130 133 146 151 164 171 174 145 168 147 152 157 137 144 154 158 141 126 139 160 172 138 129 151 148 126 138 156 174 164 166 174 171 128 169 169 168 134 159 161 171 174 167 161 
138 156 128 173 158 169 133 138 174 165 168 159 152 142 142 166 161 149 135 171 149 135 159 174 136 149 162 158 146 130 153 132 129 127 142 143 168 134 145 163 170 149 159 135 156 131 162 149 136 162 138 172 132 168 174 144 146 139 166 138 139 144 173 170 165 159 151 127 173 127 150 153 125 167 140 142 142 139 126 128 
148 135 130 164 174 157 144 134 164 148 174 153 164 161 131 152 139 159 125 132 139 140 130 133 125 137 145 141 137 168 160 140 163 147 125 164 168 142 163 133 141 163 132 132 157 137 132 150 155 135 144 136 141 136 156 125 151 146 129 125 166 162 155 148 131 174 144 174 125 156 167 143 141 149 154 155 134 136 165 173 
125 143 152 141 149 128 138 129 145 167 170 142 137 158 169 155 130 146 134 164 174 171 132 159 136 126 127 158 173 146 145 157 140 142 171 173 153 157 156 166 125 161 159 139 163 145 144 132 168 139 161 169 165 139 148 160 128 156 142 157 145 146 151 168 154 146 132 152 135 148 158 155 139 174 139 147 145 139 129 139 
137 154 129 168 165 158 152 139 138 141 128 159 173 159 129 155 134 137 161 158 125 161 136 152 153 146 146 148 156 167 151 129 152 125 128 161 134 155 165 173 146 161 154 133 130 147 160 155 125 154 154 137 131 148 143 155 151 161 137 142 162 131 142 160 163 128 145 139 161 154 129 159 137 134 141 159 137 129 163 168 
143 152 152 139 167 171 172 133 145 127 158 166 164 153 143 161 125 136 138 160 168 134 154 150 172 147 135 172 155 172 134 173 149 135 172 133 155 166 157 163 161 147 131 171 150 168 129 165 131 131 141 128 149 128 156 146 171 157 148 173 151 137 161 148 130 170 149 127 130 126 134 151 155 164 128 151 151 166 174 154 
156 146 147 173 138 127 150 143 159 160 157 143 142 163 126 135 135 133 133 171 125 144 174 152 172 125 137 134 155 161 133 140 125 165 136 149 151 171 127 161 163 144 173 144 137 148 146 136 150 157 148 153 154 132 154 134 150 158 154 157 125 136 158 135 161 126 154 156 149 131 167 142 155 152 171 158 173 144 128 146 
139 158 154 158 172 173 127 161 169 168 142 166 150 128 161 148 147 153 144 153 138 161 159 141 165 140 133 126 133 151 140 169 153 146 130 142 138 172 170 141 150 128 167 149 136 148 138 139 140 164 165 145 139 138 171 141 148 163 167 161 159 142 174 156 172 141 138 158 125 148 127 167 167 144 161 130 136 148 168 145 
143 155 141 138 158 134 171 160 170 152 147 137 144 138 147 142 170 139 140 166 171 145 155 149 146 169 169 171 129 143 129 152 173 164 158 139 125 147 171 142 136 133 139 142 169 125 169 165 155 131 155 154 127 140 163 169 157 161 159 126 153 137 134 144 134 164 142 145 146 150 137 144 125 159 167 133 136 129 135 174 
167 165 127 128 145 133 159 146 164 140 126 154 142 150 149 149 142 163 157 136 166 139 138 134 169 164 162 131 157 164 129 172 160 129 143 138 165 164 157 172 145 162 166 164 168 155 171 160 129 131 155 163 132 144 125 169 158 163 159 146 131 156 165 139 162 139 143 145 163 162 157 141 170 139 162 130 162 160 134 133 
150 146 130 153 145 136 127 163 126 138 173 147 156 164 152 132 140 141 145 132 169 148 141 126 129 140 172 143 168 136 146 167 169 158 141 145 146 150 161 133 133 158 162 172 138 167 137 145 149 129 134 161 169 131 143 131 158 136 171 137 156 133 173 147 127 156 143 164 136 164 149 150 129 144 169 160 125 131 140 147 
144 170 151 167 164 169 128 132 138 149 171 129 129 164 161 141 145 164 133 142 137 171 144 133 138 173 171 135 137 153 165 161 132 161 174 126 158 141 167 131 173 136 132 167 152 139 151 145 158 162 141 129 149 152 129 145 170 133 174 170 173 165 163 153 136 162 130 153 152 168 173 126 155 133 157 150 144 142 127 159 
146 134 158 156 128 142 162 166 137 128 133 169 167 163 166 157 160 163 132 125 145 154 152 151 169 167 149 149 172 161 130 161 161 128 130 134 128 133 158 156 159 165 147 155 133 149 133 163 144 131 159 145 159 125 147 129 171 129 153 172 164 153 125 127 150 149 127 126 135 146 127 146 152 149 152 142 135 168 132 167 
156 142 156 130 170 129 173 158 137 159 141 162 148 138 130 131 125 151 141 140 144 135 155 167 155 157 163 162 167 151 161 147 135 128 135 166 126 132 155 141 126 170 162 161 165 137 149 158 163 159 127 173 159 168 147 129 143 173 151 133 148 131 127 132 129 155 132 144 127 126 133 172 161 165 170 154 134 158 140 167 
140 161 165 151 132 137 150 152 139 132 134 166 171 172 125 162 125 145 152 153 146 158 171 145 126 141 156 153 147 135 127 169 159 169 159 139 132 162 169 160 142 172 159 126 141 131 156 157 170 137 173 133 158 163 169 172 143 143 156 133 172 162 141 143 152 164 159 131 171 159 128 146 161 136 150 141 158 159 158 129 
143 174 164 129 129 147 158 160 132 126 126 166 169 165 130 129 171 136 156 163 130 131 170 172 158 143 155 127 164 125 147 166 165 169 162 133 173 158 136 139 145 135 147 167 163 131 145 152 168 157 128 148 140 151 153 168 161 159 167 155 152 170 153 143 134 163 130 127 145 165 154 154 131 164 172 147 143 142 142 171 
147 131 164 151 139 134 167 136 169 163 133 143 127 167 172 164 166 133 174 139 134 142 153 163 133 142 149 148 154 152 172 151 147 150 130 131 146 167 162 168 128 165 153 160 170 142 162 128 129 140 133 158 160 171 174 173 151 160 169 174 136 157 157 156 167 132 153 150 166 142 146 128 167 136 129 154 159 140 163 148 
126 156 159 165 171 172 153 161 172 137 160 164 153 163 126 131 133 140 139 144 134 174 165 133 136 154 143 160 158 126 152 168 151 145 127 138 144 143 149 161 138 174 150 161 142 143 131 133 158 141 152 153 162 129 127 168 145 155 164 139 149 137 164 153 133 143 162 168 126 173 144 146 129 157 144 171 136 137 146 131 
167 166 125 148 153 128 140 144 130 151 143 169 159 133 171 139 147 144 170 172 173 132 152 126 172 134 150 172 152 139 172 170 169 155 129 166 160 136 174 147 127 165 170 152 142 158 173 150 137 151 149 170 147 167 156 143 170 149 132 160 125 174 154 158 139 150 153 156 173 157 169 127 141 168 129 137 155 125 150 174 
150 169 173 160 150 144 129 166 172 132 172 159 168 169 152 160 134 133 131 162 150 164 154 134 139 173 126 149 158 143 156 143 157 136 127 141 163 129 125 148 143 172 145 156 132 141 154 161 159 155 141 166 171 130 171 125 136 153 163 129 155 160 150 148 129 159 167 163 139 135 161 167 139 171 155 145 170 169 162 126 
170 168 141 165 173 172 144 129 174 154 144 131 138 164 164 139 138 125 174 141 151 142 147 125 144 125 169 134 156 142 172 135 156 171 162 140 145 133 141 133 143 151 174 166 144 151 125 173 131 148 161 174 158 153 150 160 131 133 160 144 138 141 162 149 156 128 126 172 144 151 170 173 131 147 154 142 163 174 127 146 
136 156 156 150 143 140 137 172 153 152 163 164 155 164 140 137 132 137 154 155 154 156 147 133 144 142 149 145 146 168 147 168 160 147 129 137 141 153 152 167 143 145 160 144 146 166 153 148 166 152 174 164 159 139 143 173 144 143 134 139 174 156 157 133 132 131 138 167 157 157 163 151 127 139 166 165 162 155 172 155 
133 167 159 143 152 137 162 132 160 161 165 142 172 128 129 157 172 139 151 143 156 152 160 127 156 148 133 157 129 150 146 138 126 125 131 134 146 149 127 159 147 139 148 152 131 170 164 154 131 153 171 130 140 143 133 159 142 151 136 150 137 139 172 151 133 156 162 160 139 141 144 137 138 138 137 154 143 126 135 140 
166 131 133 147 166 152 132 146 139 167 171 144 133 137 140 133 137 156 169 157 125 152 143 149 138 134 163 127 125 169 139 163 135 167 174 156 165 168 147 152 147 150 157 157 167 169 167 142 131 167 147 174 137 167 151 138 159 147 165 149 137 136 154 170 129 169 131 145 164 144 159 171 169 165 133 165 158 160 134 139 
147 126 146 166 166 171 165 151 165 129 136 159 158 132 166 163 157 170 133 147 160 174 171 128 169 173 133 169 134 153 129 147 139 159 165 172 125 159 170 131 131 157 165 136 153 146 158 143 156 155 156 148 166 157 144 159 163 129 147 149 136 155 156 148 151 163 149 131 127 139 136 143 138 157 160 133 160 164 170 134 
149 128 173 146 169 135 166 165 135 151 126 155 125 137 154 138 142 132 173 159 147 139 172 168 136 164 156 140 162 127 139 168 149 155 148 155 172 157 168 155 162 169 164 148 125 143 160 174 135 151 158 154 143 173 172 152 170 125 156 125 170 152 130 143 125 151 127 129 154 157 155 171 141 127 152 144 130 154 139 169 
133 144 131 125 162 167 151 161 159 144 151 160 157 169 143 167 134 160 153 152 163 132 127 128 140 136 157 159 134 138 127 159 158 141 168 130 141 166 159 140 137 135 136 141 170 134 137 158 169 157 140 166 145 159 167 160 128 158 160 167 160 145 154 130 147 145 142 159 135 150 127 129 165 156 137 163 125 156 172 163 
147 157 128 170 141 165 151 163 148 134 147 134 133 174 130 163 143 159 170 158 136 131 155 140 146 131 151 133 126 140 146 144 127 155 146 125 163 167 132 157 156 144 169 135 130 126 167 138 169 156 132 129 137 144 131 166 159 173 169 134 154 136 126 134 161 172 155 127 133 141 162 128 142 140 142 142 174 136 172 149 
128 131 146 165 164 165 174 162 161 145 128 153 158 152 156 173 158 149 139 161 128 155 173 149 162 145 174 146 132 125 141 169 169 159 148 138 141 130 153 145 148 139 128 128 162 164 144 136 167 159 172 129 147 169 149 155 146 150 146 136 143 130 126 169 147 164 150 168 147 125 150 141 130 129 174 135 126 165 155 136 
133 166 129 151 149 153 156 140 128 149 153 166 157 151 144 129 127 149 155 148 136 155 149 147 170 157 127 148 155 172 134 133 148 154 147 141 147 166 150 134 138 156 169 153 135 162 156 146 170 125 149 154 152 148 174 155 156 158 154 173 153 151 136 148 166 156 151 142 148 140 164 168 140 135 160 128 135 162 163 169 
131 141 171 138 137 173 142 129 151 126 132 145 174 169 140 160 158 161 127 174 132 173 170 147 128 160 158 160 162 147 167 152 169 147 138 174 152 160 164 153 139 171 149 174 147 151 128 151 137 153 125 130 160 136 138 152 165 132 127 158 139 156 161 142 143 129 139 140 164 144 130 161 171 133 174 154 165 131 157 169 
134 140 132 172 153 165 155 168 174 155 132 161 139 141 140 163 137 171 125 173 173 169 130 128 140 164 125 140 163 174 146 161 164 173 139 159 155 165 160 136 161 129 140 146 158 145 162 135 172 159 143 174 133 159 149 129 152 174 145 152 139 174 147 156 145 161 162 161 171 168 171 141 149 143 161 145 131 170 127 141 
154 159 138 148 156 140 173 136 154 173 169 131 131 126 144 156 126 166 166 170 146 160 147 136 146 168 158 134 125 126 145 160 154 161 156 171 158 133 134 130 129 135 141 156 146 129 174 152 131 134 135 136 170 165 167 167 158 168 125 128 142 148 127 140 141 156 170 128 174 137 161 169 126 153 153 145 138 132 157 164 
127 137 140 153 142 159 127 140 170 142 125 125 161 170 155 170 161 167 173 140 136 128 155 168 166 145 133 142 134 136 146 151 172 146 143 161 159 167 144 151 134 158 148 125 163 156 147 138 172 162 174 157 161 129 174 148 144 125 139 172 144 158 142 158 153 139 154 160 152 143 129 139 142 152 146 160 150 132 131 148 
148 148 152 141 126 158 147 149 131 158 169 158 173 139 158 136 165 131 131 148 156 141 160 158 153 133 126 131 130 129 160 165 136 152 146 147 168 140 160 165 131 173 135 146 138 154 170 144 139 147 128 146 133 174 126 147 166 130 136 129 172 142 131 163 138 168 170 170 137 126 149 152 166 127 144 153 147 135 143 142 
145 134 136 161 131 132 136 159 158 161 150 163 174 161 154 163 160 138 173 156 127 127 172 152 174 171 127 160 129 161 151 148 125 157 168 151 145 147 125 165 131 147 147 142 170 155 171 139 131 165 164 157 131 172 153 150 126 147 161 153 161 135 170 167 125 150 135 152 157 130 127 154 149 154 171 149 167 164 134 153 
170 130 129 127 145 168 135 148 149 128 166 166 132 156 147 148 173 138 136 173 133 132 153 173 166 144 164 151 145 132 149 126 135 129 168 125 174 159 157 130 172 159 138 131 154 158 144 172 162 172 130 131 141 127 165 168 131 170 150 134 128 136 169 144 163 146 147 172 161 163 153 162 152 167 149 137 146 129 170 164 
165 168 154 162 137 133 138 151 143 150 134 172 170 137 140 152 133 126 149 149 167 157 156 144 170 155 151 160 126 147 149 128 162 171 156 168 160 140 153 144 143 174 170 132 160 163 141 163 134 171 171 148 137 155 169 145 154 154 146 129 127 156 162 171 128 134 162 149 138 125 162 169 155 131 172 152 169 137 137 132 
127 144 157 166 142 162 137 174 128 156 169 168 160 157 156 132 141 156 151 125 160 134 170 129 140 168 156 153 154 168 152 130 145 164 147 143 170 127 161 174 150 150 136 147 147 152 127 164 154 127 153 160 132 132 140 129 152 146 130 149 152 157 172 151 156 174 170 159 151 167 167 161 157 147 157 156 131 164 134 142 
142 145 164 142 126 169 135 173 163 154 139 126 154 125 151 160 160 162 155 151 154 141 156 160 155 141 130 135 129 133 167 155 132 147 128 133 133 159 166 155 148 158 127 156 145 135 168 141 153 161 140 173 132 158 135 128 161 162 173 145 156 173 156 143 169 154 174 129 133 152 161 149 148 148 153 157 154 154 131 165 
139 150 164 136 174 173 168 153 173 164 145 170 130 161 165 164 158 145 126 156 150 160 131 158 163 129 163 171 166 157 163 154 132 147 170 155 157 138 136 139 154 137 125 151 147 128 166 130 129 131 149 166 174 164 174 150 164 138 165 162 153 171 162 174 171 164 141 172 174 128 147 132 163 144 161 134 149 125 153 167 
173 161 140 159 149 131 161 148 160 133 138 151 151 158 133 153 148 173 133 142 128 166 146 132 150 151 166 173 154 137 127 153 155 129 133 134 159 135 150 146 134 133 166 143 163 128 147 174 156 147 134 150 135 142 167 153 148 125 144 150 146 146 155 172 128 169 146 146 132 141 174 135 140 158 152 172 144 138 139 156 
141 165 169 149 164 136 148 146 126 144 137 163 131 170 141 143 146 133 129 133 137 163 163 131 130 133 150 151 142 135 137 163 150 149 142 168 152 145 137 134 145 169 155 173 151 138 162 125 129 153 140 148 139 172 135 132 153 131 162 125 145 161 166 163 134 170 146 161 156 149 164 145 161 141 159 136 164 161 174 149 
131 162 130 128 135 151 162 153 128 145 148 141 152 172 128 173 133 143 155 172 172 151 173 129 166 145 148 139 127 161 138 144 156 171 130 149 131 167 159 128 165 145 142 170 127 159 159 169 125 163 168 142 152 167 159 127 149 172 168 136 157 161 170 125 146 137 128 153 130 140 167 173 134 158 128 173 141 171 140 130 
129 160 153 168 174 168 127 131 130 169 126 135 148 157 164 130 160 157 164 158 160 147 162 153 131 159 146 125 143 142 156 162 131 156 160 126 139 167 171 133 158 126 152 125 131 172 148 162 158 130 133 150 151 131 142 147 167 173 131 172 126 171 135 148 156 172 141 158 168 143 156 150 138 151 140 140 148 147 159 163 
150 170 164 125 134 136 143 167 137 165 155 136 149 173 131 137 143 168 168 126 147 134 134 166 145 139 153 127 165 140 131 135 132 165 132 167 144 131 134 133 141 161 140 156 129 134 173 158 154 173 151 143 162 141 164 166 144 133 141 174 136 150 133 151 174 135 131 171 134 125 147 149 165 152 153 135 162 166 146 144 
160 153 133 151 166 127 167 147 157 150 144 141 170 140 130 159 159 150 132 145 149 163 149 130 125 159 142 134 148 163 138 168 127 130 129 164 128 158 168 138 140 146 130 151 127 174 173 128 167 174 172 171 143 155 167 142 137 167 172 127 152 129 165 157 144 167 173 151 145 150 157 152 137 160 148 145 137 162 154 135 
132 140 136 144 153 173 154 146 160 128 128 150 145 146 130 153 148 140 133 163 129 167 154 154 165 145 142 125 146 158 125 152 155 148 171 152 156 166 130 128 140 127 174 170 131 153 172 146 162 153 135 139 154 134 143 138 169 155 139 161 152 133 172 169 138 149 163 131 149 164 132 134 173 145 133 130 155 168 149 140 
170 130 169 158 149 134 151 157 169 153 173 147 129 134 143 147 174 173 142 174 155 164 132 150 132 167 164 156 125 162 128 149 167 160 162 138 133 174 132 166 129 132 131 150 173 147 152 150 143 173 143 156 162 132 163 148 139 138 141 141 170 153 166 140 162 152 168 130 173 174 135 170 130 173 150 129 159 157 137 154 
174 149 172 152 154 155 173 136 160 161 145 126 155 162 126 142 135 162 167 135 163 146 142 141 171 162 163 174 150 163 148 170 140 174 136 138 144 126 148 149 171 140 146 153 131 138 146 166 128 130 129 158 160 169 172 156 143 135 126 140 126 162 143 148 157 141 145 147 163 150 154 135 161 143 162 166 136 151 169 157 
163 133 159 150 174 127 162 127 155 165 140 168 166 148 136 128 149 154 171 157 163 161 174 131 145 134 170 126 153 131 131 143 132 142 151 163 169 136 171 132 161 126 128 150 142 168 127 142 150 157 145 143 129 136 134 128 128 144 158 174 146 165 148 158 154 145 173 146 148 135 156 161 163 156 150 149 169 149 128 131 
150 149 156 171 145 167 153 133 151 127 128 172 140 158 147 167 139 131 144 166 153 126 148 131 140 165 151 172 158 156 130 135 137 133 144 166 141 142 151 125 129 156 147 153 155 169 147 164 151 141 131 161 133 143 154 134 173 152 149 148 145 160 145 146 150 173 171 127 133 141 134 142 156 125 163 156 142 128 136 161 
130 130 170 167 157 160 152 159 130 163 143 150 163 138 144 135 171 172 133 138 148 145 174 135 156 162 157 150 135 149 129 136 126 145 137 129 143 156 169 158 132 148 170 141 149 174 172 158 128 125 149 170 148 128 131 160 156 143 163 126 169 157 134 132 139 139 156 146 139 152 147 174 154 133 130 139 134 132 129 145 
125 128 153 149 163 135 152 142 139 160 161 159 164 136 164 133 133 142 151 141 156 144 133 125 171 140 143 168 167 133 140 148 167 159 133 169 159 155 167 173 153 131 133 165 131 151 164 144 143 147 162 162 141 138 162 167 135 162 174 133 154 166 131 129 131 136 159 128 156 166 126 128 148 172 137 131 171 174 133 130 
132 167 133 155 167 132 147 131 151 165 153 158 165 152 162 152 162 139 166 159 143 128 171 144 163 164 170 146 162 147 137 164 148 152 152 134 172 173 166 157 138 134 165 158 166 148 174 165 126 160 137 139 158 164 149 159 130 167 154 131 132 151 167 169 153 167 171 171 166 127 153 139 157 127 149 173 132 125 146 151 
155 143 127 169 162 161 174 168 136 170 126 166 147 125 135 159 161 130 156 156 134 131 164 128 162 159 136 137 128 167 127 145 128 166 173 128 163 152 144 145 127 157 161 167 166 153 161 172 164 174 151 129 165 129 174 133 133 160 138 163 140 146 159 147 174 130 146 156 136 167 131 145 148 134 129 143 125 164 136 130 
162 140 154 144 150 157 131 144 171 155 155 149 160 153 171 159 142 165 128 150 134 145 154 162 125 169 165 145 152 167 170 134 170 128 151 156 166 131 145 144 144 155 166 127 137 138 152 172 160 144 167 140 141 157 134 152 168 159 127 137 150 143 168 138 132 128 167 155 130 160 141 125 167 141 132 141 163 173 146 166 
148 167 153 154 147 147 153 147 153 166 139 163 127 145 130 132 131 145 171 172 128 167 172 156 126 129 170 157 154 136 129 160 127 147 131 166 137 165 132 158 144 173 139 134 143 129 162 172 163 135 169 172 134 146 132 169 151 130 172 133 143 173 169 146 136 155 143 142 159 144 172 163 142 137 171 171 154 130 154 157 
139 146 126 134 169 174 147 172 166 147 169 171 132 143 144 158 133 158 167 156 126 173 126 143 164 161 139 149 151 125 131 159 146 139 147 134 152 152 134 163 140 166 137 131 131 170 157 156 158 139 144 135 129 150 162 160 149 159 170 149 166 165 160 168 146 144 166 157 172 148 167 158 145 166 143 155 155 134 173 128 
142 143 156 156 133 136 156 141 172 157 129 145 125 136 131 137 162 151 151 128 128 160 156 150 125 161 158 136 133 172 170 159 172 155 129 170 125 129 153 129 141 127 166 153 142 153 166 143 166 160 132 167 166 160 150 144 157 128 160 159 143 174 141 163 139 135 142 144 132 154 131 125 153 146 163 131 131 171 130 155 
173 153 173 173 159 128 146 161 165 170 145 141 138 159 153 128 172 132 133 170 141 161 126 170 146 156 141 157 172 156 161 170 168 142 135 161 135 147 133 139 163 146 149 129 136 167 161 144 133 129 126 129 158 165 171 144 142 134 172 148 138 130 126 135 146 128 143 129 169 169 142 125 148 127 165 125 152 170 168 150 
161 166 164 140 132 145 136 157 132 131 156 166 127 154 166 158 164 169 167 135 129 155 140 168 151 165 142 140 161 162 127 139 156 125 159 144 125 143 157 158 160 170 157 167 139 136 136 155 128 157 147 139 171 161 169 143 150 160 130 145 144 137 158 143 146 138 137 139 166 148 129 166 140 139 169 174 149 125 166 138 
131 142 151 163 143 126 142 125 158 137 164 153 133 162 151 139 153 165 158 153 148 151 130 141 145 156 163 145 160 149 154 149 148 145 148 133 147 148 145 162 126 171 162 146 164 146 169 171 130 168 150 169 163 155 168 151 164 131 155 125 127 133 160 128 127 138 165 126 137 166 128 172 170 157 132 171 127 135 142 156 
149 133 171 170 132 144 127 130 136 152 149 172 151 148 165 128 167 157 125 166 159 136 133 126 166 142 162 143 136 126 139 159 148 152 128 132 156 162 141 165 129 143 146 166 165 126 150 158 147 145 168 143 163 167 143 156 160 154 137 168 154 133 174 156 137 132 151 136 159 146 131 136 149 167 132 152 144 130 141 129 
144 174 142 141 132 145 150 133 134 128 171 153 158 147 141 142 135 138 167 169 144 143 147 159 149 145 164 167 139 150 142 164 125 155 160 148 132 136 142 167 169 147 147 146 151 168 149 173 169 166 145 147 142 146 160 150 134 167 134 162 128 159 173 157 132 167 153 149 125 172 168 138 148 132 160 169 148 151 145 159 
158 170 152 174 173 170 142 125 132 147 170 172 131 151 128 151 160 140 128 173 167 173 162 165 129 148 174 148 162 157 172 169 135 128 140 134 154 146 171 164 133 147 130 161 141 174 166 174 161 136 145 138 128 159 125 131 155 162 157 169 141 135 155 150 135 139 157 131 139 157 156 171 156 149 156 173 125 172 161 147 
152 140 165 153 165 137 163 139 159 132 140 159 127 171 158 154 161 166 167 164 135 131 162 140 156 151 163 163 139 164 150 166 154 160 152 163 141 130 128 169 171 165 138 159 134 173 131 154 174 149 136 137 164 172 155 130 145 141 157 142 171 174 159 169 148 150 143 156 146 169 137 148 145 147 130 139 138 143 162 132 

125 137 134 153 125 149 131 145 157 157 126 149 153 171 128 144 138 149 145 128 174 126 135 156 137 168 171 151 174 158 147 132 171 146 157 132 156 140 138 138 144 148 139 129 146 136 167 164 140 148 172 126 136 166 159 146 141 167 147 170 132 142 161 157 137 166 151 130 136 143 152 173 169 152 172 143 160 135 169 134 
159 129 143 155 161 140 132 169 132 134 173 127 158 163 140 151 145 153 166 165 167 152 131 136 154 148 152 165 131 169 161 145 143 142 146 147 160 136 130 170 143 143 165 130 171 140 156 172 154 153 127 140 134 156 142 147 132 167 157 163 151 150 157 150 166 148 147 137 127 152 136 140 136 163 157 129 136 137 151 167 
157 136 128 136 154 129 152 129 138 158 126 136 127 164 168 173 127 153 161 141 146 165 155 154 150 172 155 151 173 155 173 130 146 144 167 147 140 168 166 125 162 141 131 170 127 173 151 129 132 166 159 140 168 141 165 137 149 141 144 145 157 127 126 148 143 156 161 150 167 161 164 145 155 157 141 143 140 167 134 158 
158 164 153 125 173 159 139 137 125 126 139 171 136 137 158 156 136 125 130 137 135 150 168 129 140 127 165 134 170 172 171 163 128 171 132 150 174 144 140 157 137 125 165 170 129 168 138 168 133 138 136 172 131 154 137 125 146 143 171 157 136 126 170 139 157 131 145 156 135 137 163 158 140 134 165 134 170 171 172 154 
128 167 170 147 156 148 137 135 167 144 174 157 172 152 128 170 155 153 153 155 141 158 172 154 166 153 159 167 153 160 155 168 171 159 127 130 144 160 151 129 137 146 156 149 170 161 149 131 166 148 142 129 135 172 151 151 144 125 151 149 161 131 159 157 164 174 139 165 172 128 142 135 141 134 157 147 156 144 152 130 
155 125 162 151 167 142 166 165 138 166 155 142 126 132 155 167 164 170 130 134 141 159 151 132 174 166 163 161 155 154 135 127 154 174 145 130 157 126 156 141 129 162 167 139 139 144 159 165 174 155 148 141 164 148 136 127 155 172 158 165 145 131 164 144 125 126 144 155 163 161 155 138 128 165 161 151 152 143 139 140 
154 139 167 166 141 156 126 134 125 174 125 147 152 171 154 128 158 173 166 132 126 157 149 125 154 131 160 136 149 162 126 139 133 173 164 138 127 165 166 130 169 164 156 155 148 166 139 170 152 144 159 160 170 149 131 140 154 135 132 164 132 126 163 158 159 128 134 155 161 164 145 137 147 144 126 126 150 157 138 174 
140 153 142 140 168 163 160 141 141 163 136 155 135 170 156 129 167 132 142 143 144 168 154 150 127 145 142 125 158 164 155 163 141 130 125 168 157 157 131 136 137 133 156 151 133 141 145 160 164 149 171 160 168 141 161 127 170 146 129 162 140 153 168 156 133 170 152 150 138 126 129 130 165 156 153 138 156 125 126 131 
136 134 138 149 125 146 169 164 126 140 165 165 145 165 148 138 159 139 139 128 147 129 150 172 133 151 145 147 162 129 153 127 161 136 141 164 127 149 146 133 169 131 137 135 173 137 132 130 132 132 174 131 142 169 174 129 136 167 162 130 129 135 125 126 126 128 150 172 141 127 143 152 173 129 174 141 134 152 144 150 
130 153 138 164 148 132 134 146 132 151 137 149 141 144 158 140 125 125 150 157 168 166 126 136 171 156 135 166 172 141 138 158 134 143 153 154 160 157 165 132 145 145 127 169 131 146 162 136 136 152 156 165 147 140 173 133 147 164 158 141 172 149 162 164 156 172 163 155 133 125 156 174 147 132 153 150 141 170 172 164 
163 147 130 138 142 144 140 146 128 160 170 169 155 160 160 138 163 134 135 171 132 135 139 163 130 173 155 142 125 137 147 170 172 157 138 161 165 156 171 171 142 138 126 167 129 167 142 125 159 167 151 143 171 125 136 128 157 163 167 132 131 171 141 154 150 141 154 133 136 162 152 146 137 158 134 137 151 129 135 166 
151 139 134 140 127 132 137 132 133 172 170 133 126 158 166 162 173 141 140 171 139 167 140 141 125 132 172 129 150 160 171 159 137 138 167 128 160 146 168 151 128 162 169 162 140 153 142 152 128 141 168 169 163 141 147 170 134 147 149 160 134 171 151 162 169 151 134 163 156 138 138 153 165 147 174 135 150 132 158 133 
169 140 144 133 154 136 161 160 164 173 174 125 156 127 163 131 167 134 161 128 142 167 166 129 158 167 148 136 167 170 167 125 149 151 134 156 159 167 168 144 168 160 160 141 145 145 161 165 166 165 157 127 129 153 163 127 141 165 157 145 158 140 135 134 166 130 130 144 147 149 138 128 165 126 130 169 134 149 163 173 
125 165 160 145 128 170 130 157 150 144 127 134 140 153 146 168 138 148 134 158 160 166 161 153 159 149 161 130 160 130 151 150 139 167 138 138 154 165 147 161 144 170 173 166 138 140 145 138 127 132 141 173 126 153 154 139 170 164 169 136 165 143 161 161 148 126 149 135 166 129 155 137 136 134 153 142 138 162 162 134 
170 153 127 134 131 143 173 158 154 164 140 144 148 140 135 148 173 164 129 157 138 173 126 152 155 148 161 153 174 172 141 137 144 125 125 137 146 164 137 139 171 159 127 149 132 174 132 138 132 135 134 146 133 165 168 140 151 173 158 168 137 170 163 131 137 170 147 166 135 141 128 160 171 161 173 143 169 174 157 148 
137 134 131 173 151 126 127 134 174 144 165 149 131 134 136 157 145 156 171 173 132 155 143 132 150 159 165 148 160 142 135 161 148 125 174 141 160 144 168 151 155 155 134 153 162 165 173 156 161 132 128 163 134 138 151 129 166 168 150 135 160 151 161 147 141 171 143 138 137 148 128 143 154 151 135 173 149 135 130 127 
167 126 159 160 148 162 137 134 132 136 158 147 166 139 167 139 134 165 126 153 157 151 156 129 154 162 126 130 135 162 136 137 138 164 139 146 169 133 169 147 133 135 146 140 125 166 136 137 166 126 125 163 153 159 169 135 169 125 162 164 128 139 165 142 133 168 155 129 135 147 173 165 130 131 156 139 174 147 126 154 
168 157 162 147 173 154 169 157 159 158 173 149 169 160 173 158 161 144 145 128 137 134 151 167 154 125 132 169 158 153 157 143 155 146 137 143 151 136 157 139 157 166 128 167 153 160 169 169 143 171 130 165 150 137 167 127 160 143 169 172 134 135 174 142 129 143 153 127 136 146 136 169 151 171 151 143 150 134 147 170 
165 159 156 126 128 136 162 161 171 143 156 144 146 165 160 156 125 148 170 130 157 167 139 133 157 158 172 156 164 164 166 146 166 151 139 130 152 130 125 164 167 168 140 153 144 139 130 167 170 174 161 149 146 163 144 131 156 168 128 132 131 165 168 131 133 150 149 172 125 172 151 139 170 127 159 136 127 171 132 145 
145 172 129 153 130 152 151 157 161 129 162 161 140 153 148 128 150 152 161 132 134 164 126 154 144 131 166 141 166 172 141 150 141 146 151 136 133 169 169 150 158 141 127 174 164 151 132 167 151 165 149 169 148 161 132 138 164 156 130 160 132 164 147 142 135 172 128 158 159 166 173 160 144 148 138 129 145 136 146 161 
163 165 161 154 169 165 159 130 148 135 151 127 136 135 155 144 147 138 152 155 171 173 130 139 144 143 170 169 156 143 162 167 165 160 163 134 134 166 172 170 131 150 127 136 138 134 148 149 155 156 164 127 156 149 125 168 154 164 132 136 134 161 154 171 141 157 148 140 139 129 138 150 158 162 161 135 154 136 174 144 
130 147 135 138 164 126 171 134 126 133 129 172 128 129 130 147 147 156 144 154 138 126 147 126 134 152 141 129 126 157 173 133 167 155 149 162 174 160 148 136 138 163 174 150 170 163 157 149 170 127 139 164 160 147 174 134 168 132 170 127 167 156 161 169 131 151 139 153 171 164 171 159 172 131 166 162 150 144 149 139 
150 143 144 128 138 132 170 129 159 158 132 152 131 133 138 131 162 147 136 165 129 135 152 152 162 135 127 136 159 163 144 156 155 125 161 136 131 127 158 171 159 163 173 131 155 152 150 155 140 149 163 162 133 135 164 156 167 140 159 139 157 132 130 153 158 166 128 159 173 171 140 127 165 163 173 158 174 136 133 160 
168 171 142 125 135 159 156 151 143 137 162 131 172 140 143 129 171 151 136 140 152 165 127 171 143 166 172 165 148 170 141 162 130 126 168 155 170 142 168 143 137 129 157 162 149 160 170 133 166 141 141 141 138 163 168 125 125 158 157 138 133 147 130 163 125 127 154 171 173 155 154 169 148 126 132 126 159 136 142 169 
150 135 138 166 163 149 152 173 138 148 173 151 152 171 137 126 169 165 172 158 159 128 171 164 146 138 163 149 132 154 161 147 145 140 133 169 126 125 128 146 172 133 137 145 139 150 170 165 137 155 135 141 137 168 140 139 159 148 167 160 130 160 145 142 155 164 126 164 162 128 161 152 161 142 133 163 140 141 162 169 
150 161 128 125 162 151 167 151 132 137 135 164 168 162 136 134 162 130 167 154 152 150 134 160 127 125 150 160 130 145 138 137 174 127 170 147 158 125 148 135 166 133 137 155 170 148 159 158 132 153 158 167 142 155 151 133 167 140 144 134 168 151 126 160 157 137 174 143 168 165 148 152 159 140 135 159 156 159 145 140 
153 132 151 170 155 144 146 153 126 133 174 144 163 165 149 134 131 147 125 125 161 136 149 169 125 169 139 165 133 125 165 145 144 172 125 141 164 158 143 131 168 152 163 169 126 155 161 146 153 140 157 171 155 158 136 140 159 150 148 154 131 130 141 154 146 127 162 137 145 148 174 163 161 169 137 151 148 125 131 141 
166 129 163 169 170 153 128 147 169 156 136 169 142 144 133 173 145 174 136 162 159 144 149 174 138 169 163 173 174 151 129 155 127 150 130 148 171 148 157 168 141 148 171 130 125 163 170 165 150 125 137 132 163 166 132 138 170 146 168 144 162 155 174 159 126 171 141 165 129 173 168 155 156 173 158 150 132 130 165 146 
149 157 126 169 140 138 159 133 135 173 138 171 162 145 158 166 150 145 136 138 159 136 147 138 171 138 162 133 172 133 161 170 172 168 146 125 155 133 139 134 151 159 171 148 128 133 151 147 139 163 129 144 133 164 140 153 136 139 162 148 132 171 160 149 126 137 144 158 174 169 148 157 161 125 154 125 131 136 161 137 
128 165 156 163 139 160 131 155 174 170 148 170 141 135 137 164 138 149 164 159 149 157 137 163 126 139 160 143 158 162 162 165 164 163 148 152 147 129 134 141 165 172 138 127 171 150 167 147 147 138 172 161 130 159 174 130 167 128 164 133 148 167 133 136 141 167 161 137 150 127 149 163 135 164 172 150 162 161 174 146 
173 129 163 136 158 140 144 163 157 168 142 172 168 141 131 143 149 148 145 151 154 164 153 148 164 128 136 152 139 166 126 174 160 146 126 167 161 152 160 142 128 162 163 165 167 131 132 164 173 152 168 166 158 167 152 137 169 134 168 142 170 164 144 139 156 129 127 162 145 139 164 156 128 133 163 130 163 162 145 154 
147 133 174 163 132 165 165 169 166 170 142 160 155 171 142 162 147 132 172 135 144 156 174 133 143 165 156 172 144 164 154 128 174 139 152 165 168 150 142 127 130 170 135 162 129 163 142 129 147 166 160 156 140 165 127 131 160 144 131 136 174 168 154 144 160 128 129 172 128 129 169 156 166 165 164 154 146 168 144 133 
153 171 173 141 163 141 133 154 155 158 155 148 148 154 162 146 134 141 159 149 172 167 136 174 136 127 170 146 165 172 126 140 136 154 147 165 133 174 138 161 134 151 174 144 147 138 154 154 162 174 138 168 173 151 162 162 173 150 157 134 143 174 152 137 148 170 168 163 135 133 164 163 145 155 166 137 157 152 143 138 
166 142 136 167 148 139 139 154 152 134 149 125 145 142 154 137 163 127 136 171 139 150 141 170 165 155 174 147 151 161 128 131 137 161 130 166 154 174 150 131 141 153 170 162 146 152 127 141 136 167 146 147 149 165 139 134 134 142 139 142 161 145 166 166 145 135 151 143 151 139 145 140 129 146 138 137 130 162 138 166 
152 158 147 163 165 126 161 173 138 156 137 163 167 138 174 149 151 153 164 143 135 145 166 126 147 165 142 159 127 133 155 135 162 130 174 169 151 170 168 128 148 161 128 136 147 133 142 168 142 127 164 142 147 172 127 129 165 131 170 149 170 164 172 166 164 160 132 159 129 129 153 167 127 132 155 159 164 135 168 154 
154 170 144 171 143 152 173 149 132 164 152 154 127 142 129 133 158 156 167 151 162 156 153 140 166 128 165 140 163 162 171 147 143 147 129 152 151 152 132 171 138 133 130 127 126 151 146 164 147 143 146 125 140 136 163 133 129 142 139 165 162 173 151 160 136 161 163 168 150 173 131 167 145 146 140 139 151 162 152 132 
144 126 158 161 130 135 157 161 133 169 144 162 166 138 136 144 126 153 150 156 125 159 161 161 136 138 155 160 150 158 156 172 134 162 141 160 153 159 162 133 135 159 159 173 134 140 135 130 169 154 133 171 155 126 160 150 132 144 161 155 160 133 129 172 156 162 125 170 166 174 152 130 145 145 154 140 169 162 156 142 
138 127 129 153 158 150 136 126 167 144 132 147 131 138 130 172 144 125 154 162 132 151 169 138 174 145 173 146 152 144 171 127 171 170 153 163 125 154 166 142 172 170 137 157 157 134 126 171 140 169 137 160 144 135 141 136 154 172 147 142 155 140 131 169 128 167 168 155 163 143 144 169 151 138 132 164 173 146 152 133 
170 153 150 150 155 129 129 167 151 132 152 166 153 172 173 173 148 168 125 140 152 164 137 140 168 134 129 157 157 159 134 154 130 127 150 139 165 126 138 151 166 155 131 165 162 169 163 140 139 131 154 128 141 156 153 142 127 125 149 130 149 148 163 134 131 154 135 174 152 147 155 152 170 147 164 125 141 130 152 173 
148 154 142 161 127 139 126 171 134 151 136 173 135 165 140 136 132 143 129 126 164 137 158 156 125 146 125 154 174 170 140 156 171 126 142 136 156 126 142 165 166 152 163 154 142 151 171 151 160 142 131 165 133 143 130 126 147 132 155 166 127 150 149 152 163 169 142 152 162 139 146 140 129 169 149 149 173 146 128 162 
135 167 128 156 128 144 138 135 137 169 157 160 125 170 133 129 145 127 142 156 159 160 147 155 132 167 143 167 172 131 142 133 169 145 139 148 147 130 149 152 153 170 129 147 129 159 142 156 133 148 173 151 166 151 167 151 170 129 159 130 165 169 143 158 167 160 143 166 154 167 149 148 147 159 167 128 170 174 170 145 
138 144 169 162 154 162 140 140 155 133 132 144 125 150 170 148 139 135 169 154 129 161 126 169 155 154 126 145 133 152 139 130 163 167 132 165 135 144 133 147 147 137 141 135 162 130 156 159 168 151 158 162 126 154 135 161 135 140 156 152 149 163 149 133 143 171 144 133 171 150 131 151 143 153 126 164 153 137 149 159 
161 136 142 133 142 166 167 169 157 136 142 135 144 156 147 165 132 168 148 145 154 154 157 164 161 149 171 165 140 171 137 158 131 146 145 166 171 140 160 150 140 153 150 160 152 136 141 147 169 145 146 141 141 163 164 134 158 154 125 143 146 125 158 173 145 134 133 174 156 150 150 151 149 149 137 128 156 139 137 145 
143 160 131 140 141 165 174 155 159 159 136 171 151 130 158 136 163 136 158 163 160 134 139 159 146 144 172 166 142 156 174 159 140 169 157 159 154 141 138 163 128 138 154 137 165 154 130 139 158 161 125 149 141 126 143 151 138 125 147 157 156 150 172 159 160 148 139 132 125 133 129 144 130 159 135 154 129 156 151 166 
162 174 140 143 159 163 139 174 147 169 152 147 146 171 153 172 157 125 136 138 136 159 157 166 168 135 142 145 129 163 153 168 147 152 171 170 142 164 155 148 173 171 150 167 131 130 169 164 129 165 145 138 150 169 128 125 131 125 148 125 161 143 165 141 164 135 156 152 125 166 162 171 165 136 147 155 173 167 167 158 
134 170 141 153 172 169 168 169 125 148 138 155 147 126 147 160 150 164 145 173 172 140 143 140 148 160 164 125 154 137 125 151 134 147 157 146 142 144 160 143 162 160 149 159 172 140 156 131 144 142 129 167 173 162 153 157 148 154 154 164 125 138 163 135 147 146 131 167 156 132 143 158 166 138 155 136 134 148 166 128 
167 161 169 167 126 156 152 165 137 166 170 170 141 128 161 165 148 168 154 143 138 170 146 138 149 164 127 169 135 138 129 149 163 151 168 164 126 137 141 143 142 156 171 131 142 165 162 136 150 128 128 159 132 173 128 132 132 142 138 129 148 172 150 130 127 150 138 126 166 149 151 156 166 154 160 164 153 133 170 141 
129 145 149 173 147 147 130 131 141 174 150 126 126 165 136 130 143 170 126 136 168 141 161 133 141 137 161 163 163 135 134 151 168 141 162 151 134 160 170 140 169 172 171 128 136 136 131 161 146 131 163 165 153 161 171 143 168 161 173 133 146 168 148 153 142 154 174 140 125 132 157 128 145 140 141 144 174 147 129 152 
164 141 143 144 166 139 150 149 146 128 153 165 169 128 141 147 152 126 129 155 125 172 173 151 154 170 127 155 131 173 151 151 145 141 171 130 150 148 140 131 170 164 153 169 153 163 139 135 128 127 148 138 154 142 133 139 162 169 159 153 162 153 125 174 144 135 128 163 147 174 130 148 127 133 133 149 131 140 141 128 
140 174 155 162 155 155 144 131 174 154 161 143 145 158 148 144 142 168 151 128 173 174 147 168 130 172 138 148 139 158 132 164 173 154 171 151 131 133 158 142 133 144 153 157 165 134 154 145 153 127 172 139 165 146 130 160 151 157 150 132 148 153 125 158 162 147 159 162 147 146 129 128 137 167 158 143 134 134 134 139 
158 169 161 166 134 152 135 172 141 138 153 170 164 170 143 155 170 153 165 158 157 166 172 145 148 171 155 167 171 140 167 127 135 147 167 167 127 153 152 140 171 165 152 147 133 172 154 154 152 172 131 131 171 174 131 173 174 130 156 150 172 165 131 167 128 156 166 130 172 137 137 148 137 161 128 127 163 170 168 161 
174 150 166 171 161 127 136 128 161 154 162 154 127 140 145 148 162 165 130 141 138 158 160 158 149 125 127 134 144 137 161 151 161 152 160 137 151 163 162 163 161 169 160 129 167 142 127 165 142 142 172 134 161 130 164 128 171 126 165 127 166 153 166 168 169 132 144 129 139 166 151 159 126 140 173 171 158 165 145 143 
134 172 126 169 174 143 169 133 148 149 145 129 147 132 174 128 141 136 127 153 134 150 129 161 153 140 157 162 137 128 154 126 140 137 157 172 128 145 153 163 164 131 151 167 161 162 144 170 137 130 150 128 129 164 147 162 170 127 151 132 145 157 167 169 136 148 166 165 147 154 138 170 144 135 162 128 157 145 173 169 
149 156 165 169 153 164 142 143 170 149 164 171 128 158 152 148 172 125 151 151 128 137 153 170 158 125 129 153 174 140 133 134 131 139 147 133 147 136 174 169 163 153 160 159 172 166 137 137 148 155 162 164 146 164 138 126 125 144 159 161 163 168 127 146 145 143 172 161 159 155 125 167 168 172 137 153 153 143 153 166 
145 131 169 132 129 155 152 155 158 125 151 128 153 133 145 142 141 162 168 137 137 160 128 160 144 154 148 146 128 170 149 132 167 170 154 174 127 160 140 169 129 160 171 134 170 167 138 137 125 173 130 153 166 129 149 168 158 163 152 164 128 135 164 149 161 151 126 143 154 173 128 164 156 173 150 160 143 171 153 148 
158 140 149 138 136 162 143 133 170 169 148 161 151 156 148 167 158 150 158 145 141 132 134 163 166 154 150 129 140 172 155 173 157 135 155 142 154 127 172 127 158 150 145 152 160 141 150 164 165 141 130 139 154 131 135 173 140 156 146 137 149 174 149 141 163 168 136 125 149 133 157 159 169 170 163 170 173 169 133 142 
154 148 159 133 137 133 164 125 129 138 139 161 134 134 154 135 140 148 156 152 126 150 149 164 143 134 171 171 144 162 158 157 151 135 142 137 133 152 141 156 131 153 145 168 149 125 174 138 157 165 169 170 131 144 162 135 165 142 157 138 158 170 127 148 159 161 152 163 152 159 133 164 152 126 158 150 162 172 157 166 
160 131 144 146 127 172 128 153 150 134 137 142 166 143 157 151 161 163 126 166 135 153 174 151 126 167 141 165 126 127 135 163 141 171 168 144 159 156 139 159 161 158 159 165 138 139 128 134 170 148 174 142 139 152 139 157 158 154 155 130 159 161 142 140 162 137 137 168 144 135 135 127 169 166 164 128 166 139 140 136 
149 131 133 145 129 152 133 157 148 137 149 143 173 163 157 149 155 129 168 136 159 129 164 140 145 153 132 131 165 163 139 166 152 166 161 146 155 156 138 157 129 133 154 166 160 135 155 155 167 137 153 134 154 167 158 170 142 130 160 170 145 171 149 171 162 133 144 173 158 162 142 129 166 135 149 138 164 153 151 160 
147 143 169 171 174 149 171 138 129 174 145 137 164 170 159 172 154 129 168 129 156 174 164 167 146 161 157 162 171 159 144 146 135 138 139 144 164 144 160 129 145 165 126 157 155 160 138 126 157 138 162 152 152 146 141 173 144 136 140 157 148 136 140 135 158 137 143 145 129 145 143 168 171 154 126 135 136 151 171 156 
125 145 130 125 159 142 159 129 165 146 171 161 169 156 154 129 163 142 164 131 134 141 150 164 154 149 127 165 139 153 157 143 135 163 141 129 138 159 138 159 131 138 157 138 140 159 169 131 152 162 140 150 131 140 128 149 131 159 154 159 142 145 171 152 137 150 171 168 147 141 166 160 134 153 148 132 133 164 171 131 
138 169 164 157 137 130 160 151 137 167 145 145 141 129 135 138 144 167 142 173 168 134 155 163 166 165 126 144 155 130 163 131 159 147 163 173 140 171 152 142 140 152 159 129 170 133 144 162 145 167 164 173 158 165 158 148 171 144 153 139 144 166 138 140 158 161 166 145 135 132 157 164 133 161 130 171 137 145 149 143 
150 135 155 163 157 138 127 144 144 138 138 140 135 144 135 148 133 126 171 146 135 135 128 172 133 166 142 174 131 147 164 152 157 154 127 132 147 132 128 132 158 148 138 149 167 174 137 146 169 148 131 148 155 127 171 172 174 164 126 142 154 142 165 130 159 164 154 139 145 157 131 137 142 151 152 141 155 168 168 126 
130 126 173 169 141 126 144 149 145 125 173 167 165 126 137 130 173 129 145 129 139 142 129 172 156 157 155 148 164 172 132 150 129 166 142 137 147 167 150 144 134 161 133 174 139 139 139 137 140 157 138 166 160 125 133 130 126 163 135 129 145 159 127 143 140 129 152 126 135 140 142 162 142 167 158 130 140 151 153 162 
173 170 143 158 133 128 173 156 139 134 137 154 148 129 153 169 174 130 174 168 173 143 161 149 125 131 157 131 134 172 134 139 139 163 140 141 153 164 134 165 132 137 147 147 143 126 131 150 174 153 155 171 168 162 157 148 129 128 149 149 144 148 156 128 137 169 174 125 147 157 144 145 142 152 154 139 125 174 162 144 
149 133 170 144 163 130 172 133 148 165 168 170 126 165 159 167 134 162 148 162 163 142 155 149 138 155 170 131 168 130 162 130 126 169 168 126 148 144 142 132 145 171 127 133 125 159 163 171 160 149 134 146 145 138 131 140 140 161 130 133 144 155 134 151 151 165 159 139 135 155 171 156 130 157 135 167 139 144 163 157 
128 154 146 160 153 133 131 170 140 152 163 130 140 166 162 155 162 156 157 173 125 146 151 156 147 146 153 129 163 133 133 155 148 138 162 158 138 166 173 136 149 172 127 174 159 155 156 140 150 139 172 146 161 136 139 172 143 153 143 174 167 172 128 147 158 155 155 154 154 143 161 168 151 151 153 149 170 174 134 157 
161 167 170 130 171 141 146 169 142 129 163 157 143 130 127 153 171 150 148 127 133 164 158 137 154 160 131 168 138 171 149 142 159 135 137 166 155 159 154 130 160 165 156 135 158 149 164 126 130 172 171 155 133 139 172 133 160 132 138 126 143 130 164 158 139 127 168 127 159 174 134 156 142 167 147 152 162 150 171 141 
136 162 173 128 133 145 139 133 139 153 168 165 167 174 145 166 143 156 142 174 135 173 166 167 160 157 166 172 136 169 157 132 130 155 156 160 167 143 143 133 131 164 156 144 141 126 145 130 155 172 126 171 135 167 168 142 156 138 125 137 157 133 125 135 168 156 137 146 142 171 144 171 164 149 136 150 142 126 173 132 
169 172 146 174 139 152 161 173 157 157 126 173 132 149 147 132 144 130 127 136 171 171 143 166 157 140 133 174 170 137 133 160 127 133 173 153 151 125 139 165 174 126 135 126 171 125 129 157 165 132 171 168 138 148 160 134 160 170 151 154 174 164 159 135 156 125 164 139 134 129 171 137 128 157 174 140 148 152 168 164 
140 133 134 174 127 160 144 139 173 157 148 149 160 138 150 153 147 137 126 137 174 142 139 134 141 165 161 160 134 158 147 141 126 162 127 159 127 129 141 133 161 145 137 138 146 172 128 141 125 144 130 154 147 162 129 174 158 170 162 137 157 161 139 158 139 140 172 160 143 155 132 140 125 154 152 173 138 161 163 145 
164 128 174 150 168 160 145 167 135 150 170 128 141 145 138 133 174 170 162 173 128 147 174 156 136 163 129 147 129 159 134 140 149 141 173 151 157 129 144 134 155 164 164 170 165 172 129 155 146 163 164 139 129 129 166 164 170 151 169 150 152 156 125 142 155 140 125 126 145 167 161 144 163 151 130 144 148 165 146 164 
150 169 126 160 155 171 166 144 129 158 174 130 159 149 137 133 167 157 127 159 164 127 126 129 152 152 162 162 153 159 139 136 152 149 169 152 155 133 171 153 137 152 126 168 169 155 159 131 132 155 137 127 152 174 156 139 126 125 149 167 141 159 174 151 137 171 131 137 146 153 133 126 151 134 158 159 161 130 147 165 
150 143 137 160 135 172 171 146 131 148 168 145 163 130 169 154 166 157 147 135 152 161 159 162 149 170 165 168 169 128 167 151 155 151 135 135 143 169 172 160 145 149 166 158 151 157 170 137 125 126 131 157 136 151 154 170 148 135 134 168 169 174 170 133 126 135 159 156 155 173 152 131 162 127 140 126 165 164 142 169 
137 133 164 161 148 135 145 125 155 125 158 132 125 155 135 129 170 163 149 173 144 142 129 141 141 147 133 154 144 171 147 146 163 172 172 144 132 129 166 141 155 149 144 147 128 127 153 129 126 148 168 169 133 148 140 164 133 136 137 173 128 140 172 165 155 126 174 147 138 168 147 172 143 155 170 140 126 140 153 128 
146 137 167 145 133 157 164 141 140 162 142 153 149 148 159 138 150 165 146 148 127 166 173 174 157 160 168 144 126 135 163 172 145 165 139 163 162 148 173 160 145 168 168 141 164 167 139 146 165 167 168 153 159 125 128 162 133 169 138 146 157 139 150 140 127 174 143 132 165 146 138 144 154 162 132 153 127 173 153 141 
136 130 141 146 129 165 170 131 133 126 171 173 130 171 149 171 145 138 137 163 126 152 125 156 160 160 152 151 161 151 146 137 130 151 136 171 173 146 171 140 154 134 143 138 127 128 146 134 167 136 134 160 151 150 138 147 165 159 136 135 139 144 143 165 136 143 160 130 154 127 156 169 143 129 168 158 147 163 127 170 
142 163 151 130 143 140 130 150 126 169 163 138 158 152 129 142 128 125 164 156 143 172 149 125 130 164 171 128 170 146 148 163 150 139 149 162 130 143 139 132 139 167 168 161 155 156 173 139 146 141 162 139 172 161 151 127 144 151 135 130 134 156 141 126 141 167 166 165 147 156 161 138 127 174 145 171 152 148 164 126 
166 166 136 159 163 132 158 148 151 165 170 160 136 168 148 155 141 169 129 145 126 173 142 140 149 132 174 162 163 173 149 141 139 168 167 156 139 136 160 154 133 169 161 165 156 138 164 154 134 146 136 132 170 129 160 152 158 130 166 128 159 170 163 162 146 164 137 168 125 138 139 158 159 133 129 148 152 171 165 137 
166 140 167 152 169 149 134 131 154 155 149 163 160 135 155 144 154 128 172 161 150 142 166 166 153 168 145 157 140 163 149 134 134 167 171 159 156 145 147 169 131 135 136 167 156 148 168 150 157 145 159 133 126 158 136 161 151 157 166 169 132 133 132 153 145 147 138 155 174 174 161 158 169 166 159 134 159 140 162 160 

