0,53,26,42,10,22,2,50,30,3,7,62,39,16,60,28,4,58,63,43,47,0
0,3,7,5,15,17,8,16,16,3,8,6,9,19,16,6,10,7,10,15,17,0
0,222,185,275,99,146,136,153,226,182,121,216,164,102,162,196,222,277,252,163,211,277
0,225,190,279,110,158,142,165,238,185,127,221,171,116,174,201,229,282,259,174,223,282
0,11,15,8,9,11,2,20,7,6,13,10,9,9,15,3,9,16,4,14,6,0
0,3.6667,3.0,2.0,0.81818,0.91667,0.33333,1.6667,0.58333,2.0,2.1667,2.0,1.2857,0.64286,1.25,0.6,1.2857,3.2,0.57143,1.2727,0.5,0
0,5,4,1,5,4,1,10,2,2,2,1,4,4,8,1,3,5,1,1,2,0
0,8,7,2,7,7,4,3,9,10,10,8,10,7,3,2,4,9,8,2,3,0
0,0,7,9,8,6,5,3,5,7,7,3,4,7,5,10,10,4,10,3,4,0
0,6,0,6,5,6,10,4,4,8,4,7,5,7,7,2,8,5,10,5,8,0
0,9,4,0,6,7,4,8,9,9,9,8,3,8,9,10,8,8,2,7,8,0
0,9,7,10,0,10,7,7,8,6,2,4,6,3,5,3,3,3,5,8,7,0
0,6,6,7,3,0,3,5,6,5,9,6,2,9,3,3,8,3,7,10,2,0
0,5,9,3,10,10,0,10,3,5,3,6,5,10,5,3,2,6,2,6,9,0
0,6,7,9,4,9,10,0,10,3,3,6,2,7,10,8,2,2,7,2,4,0
0,7,7,8,3,7,3,2,0,6,10,5,6,3,6,7,6,3,6,9,6,0
0,10,6,9,10,3,3,9,5,0,7,7,2,7,9,7,7,6,7,5,2,0
0,4,10,3,8,10,2,5,6,4,0,9,7,3,3,9,4,5,3,4,7,0
0,4,5,6,5,3,4,6,7,5,3,0,5,10,5,7,3,5,6,9,5,0
0,7,3,6,9,10,8,2,7,9,5,6,0,8,10,10,4,9,5,2,8,0
0,10,2,8,3,7,5,4,8,3,9,10,4,0,10,4,9,3,10,5,5,0
0,8,7,10,5,7,6,4,6,3,3,7,6,3,0,8,9,8,5,7,10,0
0,3,7,8,8,2,6,5,7,3,2,2,6,6,5,0,7,10,3,2,5,0
0,2,9,8,7,9,2,8,4,10,9,3,9,5,3,7,0,2,9,4,5,0
0,8,6,9,4,10,10,2,5,8,4,6,6,4,4,7,10,0,5,10,2,0
0,8,2,6,5,2,5,4,4,5,5,7,6,2,10,9,10,5,0,7,10,0
0,4,2,6,7,6,4,5,3,4,8,3,3,5,2,4,9,6,8,0,10,0
0,9,9,4,5,7,10,2,3,7,9,3,7,3,4,5,6,7,7,4,0,0
0,0,0,0,0,0,0,0,0,0,0,0,0,0,0,0,0,0,0,0,0,0