Order ID	Pi	di	wi	accepted	devery	delayed	Profit
0	  28.0	3855.0	   1.5	1	3838.0	0	28.000000
1	 345.0	1099.0	   1.1	1	1095.0	0	345.000000
2	 475.0	 229.0	   1.3	0
3	 205.0	2235.0	   1.0	1	1905.0	0	205.000000
4	 333.0	3115.0	   0.8	1	3013.0	0	333.000000
5	 191.0	1033.0	   1.4	1	 932.0	0	191.000000
6	 235.0	 629.0	   1.5	1	 374.0	0	235.000000
7	  90.0	2955.0	   0.8	0
8	 380.0	 527.0	   0.6	1	 472.0	0	380.000000
9	 327.0	2402.0	   1.5	1	2210.0	0	327.000000
10	 177.0	 749.0	   1.0	0
11	 307.0	1258.0	   0.6	1	 900.0	0	307.000000
12	  92.0	2168.0	   1.2	0
13	 478.0	2551.0	   0.8	1	1383.0	0	478.000000
14	 189.0	2979.0	   1.4	1	2645.0	0	189.000000
15	 275.0	2184.0	   1.0	1	 352.0	0	275.000000
16	  95.0	3138.0	   1.4	0
17	 193.0	2965.0	   0.9	1	2549.0	0	193.000000
18	  60.0	4045.0	   1.3	1	3966.0	0	60.000000
19	 374.0	1833.0	   1.1	1	1413.0	0	374.000000
20	 163.0	2946.0	   1.4	1	2296.0	0	163.000000
21	  25.0	3686.0	   0.9	0
22	 459.0	3302.0	   0.6	1	3178.0	0	459.000000
23	 164.0	1278.0	   0.8	0
24	 179.0	4053.0	   0.7	1	3742.0	0	179.000000
25	 152.0	3493.0	   0.6	1	3484.0	0	152.000000
26	 357.0	2768.0	   1.2	1	 695.0	0	357.000000
27	 448.0	4117.0	   0.6	1	3900.0	0	448.000000
28	 282.0	2860.0	   1.5	1	2815.0	0	282.000000
29	 315.0	2013.0	   1.4	1	1758.0	0	315.000000
30	 200.0	 861.0	   0.6	1	 630.0	0	200.000000
31	 163.0	3310.0	   1.1	1	1353.0	0	163.000000
32	 144.0	1392.0	   1.0	1	 256.0	0	144.000000
33	 156.0	2082.0	   0.5	0
34	 379.0	 720.0	   1.4	1	 689.0	0	379.000000
35	 330.0	2827.0	   1.2	1	2798.0	0	330.000000
36	  15.0	2768.0	   1.1	0
37	 345.0	 130.0	   0.7	0
38	 287.0	1465.0	   0.7	1	1130.0	0	287.000000
39	  59.0	4172.0	   0.8	1	3929.0	0	59.000000
40	 488.0	1900.0	   0.7	1	1558.0	0	488.000000
41	  85.0	 697.0	   1.2	0
42	  11.0	1677.0	   1.0	0
43	 334.0	3308.0	   1.2	1	3269.0	0	334.000000
44	 139.0	1714.0	   1.1	1	1260.0	0	139.000000
45	 351.0	 860.0	   1.5	1	 568.0	0	351.000000
46	 468.0	 258.0	   1.2	0
47	  61.0	3645.0	   1.3	1	3641.0	0	61.000000
48	 473.0	3344.0	   0.6	1	3081.0	0	473.000000
49	 500.0	1680.0	   1.4	1	1538.0	0	500.000000
50	  10.0	2943.0	   1.3	0
51	 121.0	2417.0	   1.2	0
52	 336.0	 583.0	   1.2	1	 555.0	0	336.000000
53	  77.0	 858.0	   0.6	0
54	 320.0	2837.0	   1.2	1	2421.0	0	320.000000
55	 407.0	2302.0	   0.9	1	2001.0	0	407.000000
56	 232.0	2637.0	   0.9	1	2134.0	0	232.000000
57	 450.0	2679.0	   1.0	1	2663.0	0	450.000000
58	 122.0	2030.0	   0.8	1	1840.0	0	122.000000
59	  82.0	1433.0	   0.6	0
60	 198.0	2086.0	   1.1	1	1799.0	0	198.000000
61	 125.0	3664.0	   1.3	1	3636.0	0	125.000000
62	  22.0	 689.0	   1.0	0
63	  38.0	1029.0	   1.4	0
64	 178.0	 278.0	   1.2	0
65	 347.0	2602.0	   1.0	1	2454.0	0	347.000000
66	  11.0	3856.0	   0.9	1	3613.0	0	11.000000
67	 294.0	 600.0	   1.0	0
68	  47.0	2868.0	   1.3	0
69	 357.0	1765.0	   0.8	1	1651.0	0	357.000000
70	 439.0	1759.0	   1.3	1	1484.0	0	439.000000
71	 324.0	3175.0	   0.7	1	2945.0	0	324.000000
72	 229.0	1128.0	   0.9	0
73	 399.0	1801.0	   1.0	1	1559.0	0	399.000000
74	 498.0	3274.0	   1.3	1	3268.0	0	498.000000
75	  30.0	 481.0	   0.5	0
76	  63.0	2942.0	   1.3	1	 129.0	0	63.000000
77	 358.0	3292.0	   1.0	1	3241.0	0	358.000000
78	  16.0	2734.0	   0.6	0
79	 366.0	2529.0	   1.3	1	2069.0	0	366.000000
80	 347.0	3104.0	   1.2	1	2364.0	0	347.000000
81	 109.0	 677.0	   0.9	1	 623.0	0	109.000000
82	 111.0	1726.0	   1.1	0
83	 336.0	1749.0	   0.7	1	1713.0	0	336.000000
84	 231.0	3047.0	   1.1	1	2853.0	0	231.000000
85	 471.0	2533.0	   1.4	1	2270.0	0	471.000000
86	 491.0	3867.0	   1.1	1	3707.0	0	491.000000
87	 348.0	3314.0	   1.0	1	3007.0	0	348.000000
88	 383.0	3202.0	   0.7	1	3007.0	0	383.000000
89	 338.0	 905.0	   0.9	1	 878.0	0	338.000000
90	 458.0	3418.0	   1.4	1	3393.0	0	458.000000
91	 171.0	3398.0	   1.3	1	2544.0	0	171.000000
92	  93.0	2533.0	   1.4	0
93	 385.0	3480.0	   0.8	1	1085.0	0	385.000000
94	 412.0	3307.0	   0.9	1	2750.0	0	412.000000
95	 460.0	 816.0	   1.0	1	 786.0	0	460.000000
96	 244.0	4040.0	   1.4	1	3976.0	0	244.000000
97	 424.0	 898.0	   0.6	1	 818.0	0	424.000000
98	 394.0	3624.0	   0.5	1	3619.0	0	394.000000
99	 107.0	3580.0	   1.0	1	3570.0	0	107.000000
------Order Sequence(ID)-------------------------------
76	76	76	76	76	
32	32	32	32	32	
15	15	15	15	15	
6	6	6	6	6	
8	8	8	8	8	
52	52	52	52	52	
45	45	45	45	45	
81	81	81	81	81	
30	30	30	30	30	
34	34	34	34	34	
26	26	26	26	26	
95	95	95	95	95	
97	97	97	97	97	
89	89	89	89	89	
11	11	11	11	11	
5	5	5	5	5	
93	93	93	93	93	
1	1	1	1	1	
38	38	38	38	38	
44	44	44	44	44	
31	31	31	31	31	
13	13	13	13	13	
19	19	19	19	19	
70	70	70	70	70	
49	49	49	49	49	
40	40	40	40	40	
73	73	73	73	73	
69	69	69	69	69	
83	83	83	83	83	
29	29	29	29	29	
60	60	60	60	60	
58	58	58	58	58	
3	3	3	3	3	
55	55	55	55	55	
79	79	79	79	79	
56	56	56	56	56	
9	9	9	9	9	
85	85	85	85	85	
20	20	20	20	20	
80	80	80	80	80	
54	54	54	54	54	
65	65	65	65	65	
91	91	91	91	91	
17	17	17	17	17	
14	14	14	14	14	
57	57	57	57	57	
94	94	94	94	94	
35	35	35	35	35	
28	28	28	28	28	
84	84	84	84	84	
71	71	71	71	71	
87	87	87	87	87	
88	88	88	88	88	
4	4	4	4	4	
48	48	48	48	48	
22	22	22	22	22	
77	77	77	77	77	
74	74	74	74	74	
43	43	43	43	43	
90	90	90	90	90	
25	25	25	25	25	
99	99	99	99	99	
66	66	66	66	66	
98	98	98	98	98	
61	61	61	61	61	
47	47	47	47	47	
86	86	86	86	86	
24	24	24	24	24	
0	0	0	0	0	
27	27	27	27	27	
39	39	39	39	39	
18	18	18	18	18	
96	96	96	96	96	
------Finished time(ID)-------------------------------
(76,    0.0,    0.0)	(76,   26.0,   26.0)	(76,   27.0,   53.0)	(76,   12.0,   65.0)	(76,   64.0,  129.0)	pi=  63.0	di=2942.0	wi=   1.3	Pal=   0.0	profit=63.000000
(32,   13.0,   13.0)	(32,   42.0,   68.0)	(32,    0.0,   68.0)	(32,   89.0,  157.0)	(32,   99.0,  256.0)	pi= 144.0	di=1392.0	wi=   1.0	Pal=   0.0	profit=144.000000
(15,   20.0,   33.0)	(15,    6.0,   74.0)	(15,   79.0,  153.0)	(15,   88.0,  245.0)	(15,   96.0,  352.0)	pi= 275.0	di=2184.0	wi=   1.0	Pal=   0.0	profit=275.000000
(6,   14.0,   47.0)	(6,   84.0,  158.0)	(6,   33.0,  191.0)	(6,   15.0,  260.0)	(6,   22.0,  374.0)	pi= 235.0	di= 629.0	wi=   1.5	Pal=   0.0	profit=235.000000
(8,   52.0,   99.0)	(8,   19.0,  177.0)	(8,   40.0,  231.0)	(8,   93.0,  353.0)	(8,   98.0,  472.0)	pi= 380.0	di= 527.0	wi=   0.6	Pal=   0.0	profit=380.000000
(52,   55.0,  154.0)	(52,   37.0,  214.0)	(52,   92.0,  323.0)	(52,   64.0,  417.0)	(52,   83.0,  555.0)	pi= 336.0	di= 583.0	wi=   1.2	Pal=   0.0	profit=336.000000
(45,   38.0,  192.0)	(45,   92.0,  306.0)	(45,   93.0,  416.0)	(45,   12.0,  429.0)	(45,   13.0,  568.0)	pi= 351.0	di= 860.0	wi=   1.5	Pal=   0.0	profit=351.000000
(81,   33.0,  225.0)	(81,    4.0,  310.0)	(81,   17.0,  433.0)	(81,   48.0,  481.0)	(81,   55.0,  623.0)	pi= 109.0	di= 677.0	wi=   0.9	Pal=   0.0	profit=109.000000
(30,   38.0,  263.0)	(30,   49.0,  359.0)	(30,   51.0,  484.0)	(30,   94.0,  578.0)	(30,    7.0,  630.0)	pi= 200.0	di= 861.0	wi=   0.6	Pal=   0.0	profit=200.000000
(34,   90.0,  353.0)	(34,   58.0,  417.0)	(34,   71.0,  555.0)	(34,   67.0,  645.0)	(34,   44.0,  689.0)	pi= 379.0	di= 720.0	wi=   1.4	Pal=   0.0	profit=379.000000
(26,   39.0,  392.0)	(26,   59.0,  476.0)	(26,    4.0,  559.0)	(26,    0.0,  645.0)	(26,    6.0,  695.0)	pi= 357.0	di=2768.0	wi=   1.2	Pal=   0.0	profit=357.000000
(95,   63.0,  455.0)	(95,   18.0,  494.0)	(95,   85.0,  644.0)	(95,   82.0,  727.0)	(95,   59.0,  786.0)	pi= 460.0	di= 816.0	wi=   1.0	Pal=   0.0	profit=460.000000
(97,   14.0,  469.0)	(97,   99.0,  593.0)	(97,   10.0,  654.0)	(97,    2.0,  729.0)	(97,   32.0,  818.0)	pi= 424.0	di= 898.0	wi=   0.6	Pal=   0.0	profit=424.000000
(89,   88.0,  557.0)	(89,   39.0,  632.0)	(89,   63.0,  717.0)	(89,   64.0,  793.0)	(89,   60.0,  878.0)	pi= 338.0	di= 905.0	wi=   0.9	Pal=   0.0	profit=338.000000
(11,   26.0,  583.0)	(11,   46.0,  678.0)	(11,   83.0,  800.0)	(11,   19.0,  819.0)	(11,   22.0,  900.0)	pi= 307.0	di=1258.0	wi=   0.6	Pal=   0.0	profit=307.000000
(5,   49.0,  632.0)	(5,   17.0,  695.0)	(5,   26.0,  826.0)	(5,   86.0,  912.0)	(5,   20.0,  932.0)	pi= 191.0	di=1033.0	wi=   1.4	Pal=   0.0	profit=191.000000
(93,   16.0,  648.0)	(93,    5.0,  700.0)	(93,   64.0,  890.0)	(93,   80.0,  992.0)	(93,   93.0, 1085.0)	pi= 385.0	di=3480.0	wi=   0.8	Pal=   0.0	profit=385.000000
(1,   58.0,  706.0)	(1,   92.0,  798.0)	(1,    8.0,  898.0)	(1,   95.0, 1087.0)	(1,    8.0, 1095.0)	pi= 345.0	di=1099.0	wi=   1.1	Pal=   0.0	profit=345.000000
(38,   92.0,  798.0)	(38,   78.0,  876.0)	(38,   85.0,  983.0)	(38,   36.0, 1123.0)	(38,    7.0, 1130.0)	pi= 287.0	di=1465.0	wi=   0.7	Pal=   0.0	profit=287.000000
(44,   59.0,  857.0)	(44,   33.0,  909.0)	(44,   15.0,  998.0)	(44,   61.0, 1184.0)	(44,   76.0, 1260.0)	pi= 139.0	di=1714.0	wi=   1.1	Pal=   0.0	profit=139.000000
(31,   19.0,  876.0)	(31,   23.0,  932.0)	(31,   43.0, 1041.0)	(31,    0.0, 1184.0)	(31,   93.0, 1353.0)	pi= 163.0	di=3310.0	wi=   1.1	Pal=   0.0	profit=163.000000
(13,   47.0,  923.0)	(13,   66.0,  998.0)	(13,   74.0, 1115.0)	(13,   20.0, 1204.0)	(13,   30.0, 1383.0)	pi= 478.0	di=2551.0	wi=   0.8	Pal=   0.0	profit=478.000000
(19,   59.0,  982.0)	(19,   90.0, 1088.0)	(19,   96.0, 1211.0)	(19,   60.0, 1271.0)	(19,   30.0, 1413.0)	pi= 374.0	di=1833.0	wi=   1.1	Pal=   0.0	profit=374.000000
(70,   75.0, 1057.0)	(70,   59.0, 1147.0)	(70,   55.0, 1266.0)	(70,   66.0, 1337.0)	(70,   71.0, 1484.0)	pi= 439.0	di=1759.0	wi=   1.3	Pal=   0.0	profit=439.000000
(49,   58.0, 1115.0)	(49,   62.0, 1209.0)	(49,   39.0, 1305.0)	(49,   44.0, 1381.0)	(49,   54.0, 1538.0)	pi= 500.0	di=1680.0	wi=   1.4	Pal=   0.0	profit=500.000000
(40,   18.0, 1133.0)	(40,   55.0, 1264.0)	(40,   53.0, 1358.0)	(40,   33.0, 1414.0)	(40,   20.0, 1558.0)	pi= 488.0	di=1900.0	wi=   0.7	Pal=   0.0	profit=488.000000
(73,   49.0, 1182.0)	(73,   64.0, 1328.0)	(73,   93.0, 1451.0)	(73,   27.0, 1478.0)	(73,    1.0, 1559.0)	pi= 399.0	di=1801.0	wi=   1.0	Pal=   0.0	profit=399.000000
(69,   68.0, 1250.0)	(69,   36.0, 1364.0)	(69,   24.0, 1475.0)	(69,   98.0, 1576.0)	(69,   75.0, 1651.0)	pi= 357.0	di=1765.0	wi=   0.8	Pal=   0.0	profit=357.000000
(83,   90.0, 1340.0)	(83,   66.0, 1430.0)	(83,   14.0, 1489.0)	(83,    6.0, 1582.0)	(83,   62.0, 1713.0)	pi= 336.0	di=1749.0	wi=   0.7	Pal=   0.0	profit=336.000000
(29,   82.0, 1422.0)	(29,   98.0, 1528.0)	(29,   45.0, 1573.0)	(29,   99.0, 1681.0)	(29,   45.0, 1758.0)	pi= 315.0	di=2013.0	wi=   1.4	Pal=   0.0	profit=315.000000
(60,   11.0, 1433.0)	(60,   34.0, 1562.0)	(60,   32.0, 1605.0)	(60,   54.0, 1735.0)	(60,   41.0, 1799.0)	pi= 198.0	di=2086.0	wi=   1.1	Pal=   0.0	profit=198.000000
(58,   32.0, 1465.0)	(58,   44.0, 1606.0)	(58,   87.0, 1693.0)	(58,   37.0, 1772.0)	(58,   41.0, 1840.0)	pi= 122.0	di=2030.0	wi=   0.8	Pal=   0.0	profit=122.000000
(3,   39.0, 1504.0)	(3,   54.0, 1660.0)	(3,   74.0, 1767.0)	(3,   50.0, 1822.0)	(3,   65.0, 1905.0)	pi= 205.0	di=2235.0	wi=   1.0	Pal=   0.0	profit=205.000000
(55,   82.0, 1586.0)	(55,   53.0, 1713.0)	(55,   73.0, 1840.0)	(55,   43.0, 1883.0)	(55,   96.0, 2001.0)	pi= 407.0	di=2302.0	wi=   0.9	Pal=   0.0	profit=407.000000
(79,   39.0, 1625.0)	(79,   19.0, 1732.0)	(79,   38.0, 1878.0)	(79,    7.0, 1890.0)	(79,   68.0, 2069.0)	pi= 366.0	di=2529.0	wi=   1.3	Pal=   0.0	profit=366.000000
(56,   22.0, 1647.0)	(56,   22.0, 1754.0)	(56,   48.0, 1926.0)	(56,   53.0, 1979.0)	(56,   65.0, 2134.0)	pi= 232.0	di=2637.0	wi=   0.9	Pal=   0.0	profit=232.000000
(9,   13.0, 1660.0)	(9,   70.0, 1824.0)	(9,   57.0, 1983.0)	(9,   77.0, 2060.0)	(9,   76.0, 2210.0)	pi= 327.0	di=2402.0	wi=   1.5	Pal=   0.0	profit=327.000000
(85,   43.0, 1703.0)	(85,   97.0, 1921.0)	(85,   32.0, 2015.0)	(85,   71.0, 2131.0)	(85,   60.0, 2270.0)	pi= 471.0	di=2533.0	wi=   1.4	Pal=   0.0	profit=471.000000
(20,   57.0, 1760.0)	(20,   22.0, 1943.0)	(20,   71.0, 2086.0)	(20,   11.0, 2142.0)	(20,   26.0, 2296.0)	pi= 163.0	di=2946.0	wi=   1.4	Pal=   0.0	profit=163.000000
(80,   88.0, 1848.0)	(80,   58.0, 2001.0)	(80,   16.0, 2102.0)	(80,    7.0, 2149.0)	(80,   68.0, 2364.0)	pi= 347.0	di=3104.0	wi=   1.2	Pal=   0.0	profit=347.000000
(54,   38.0, 1886.0)	(54,   57.0, 2058.0)	(54,   70.0, 2172.0)	(54,   86.0, 2258.0)	(54,   57.0, 2421.0)	pi= 320.0	di=2837.0	wi=   1.2	Pal=   0.0	profit=320.000000
(65,   77.0, 1963.0)	(65,   65.0, 2123.0)	(65,   32.0, 2204.0)	(65,   14.0, 2272.0)	(65,   33.0, 2454.0)	pi= 347.0	di=2602.0	wi=   1.0	Pal=   0.0	profit=347.000000
(91,   50.0, 2013.0)	(91,   43.0, 2166.0)	(91,   81.0, 2285.0)	(91,   82.0, 2367.0)	(91,   90.0, 2544.0)	pi= 171.0	di=3398.0	wi=   1.3	Pal=   0.0	profit=171.000000
(17,   64.0, 2077.0)	(17,   57.0, 2223.0)	(17,   98.0, 2383.0)	(17,   77.0, 2460.0)	(17,    5.0, 2549.0)	pi= 193.0	di=2965.0	wi=   0.9	Pal=   0.0	profit=193.000000
(14,   16.0, 2093.0)	(14,   84.0, 2307.0)	(14,   27.0, 2410.0)	(14,   24.0, 2484.0)	(14,   96.0, 2645.0)	pi= 189.0	di=2979.0	wi=   1.4	Pal=   0.0	profit=189.000000
(57,   67.0, 2160.0)	(57,   37.0, 2344.0)	(57,   92.0, 2502.0)	(57,   99.0, 2601.0)	(57,   18.0, 2663.0)	pi= 450.0	di=2679.0	wi=   1.0	Pal=   0.0	profit=450.000000
(94,   16.0, 2176.0)	(94,   75.0, 2419.0)	(94,    1.0, 2503.0)	(94,   11.0, 2612.0)	(94,   87.0, 2750.0)	pi= 412.0	di=3307.0	wi=   0.9	Pal=   0.0	profit=412.000000
(35,   57.0, 2233.0)	(35,   17.0, 2436.0)	(35,   16.0, 2519.0)	(35,    4.0, 2616.0)	(35,   48.0, 2798.0)	pi= 330.0	di=2827.0	wi=   1.2	Pal=   0.0	profit=330.000000
(28,   94.0, 2327.0)	(28,   28.0, 2464.0)	(28,   82.0, 2601.0)	(28,   50.0, 2666.0)	(28,   17.0, 2815.0)	pi= 282.0	di=2860.0	wi=   1.5	Pal=   0.0	profit=282.000000
(84,   18.0, 2345.0)	(84,   76.0, 2540.0)	(84,   88.0, 2689.0)	(84,   53.0, 2742.0)	(84,   38.0, 2853.0)	pi= 231.0	di=3047.0	wi=   1.1	Pal=   0.0	profit=231.000000
(71,  100.0, 2445.0)	(71,   60.0, 2600.0)	(71,   46.0, 2735.0)	(71,   15.0, 2757.0)	(71,   92.0, 2945.0)	pi= 324.0	di=3175.0	wi=   0.7	Pal=   0.0	profit=324.000000
(87,   76.0, 2521.0)	(87,   33.0, 2633.0)	(87,   42.0, 2777.0)	(87,   99.0, 2876.0)	(87,   62.0, 3007.0)	pi= 348.0	di=3314.0	wi=   1.0	Pal=   0.0	profit=348.000000
(88,   86.0, 2607.0)	(88,   68.0, 2701.0)	(88,   18.0, 2795.0)	(88,   55.0, 2931.0)	(88,    0.0, 3007.0)	pi= 383.0	di=3202.0	wi=   0.7	Pal=   0.0	profit=383.000000
(4,    4.0, 2611.0)	(4,   55.0, 2756.0)	(4,   73.0, 2868.0)	(4,   18.0, 2949.0)	(4,    6.0, 3013.0)	pi= 333.0	di=3115.0	wi=   0.8	Pal=   0.0	profit=333.000000
(48,   83.0, 2694.0)	(48,   75.0, 2831.0)	(48,   89.0, 2957.0)	(48,   27.0, 2984.0)	(48,   68.0, 3081.0)	pi= 473.0	di=3344.0	wi=   0.6	Pal=   0.0	profit=473.000000
(22,   97.0, 2791.0)	(22,   70.0, 2901.0)	(22,   60.0, 3017.0)	(22,   49.0, 3066.0)	(22,   97.0, 3178.0)	pi= 459.0	di=3302.0	wi=   0.6	Pal=   0.0	profit=459.000000
(77,   20.0, 2811.0)	(77,   73.0, 2974.0)	(77,   53.0, 3070.0)	(77,   47.0, 3117.0)	(77,   63.0, 3241.0)	pi= 358.0	di=3292.0	wi=   1.0	Pal=   0.0	profit=358.000000
(74,   84.0, 2895.0)	(74,   49.0, 3023.0)	(74,   86.0, 3156.0)	(74,   29.0, 3185.0)	(74,   27.0, 3268.0)	pi= 498.0	di=3274.0	wi=   1.3	Pal=   0.0	profit=498.000000
(43,   41.0, 2936.0)	(43,   19.0, 3042.0)	(43,   40.0, 3196.0)	(43,   44.0, 3240.0)	(43,    1.0, 3269.0)	pi= 334.0	di=3308.0	wi=   1.2	Pal=   0.0	profit=334.000000
(90,   60.0, 2996.0)	(90,   86.0, 3128.0)	(90,   22.0, 3218.0)	(90,   58.0, 3298.0)	(90,   95.0, 3393.0)	pi= 458.0	di=3418.0	wi=   1.4	Pal=   0.0	profit=458.000000
(25,   15.0, 3011.0)	(25,   69.0, 3197.0)	(25,    1.0, 3219.0)	(25,   42.0, 3340.0)	(25,   91.0, 3484.0)	pi= 152.0	di=3493.0	wi=   0.6	Pal=   0.0	profit=152.000000
(99,   40.0, 3051.0)	(99,   70.0, 3267.0)	(99,   99.0, 3366.0)	(99,   71.0, 3437.0)	(99,   86.0, 3570.0)	pi= 107.0	di=3580.0	wi=   1.0	Pal=   0.0	profit=107.000000
(66,   69.0, 3120.0)	(66,   62.0, 3329.0)	(66,   13.0, 3379.0)	(66,   27.0, 3464.0)	(66,   43.0, 3613.0)	pi=  11.0	di=3856.0	wi=   0.9	Pal=   0.0	profit=11.000000
(98,    5.0, 3125.0)	(98,   85.0, 3414.0)	(98,   24.0, 3438.0)	(98,    8.0, 3472.0)	(98,    6.0, 3619.0)	pi= 394.0	di=3624.0	wi=   0.5	Pal=   0.0	profit=394.000000
(61,   72.0, 3197.0)	(61,   11.0, 3425.0)	(61,   38.0, 3476.0)	(61,   47.0, 3523.0)	(61,   17.0, 3636.0)	pi= 125.0	di=3664.0	wi=   1.3	Pal=   0.0	profit=125.000000
(47,   37.0, 3234.0)	(47,   17.0, 3442.0)	(47,   21.0, 3497.0)	(47,   83.0, 3606.0)	(47,    5.0, 3641.0)	pi=  61.0	di=3645.0	wi=   1.3	Pal=   0.0	profit=61.000000
(86,   99.0, 3333.0)	(86,   58.0, 3500.0)	(86,   25.0, 3525.0)	(86,   12.0, 3618.0)	(86,   66.0, 3707.0)	pi= 491.0	di=3867.0	wi=   1.1	Pal=   0.0	profit=491.000000
(24,   73.0, 3406.0)	(24,   17.0, 3517.0)	(24,    2.0, 3527.0)	(24,   29.0, 3647.0)	(24,   35.0, 3742.0)	pi= 179.0	di=4053.0	wi=   0.7	Pal=   0.0	profit=179.000000
(0,   73.0, 3479.0)	(0,   47.0, 3564.0)	(0,   64.0, 3628.0)	(0,   72.0, 3719.0)	(0,   96.0, 3838.0)	pi=  28.0	di=3855.0	wi=   1.5	Pal=   0.0	profit=28.000000
(27,   72.0, 3551.0)	(27,   93.0, 3657.0)	(27,   35.0, 3692.0)	(27,   76.0, 3795.0)	(27,   62.0, 3900.0)	pi= 448.0	di=4117.0	wi=   0.6	Pal=   0.0	profit=448.000000
(39,   55.0, 3606.0)	(39,   62.0, 3719.0)	(39,   32.0, 3751.0)	(39,   77.0, 3872.0)	(39,   29.0, 3929.0)	pi=  59.0	di=4172.0	wi=   0.8	Pal=   0.0	profit=59.000000
(18,   72.0, 3678.0)	(18,   10.0, 3729.0)	(18,   51.0, 3802.0)	(18,   15.0, 3887.0)	(18,   37.0, 3966.0)	pi=  60.0	di=4045.0	wi=   1.3	Pal=   0.0	profit=60.000000
(96,    4.0, 3682.0)	(96,   48.0, 3777.0)	(96,   88.0, 3890.0)	(96,   86.0, 3976.0)	(96,    0.0, 3976.0)	pi= 244.0	di=4040.0	wi=   1.4	Pal=   0.0	profit=244.000000
max Profit=21644.000000 
