Order ID	Pi	di	wi	accepted	devery	delayed	Profit
0	 348.0	 120.0	   1.2	0
1	 272.0	 393.0	   1.1	1	 427.0	1	234.600000
2	  25.0	 328.0	   0.6	0
3	 485.0	 279.0	   1.5	1	 150.0	0	485.000000
4	 340.0	 319.0	   1.2	0
5	 195.0	 224.0	   1.2	0
6	  85.0	 486.0	   0.6	1	 584.0	1	26.200000
7	 393.0	 187.0	   0.6	1	 453.0	1	233.400000
8	 243.0	 194.0	   0.7	1	 324.0	1	152.000000
9	 254.0	 264.0	   0.5	1	 371.0	1	200.500000
------Order Sequence(ID)-------------------------------
3	3	3	3	3	
8	8	8	8	8	
9	9	9	9	9	
1	1	1	1	1	
7	7	7	7	7	
6	6	6	6	6	
------Finished time(ID)-------------------------------
(3,   61.0,   61.0)	(3,   39.0,  100.0)	(3,    1.0,  101.0)	(3,    3.0,  104.0)	(3,   46.0,  150.0)	pi= 485.0	di= 279.0	wi=   1.5	Pal=   0.0	profit=485.000000
(8,   34.0,   95.0)	(8,   23.0,  123.0)	(8,   77.0,  200.0)	(8,   37.0,  237.0)	(8,   87.0,  324.0)	pi= 243.0	di= 194.0	wi=   0.7	Pal=  91.0	profit=152.000000
(9,   11.0,  106.0)	(9,   73.0,  196.0)	(9,   63.0,  263.0)	(9,   90.0,  353.0)	(9,   18.0,  371.0)	pi= 254.0	di= 264.0	wi=   0.5	Pal=  53.5	profit=200.500000
(1,   95.0,  201.0)	(1,   62.0,  263.0)	(1,  100.0,  363.0)	(1,    5.0,  368.0)	(1,   56.0,  427.0)	pi= 272.0	di= 393.0	wi=   1.1	Pal=  37.4	profit=234.600000
(7,   82.0,  283.0)	(7,   67.0,  350.0)	(7,   34.0,  397.0)	(7,    1.0,  398.0)	(7,   26.0,  453.0)	pi= 393.0	di= 187.0	wi=   0.6	Pal= 159.6	profit=233.400000
(6,   80.0,  363.0)	(6,   46.0,  409.0)	(6,   59.0,  468.0)	(6,   59.0,  527.0)	(6,   57.0,  584.0)	pi=  85.0	di= 486.0	wi=   0.6	Pal=  58.8	profit=26.200000
max Profit=1331.700000 
