Order ID	Pi	di	wi	accepted	devery	delayed	Profit
0	 451.0	1920.0	   1.1	1	1704.0	0	451.000000
1	 241.0	3645.0	   1.0	1	3483.0	0	241.000000
2	 205.0	3234.0	   0.7	1	3189.0	0	205.000000
3	 459.0	 800.0	   1.4	1	 717.0	0	459.000000
4	 108.0	 657.0	   0.9	1	 453.0	0	108.000000
5	 259.0	4561.0	   0.7	1	2371.0	0	259.000000
6	 253.0	4306.0	   0.7	1	4026.0	0	253.000000
7	 371.0	4446.0	   0.9	1	2681.0	0	371.000000
8	 314.0	1923.0	   1.2	1	1918.0	0	314.000000
9	 459.0	 883.0	   1.3	1	 636.0	0	459.000000
10	 500.0	2801.0	   1.5	1	1126.0	0	500.000000
11	   1.0	2477.0	   1.0	0
12	 211.0	3019.0	   1.3	1	2315.0	0	211.000000
13	  27.0	2637.0	   1.1	0
14	 316.0	2192.0	   0.7	1	1717.0	0	316.000000
15	 341.0	4948.0	   0.7	1	4307.0	0	341.000000
16	 441.0	1378.0	   1.3	1	1110.0	0	441.000000
17	 398.0	 284.0	   0.5	1	 290.0	1	395.000000
18	 235.0	2403.0	   1.4	1	2306.0	0	235.000000
19	  63.0	4194.0	   1.3	1	4111.0	0	63.000000
20	 193.0	4466.0	   1.0	1	3943.0	0	193.000000
21	 377.0	4435.0	   0.7	1	4404.0	0	377.000000
22	  10.0	4549.0	   0.9	1	3852.0	0	10.000000
23	  21.0	4653.0	   1.3	1	3912.0	0	21.000000
24	 469.0	2923.0	   0.9	1	2486.0	0	469.000000
25	 143.0	1846.0	   1.4	1	1569.0	0	143.000000
26	 310.0	4899.0	   0.6	1	4597.0	0	310.000000
27	  38.0	3651.0	   0.6	1	3547.0	0	38.000000
28	 222.0	 764.0	   1.3	1	 387.0	0	222.000000
29	 496.0	3275.0	   0.8	1	3266.0	0	496.000000
30	 348.0	1081.0	   0.6	1	1008.0	0	348.000000
31	 450.0	2168.0	   1.4	1	2005.0	0	450.000000
32	 302.0	3339.0	   1.0	1	2729.0	0	302.000000
33	 458.0	 873.0	   0.8	1	 781.0	0	458.000000
34	 497.0	  66.0	   0.9	0
35	 164.0	3593.0	   0.6	1	2427.0	0	164.000000
36	 370.0	 241.0	   0.6	1	 208.0	0	370.000000
37	  84.0	 368.0	   1.1	0
38	 173.0	4603.0	   1.3	1	4580.0	0	173.000000
39	 192.0	2218.0	   0.7	1	1470.0	0	192.000000
40	 213.0	3505.0	   0.5	1	3042.0	0	213.000000
41	  95.0	2369.0	   0.7	1	2054.0	0	95.000000
42	  58.0	3680.0	   0.7	1	3340.0	0	58.000000
43	 411.0	1888.0	   1.3	1	 996.0	0	411.000000
44	 121.0	3165.0	   1.0	1	1610.0	0	121.000000
45	 195.0	 216.0	   1.2	0
46	 430.0	 334.0	   0.6	1	  92.0	0	430.000000
47	  18.0	4762.0	   1.4	1	4054.0	0	18.000000
48	 256.0	3551.0	   1.3	1	3274.0	0	256.000000
49	 168.0	2582.0	   1.4	1	2581.0	0	168.000000
50	 174.0	4552.0	   1.1	1	4503.0	0	174.000000
51	 434.0	 282.0	   1.4	1	 248.0	0	434.000000
52	 185.0	2363.0	   1.5	1	2301.0	0	185.000000
53	 142.0	4067.0	   1.2	1	3770.0	0	142.000000
54	 249.0	3967.0	   0.5	1	3647.0	0	249.000000
55	 125.0	2482.0	   0.8	1	1895.0	0	125.000000
56	 490.0	3805.0	   0.8	1	3166.0	0	490.000000
57	  89.0	4679.0	   0.6	1	4197.0	0	89.000000
58	 179.0	4900.0	   0.7	1	4670.0	0	179.000000
59	  83.0	 914.0	   0.8	1	 557.0	0	83.000000
60	 136.0	5093.0	   1.1	1	4363.0	0	136.000000
61	 466.0	1450.0	   0.5	1	1324.0	0	466.000000
62	 341.0	1948.0	   0.8	1	1292.0	0	341.000000
63	 443.0	2082.0	   0.9	1	1995.0	0	443.000000
64	  16.0	1232.0	   1.0	0
65	  65.0	1585.0	   1.4	0
66	 120.0	4723.0	   1.3	1	4269.0	0	120.000000
67	 484.0	 909.0	   1.1	1	 624.0	0	484.000000
68	 347.0	4055.0	   0.5	1	3616.0	0	347.000000
69	 462.0	 975.0	   1.4	1	 943.0	0	462.000000
70	 209.0	 539.0	   0.9	1	 508.0	0	209.000000
71	 484.0	2468.0	   0.7	1	1371.0	0	484.000000
72	 328.0	1962.0	   0.9	1	1855.0	0	328.000000
73	 157.0	3244.0	   1.0	1	3123.0	0	157.000000
74	 116.0	2256.0	   0.8	1	2148.0	0	116.000000
75	 174.0	 480.0	   0.7	1	 158.0	0	174.000000
76	 251.0	 543.0	   0.8	1	 472.0	0	251.000000
77	 272.0	2547.0	   1.4	1	1147.0	0	272.000000
78	 167.0	3426.0	   1.3	1	3190.0	0	167.000000
79	 266.0	1881.0	   1.1	1	1758.0	0	266.000000
80	 471.0	3576.0	   1.2	1	2981.0	0	471.000000
81	 410.0	 142.0	   1.3	0
82	  43.0	 236.0	   1.4	0
83	 302.0	3961.0	   0.6	1	3874.0	0	302.000000
84	 410.0	2496.0	   0.6	1	2358.0	0	410.000000
85	  42.0	3706.0	   1.0	1	2935.0	0	42.000000
86	 176.0	 275.0	   0.5	0
87	 293.0	3113.0	   1.5	1	2969.0	0	293.000000
88	  23.0	3767.0	   0.9	1	3670.0	0	23.000000
89	  29.0	2159.0	   1.3	0
90	  16.0	2492.0	   1.2	1	2309.0	0	16.000000
91	 396.0	3446.0	   0.6	1	3402.0	0	396.000000
92	 392.0	2590.0	   1.5	1	2376.0	0	392.000000
93	 133.0	4032.0	   1.0	1	2823.0	0	133.000000
94	 492.0	2278.0	   1.0	1	2240.0	0	492.000000
95	 103.0	1335.0	   1.4	1	1245.0	0	103.000000
96	 374.0	4510.0	   1.2	1	1043.0	0	374.000000
97	 134.0	3380.0	   0.8	1	2848.0	0	134.000000
98	 198.0	 897.0	   1.3	1	 880.0	0	198.000000
99	 187.0	1704.0	   0.9	1	1450.0	0	187.000000
------Order Sequence(ID)-------------------------------
46	46	46	
75	75	75	
36	36	36	
51	51	51	
17	17	17	
28	28	28	
4	4	4	
76	76	76	
70	70	70	
59	59	59	
67	67	67	
9	9	9	
3	3	3	
33	33	33	
98	98	98	
69	69	69	
43	43	43	
30	30	30	
96	96	96	
16	16	16	
10	10	10	
77	77	77	
95	95	95	
62	62	62	
61	61	61	
71	71	71	
99	99	99	
39	39	39	
25	25	25	
44	44	44	
0	0	0	
14	14	14	
79	79	79	
72	72	72	
55	55	55	
8	8	8	
63	63	63	
31	31	31	
41	41	41	
74	74	74	
94	94	94	
52	52	52	
18	18	18	
90	90	90	
12	12	12	
84	84	84	
5	5	5	
92	92	92	
35	35	35	
24	24	24	
49	49	49	
7	7	7	
32	32	32	
93	93	93	
97	97	97	
85	85	85	
87	87	87	
80	80	80	
40	40	40	
73	73	73	
56	56	56	
2	2	2	
78	78	78	
29	29	29	
48	48	48	
42	42	42	
91	91	91	
1	1	1	
27	27	27	
68	68	68	
54	54	54	
88	88	88	
53	53	53	
22	22	22	
83	83	83	
23	23	23	
20	20	20	
6	6	6	
47	47	47	
19	19	19	
57	57	57	
66	66	66	
15	15	15	
60	60	60	
21	21	21	
50	50	50	
38	38	38	
26	26	26	
58	58	58	
------Finished time(ID)-------------------------------
(46,    3.0,    3.0)	(46,   53.0,   56.0)	(46,   36.0,   92.0)	pi= 430.0	di= 334.0	wi=   0.6	Pal=   0.0	profit=430.000000
(75,    6.0,    9.0)	(75,   11.0,   67.0)	(75,   66.0,  158.0)	pi= 174.0	di= 480.0	wi=   0.7	Pal=   0.0	profit=174.000000
(36,   50.0,   59.0)	(36,   95.0,  162.0)	(36,   46.0,  208.0)	pi= 370.0	di= 241.0	wi=   0.6	Pal=   0.0	profit=370.000000
(51,   50.0,  109.0)	(51,   61.0,  223.0)	(51,   25.0,  248.0)	pi= 434.0	di= 282.0	wi=   1.4	Pal=   0.0	profit=434.000000
(17,   53.0,  162.0)	(17,   60.0,  283.0)	(17,    7.0,  290.0)	pi= 398.0	di= 284.0	wi=   0.5	Pal=   3.0	profit=395.000000
(28,   46.0,  208.0)	(28,    6.0,  289.0)	(28,   97.0,  387.0)	pi= 222.0	di= 764.0	wi=   1.3	Pal=   0.0	profit=222.000000
(4,   74.0,  282.0)	(4,   27.0,  316.0)	(4,   66.0,  453.0)	pi= 108.0	di= 657.0	wi=   0.9	Pal=   0.0	profit=108.000000
(76,   49.0,  331.0)	(76,   32.0,  363.0)	(76,   19.0,  472.0)	pi= 251.0	di= 543.0	wi=   0.8	Pal=   0.0	profit=251.000000
(70,   53.0,  384.0)	(70,   50.0,  434.0)	(70,   36.0,  508.0)	pi= 209.0	di= 539.0	wi=   0.9	Pal=   0.0	profit=209.000000
(59,   34.0,  418.0)	(59,   37.0,  471.0)	(59,   49.0,  557.0)	pi=  83.0	di= 914.0	wi=   0.8	Pal=   0.0	profit=83.000000
(67,   12.0,  430.0)	(67,   95.0,  566.0)	(67,   58.0,  624.0)	pi= 484.0	di= 909.0	wi=   1.1	Pal=   0.0	profit=484.000000
(9,    4.0,  434.0)	(9,   59.0,  625.0)	(9,   11.0,  636.0)	pi= 459.0	di= 883.0	wi=   1.3	Pal=   0.0	profit=459.000000
(3,   67.0,  501.0)	(3,   17.0,  642.0)	(3,   75.0,  717.0)	pi= 459.0	di= 800.0	wi=   1.4	Pal=   0.0	profit=459.000000
(33,   92.0,  593.0)	(33,   59.0,  701.0)	(33,   64.0,  781.0)	pi= 458.0	di= 873.0	wi=   0.8	Pal=   0.0	profit=458.000000
(98,   78.0,  671.0)	(98,   83.0,  784.0)	(98,   96.0,  880.0)	pi= 198.0	di= 897.0	wi=   1.3	Pal=   0.0	profit=198.000000
(69,   88.0,  759.0)	(69,   31.0,  815.0)	(69,   63.0,  943.0)	pi= 462.0	di= 975.0	wi=   1.4	Pal=   0.0	profit=462.000000
(43,   31.0,  790.0)	(43,   14.0,  829.0)	(43,   53.0,  996.0)	pi= 411.0	di=1888.0	wi=   1.3	Pal=   0.0	profit=411.000000
(30,   72.0,  862.0)	(30,   15.0,  877.0)	(30,   12.0, 1008.0)	pi= 348.0	di=1081.0	wi=   0.6	Pal=   0.0	profit=348.000000
(96,    2.0,  864.0)	(96,   11.0,  888.0)	(96,   35.0, 1043.0)	pi= 374.0	di=4510.0	wi=   1.2	Pal=   0.0	profit=374.000000
(16,   72.0,  936.0)	(16,   89.0, 1025.0)	(16,   67.0, 1110.0)	pi= 441.0	di=1378.0	wi=   1.3	Pal=   0.0	profit=441.000000
(10,   18.0,  954.0)	(10,   10.0, 1035.0)	(10,   16.0, 1126.0)	pi= 500.0	di=2801.0	wi=   1.5	Pal=   0.0	profit=500.000000
(77,   11.0,  965.0)	(77,   49.0, 1084.0)	(77,   21.0, 1147.0)	pi= 272.0	di=2547.0	wi=   1.4	Pal=   0.0	profit=272.000000
(95,   83.0, 1048.0)	(95,    8.0, 1092.0)	(95,   98.0, 1245.0)	pi= 103.0	di=1335.0	wi=   1.4	Pal=   0.0	profit=103.000000
(62,   31.0, 1079.0)	(62,   74.0, 1166.0)	(62,   47.0, 1292.0)	pi= 341.0	di=1948.0	wi=   0.8	Pal=   0.0	profit=341.000000
(61,   28.0, 1107.0)	(61,   65.0, 1231.0)	(61,   32.0, 1324.0)	pi= 466.0	di=1450.0	wi=   0.5	Pal=   0.0	profit=466.000000
(71,   75.0, 1182.0)	(71,   38.0, 1269.0)	(71,   47.0, 1371.0)	pi= 484.0	di=2468.0	wi=   0.7	Pal=   0.0	profit=484.000000
(99,   89.0, 1271.0)	(99,   12.0, 1283.0)	(99,   79.0, 1450.0)	pi= 187.0	di=1704.0	wi=   0.9	Pal=   0.0	profit=187.000000
(39,   19.0, 1290.0)	(39,   84.0, 1374.0)	(39,   20.0, 1470.0)	pi= 192.0	di=2218.0	wi=   0.7	Pal=   0.0	profit=192.000000
(25,   84.0, 1374.0)	(25,    6.0, 1380.0)	(25,   99.0, 1569.0)	pi= 143.0	di=1846.0	wi=   1.4	Pal=   0.0	profit=143.000000
(44,   18.0, 1392.0)	(44,   72.0, 1464.0)	(44,   41.0, 1610.0)	pi= 121.0	di=3165.0	wi=   1.0	Pal=   0.0	profit=121.000000
(0,   24.0, 1416.0)	(0,   65.0, 1529.0)	(0,   94.0, 1704.0)	pi= 451.0	di=1920.0	wi=   1.1	Pal=   0.0	profit=451.000000
(14,   68.0, 1484.0)	(14,    5.0, 1534.0)	(14,   13.0, 1717.0)	pi= 316.0	di=2192.0	wi=   0.7	Pal=   0.0	profit=316.000000
(79,   39.0, 1523.0)	(79,   71.0, 1605.0)	(79,   41.0, 1758.0)	pi= 266.0	di=1881.0	wi=   1.1	Pal=   0.0	profit=266.000000
(72,   63.0, 1586.0)	(72,   18.0, 1623.0)	(72,   97.0, 1855.0)	pi= 328.0	di=1962.0	wi=   0.9	Pal=   0.0	profit=328.000000
(55,    2.0, 1588.0)	(55,   81.0, 1704.0)	(55,   40.0, 1895.0)	pi= 125.0	di=2482.0	wi=   0.8	Pal=   0.0	profit=125.000000
(8,   88.0, 1676.0)	(8,   30.0, 1734.0)	(8,   23.0, 1918.0)	pi= 314.0	di=1923.0	wi=   1.2	Pal=   0.0	profit=314.000000
(63,    8.0, 1684.0)	(63,   91.0, 1825.0)	(63,   77.0, 1995.0)	pi= 443.0	di=2082.0	wi=   0.9	Pal=   0.0	profit=443.000000
(31,   39.0, 1723.0)	(31,   56.0, 1881.0)	(31,   10.0, 2005.0)	pi= 450.0	di=2168.0	wi=   1.4	Pal=   0.0	profit=450.000000
(41,   22.0, 1745.0)	(41,   44.0, 1925.0)	(41,   49.0, 2054.0)	pi=  95.0	di=2369.0	wi=   0.7	Pal=   0.0	profit=95.000000
(74,   30.0, 1775.0)	(74,   15.0, 1940.0)	(74,   94.0, 2148.0)	pi= 116.0	di=2256.0	wi=   0.8	Pal=   0.0	profit=116.000000
(94,   32.0, 1807.0)	(94,   37.0, 1977.0)	(94,   92.0, 2240.0)	pi= 492.0	di=2278.0	wi=   1.0	Pal=   0.0	profit=492.000000
(52,   98.0, 1905.0)	(52,   73.0, 2050.0)	(52,   61.0, 2301.0)	pi= 185.0	di=2363.0	wi=   1.5	Pal=   0.0	profit=185.000000
(18,   36.0, 1941.0)	(18,   49.0, 2099.0)	(18,    5.0, 2306.0)	pi= 235.0	di=2403.0	wi=   1.4	Pal=   0.0	profit=235.000000
(90,   59.0, 2000.0)	(90,    8.0, 2107.0)	(90,    3.0, 2309.0)	pi=  16.0	di=2492.0	wi=   1.2	Pal=   0.0	profit=16.000000
(12,    8.0, 2008.0)	(12,   91.0, 2198.0)	(12,    6.0, 2315.0)	pi= 211.0	di=3019.0	wi=   1.3	Pal=   0.0	profit=211.000000
(84,   92.0, 2100.0)	(84,   45.0, 2243.0)	(84,   43.0, 2358.0)	pi= 410.0	di=2496.0	wi=   0.6	Pal=   0.0	profit=410.000000
(5,   40.0, 2140.0)	(5,   31.0, 2274.0)	(5,   13.0, 2371.0)	pi= 259.0	di=4561.0	wi=   0.7	Pal=   0.0	profit=259.000000
(92,   37.0, 2177.0)	(92,    8.0, 2282.0)	(92,    5.0, 2376.0)	pi= 392.0	di=2590.0	wi=   1.5	Pal=   0.0	profit=392.000000
(35,    6.0, 2183.0)	(35,   84.0, 2366.0)	(35,   51.0, 2427.0)	pi= 164.0	di=3593.0	wi=   0.6	Pal=   0.0	profit=164.000000
(24,   40.0, 2223.0)	(24,    7.0, 2373.0)	(24,   59.0, 2486.0)	pi= 469.0	di=2923.0	wi=   0.9	Pal=   0.0	profit=469.000000
(49,   27.0, 2250.0)	(49,   77.0, 2450.0)	(49,   95.0, 2581.0)	pi= 168.0	di=2582.0	wi=   1.4	Pal=   0.0	profit=168.000000
(7,   99.0, 2349.0)	(7,   44.0, 2494.0)	(7,  100.0, 2681.0)	pi= 371.0	di=4446.0	wi=   0.9	Pal=   0.0	profit=371.000000
(32,   86.0, 2435.0)	(32,   20.0, 2514.0)	(32,   48.0, 2729.0)	pi= 302.0	di=3339.0	wi=   1.0	Pal=   0.0	profit=302.000000
(93,    8.0, 2443.0)	(93,   90.0, 2604.0)	(93,   94.0, 2823.0)	pi= 133.0	di=4032.0	wi=   1.0	Pal=   0.0	profit=133.000000
(97,    0.0, 2443.0)	(97,   89.0, 2693.0)	(97,   25.0, 2848.0)	pi= 134.0	di=3380.0	wi=   0.8	Pal=   0.0	profit=134.000000
(85,   94.0, 2537.0)	(85,   13.0, 2706.0)	(85,   87.0, 2935.0)	pi=  42.0	di=3706.0	wi=   1.0	Pal=   0.0	profit=42.000000
(87,   99.0, 2636.0)	(87,   63.0, 2769.0)	(87,   34.0, 2969.0)	pi= 293.0	di=3113.0	wi=   1.5	Pal=   0.0	profit=293.000000
(80,   95.0, 2731.0)	(80,   95.0, 2864.0)	(80,   12.0, 2981.0)	pi= 471.0	di=3576.0	wi=   1.2	Pal=   0.0	profit=471.000000
(40,   54.0, 2785.0)	(40,   73.0, 2937.0)	(40,   61.0, 3042.0)	pi= 213.0	di=3505.0	wi=   0.5	Pal=   0.0	profit=213.000000
(73,   21.0, 2806.0)	(73,   60.0, 2997.0)	(73,   81.0, 3123.0)	pi= 157.0	di=3244.0	wi=   1.0	Pal=   0.0	profit=157.000000
(56,   21.0, 2827.0)	(56,   36.0, 3033.0)	(56,   43.0, 3166.0)	pi= 490.0	di=3805.0	wi=   0.8	Pal=   0.0	profit=490.000000
(2,   64.0, 2891.0)	(2,   21.0, 3054.0)	(2,   23.0, 3189.0)	pi= 205.0	di=3234.0	wi=   0.7	Pal=   0.0	profit=205.000000
(78,   13.0, 2904.0)	(78,   65.0, 3119.0)	(78,    1.0, 3190.0)	pi= 167.0	di=3426.0	wi=   1.3	Pal=   0.0	profit=167.000000
(29,   75.0, 2979.0)	(29,   66.0, 3185.0)	(29,   76.0, 3266.0)	pi= 496.0	di=3275.0	wi=   0.8	Pal=   0.0	profit=496.000000
(48,   18.0, 2997.0)	(48,   87.0, 3272.0)	(48,    2.0, 3274.0)	pi= 256.0	di=3551.0	wi=   1.3	Pal=   0.0	profit=256.000000
(42,   94.0, 3091.0)	(42,   29.0, 3301.0)	(42,   39.0, 3340.0)	pi=  58.0	di=3680.0	wi=   0.7	Pal=   0.0	profit=58.000000
(91,   28.0, 3119.0)	(91,   40.0, 3341.0)	(91,   61.0, 3402.0)	pi= 396.0	di=3446.0	wi=   0.6	Pal=   0.0	profit=396.000000
(1,   46.0, 3165.0)	(1,   48.0, 3389.0)	(1,   81.0, 3483.0)	pi= 241.0	di=3645.0	wi=   1.0	Pal=   0.0	profit=241.000000
(27,   40.0, 3205.0)	(27,   64.0, 3453.0)	(27,   64.0, 3547.0)	pi=  38.0	di=3651.0	wi=   0.6	Pal=   0.0	profit=38.000000
(68,   45.0, 3250.0)	(68,   76.0, 3529.0)	(68,   69.0, 3616.0)	pi= 347.0	di=4055.0	wi=   0.5	Pal=   0.0	profit=347.000000
(54,   45.0, 3295.0)	(54,   10.0, 3539.0)	(54,   31.0, 3647.0)	pi= 249.0	di=3967.0	wi=   0.5	Pal=   0.0	profit=249.000000
(88,   70.0, 3365.0)	(88,   32.0, 3571.0)	(88,   23.0, 3670.0)	pi=  23.0	di=3767.0	wi=   0.9	Pal=   0.0	profit=23.000000
(53,   41.0, 3406.0)	(53,   58.0, 3629.0)	(53,  100.0, 3770.0)	pi= 142.0	di=4067.0	wi=   1.2	Pal=   0.0	profit=142.000000
(22,  100.0, 3506.0)	(22,   40.0, 3669.0)	(22,   82.0, 3852.0)	pi=  10.0	di=4549.0	wi=   0.9	Pal=   0.0	profit=10.000000
(83,   87.0, 3593.0)	(83,   45.0, 3714.0)	(83,   22.0, 3874.0)	pi= 302.0	di=3961.0	wi=   0.6	Pal=   0.0	profit=302.000000
(23,   65.0, 3658.0)	(23,   29.0, 3743.0)	(23,   38.0, 3912.0)	pi=  21.0	di=4653.0	wi=   1.3	Pal=   0.0	profit=21.000000
(20,   15.0, 3673.0)	(20,   74.0, 3817.0)	(20,   31.0, 3943.0)	pi= 193.0	di=4466.0	wi=   1.0	Pal=   0.0	profit=193.000000
(6,   65.0, 3738.0)	(6,   81.0, 3898.0)	(6,   83.0, 4026.0)	pi= 253.0	di=4306.0	wi=   0.7	Pal=   0.0	profit=253.000000
(47,   29.0, 3767.0)	(47,   55.0, 3953.0)	(47,   28.0, 4054.0)	pi=  18.0	di=4762.0	wi=   1.4	Pal=   0.0	profit=18.000000
(19,   17.0, 3784.0)	(19,    1.0, 3954.0)	(19,   57.0, 4111.0)	pi=  63.0	di=4194.0	wi=   1.3	Pal=   0.0	profit=63.000000
(57,   38.0, 3822.0)	(57,   44.0, 3998.0)	(57,   86.0, 4197.0)	pi=  89.0	di=4679.0	wi=   0.6	Pal=   0.0	profit=89.000000
(66,    1.0, 3823.0)	(66,   25.0, 4023.0)	(66,   72.0, 4269.0)	pi= 120.0	di=4723.0	wi=   1.3	Pal=   0.0	profit=120.000000
(15,   85.0, 3908.0)	(15,   52.0, 4075.0)	(15,   38.0, 4307.0)	pi= 341.0	di=4948.0	wi=   0.7	Pal=   0.0	profit=341.000000
(60,   61.0, 3969.0)	(60,   11.0, 4086.0)	(60,   56.0, 4363.0)	pi= 136.0	di=5093.0	wi=   1.1	Pal=   0.0	profit=136.000000
(21,   11.0, 3980.0)	(21,   98.0, 4184.0)	(21,   41.0, 4404.0)	pi= 377.0	di=4435.0	wi=   0.7	Pal=   0.0	profit=377.000000
(50,   74.0, 4054.0)	(50,   88.0, 4272.0)	(50,   99.0, 4503.0)	pi= 174.0	di=4552.0	wi=   1.1	Pal=   0.0	profit=174.000000
(38,   55.0, 4109.0)	(38,   44.0, 4316.0)	(38,   77.0, 4580.0)	pi= 173.0	di=4603.0	wi=   1.3	Pal=   0.0	profit=173.000000
(26,   31.0, 4140.0)	(26,   80.0, 4396.0)	(26,   17.0, 4597.0)	pi= 310.0	di=4899.0	wi=   0.6	Pal=   0.0	profit=310.000000
(58,   32.0, 4172.0)	(58,   86.0, 4482.0)	(58,   73.0, 4670.0)	pi= 179.0	di=4900.0	wi=   0.7	Pal=   0.0	profit=179.000000
max Profit=23467.000000 
