Order ID	Pi	di	wi	accepted	devery	delayed	Profit
0	 239.0	5328.0	   0.6	1	4988.0	0	239.000000
1	 301.0	4172.0	   1.3	1	3320.0	0	301.000000
2	 424.0	3608.0	   1.4	1	3568.0	0	424.000000
3	 360.0	2842.0	   0.6	1	2594.0	0	360.000000
4	 170.0	2091.0	   0.8	1	2076.0	0	170.000000
5	 158.0	2433.0	   0.9	1	1302.0	0	158.000000
6	 182.0	4899.0	   0.7	1	4720.0	0	182.000000
7	 324.0	  20.0	   0.5	0
8	 191.0	3477.0	   0.6	1	3263.0	0	191.000000
9	 139.0	4985.0	   1.1	1	4427.0	0	139.000000
10	 207.0	1674.0	   0.8	1	1420.0	0	207.000000
11	 500.0	1747.0	   0.7	1	1592.0	0	500.000000
12	  56.0	3212.0	   1.5	1	3135.0	0	56.000000
13	 145.0	3569.0	   0.6	1	1870.0	0	145.000000
14	  85.0	5438.0	   1.0	1	5117.0	0	85.000000
15	  78.0	2726.0	   0.7	1	1754.0	0	78.000000
16	 320.0	5263.0	   1.4	1	4636.0	0	320.000000
17	 438.0	 943.0	   0.8	1	 909.0	0	438.000000
18	 269.0	3210.0	   1.2	1	2858.0	0	269.000000
19	 292.0	 542.0	   0.8	0
20	 401.0	1403.0	   1.1	1	1403.0	0	401.000000
21	 178.0	4079.0	   0.7	1	3911.0	0	178.000000
22	 275.0	4256.0	   1.4	1	4181.0	0	275.000000
23	 260.0	2451.0	   1.3	1	2324.0	0	260.000000
24	 296.0	3179.0	   0.6	1	1086.0	0	296.000000
25	 120.0	 321.0	   0.9	0
26	 339.0	2610.0	   1.0	1	2046.0	0	339.000000
27	 245.0	1273.0	   1.5	1	1229.0	0	245.000000
28	 379.0	 256.0	   1.2	0
29	  57.0	2254.0	   1.3	1	2215.0	0	57.000000
30	  92.0	3705.0	   1.2	0
31	  65.0	2061.0	   1.5	0
32	 462.0	 313.0	   1.2	0
33	 394.0	2313.0	   1.1	1	1965.0	0	394.000000
34	  41.0	2221.0	   1.0	0
35	 161.0	2400.0	   1.4	1	2333.0	0	161.000000
36	  19.0	 463.0	   0.8	0
37	 440.0	5384.0	   0.8	1	4819.0	0	440.000000
38	 403.0	4445.0	   1.4	1	4294.0	0	403.000000
39	  22.0	2503.0	   0.8	0
40	 276.0	1394.0	   1.2	1	1334.0	0	276.000000
41	 289.0	2426.0	   1.2	1	2404.0	0	289.000000
42	 101.0	4240.0	   1.3	1	4100.0	0	101.000000
43	 488.0	2987.0	   1.1	1	2480.0	0	488.000000
44	  55.0	2190.0	   0.9	0
45	 403.0	3871.0	   1.3	1	3488.0	0	403.000000
46	 457.0	 448.0	   0.8	1	 667.0	1	281.800000
47	 134.0	 462.0	   1.0	0
48	  70.0	4518.0	   1.0	1	4379.0	0	70.000000
49	 242.0	1314.0	   1.3	1	1047.0	0	242.000000
50	 373.0	3301.0	   0.6	1	2663.0	0	373.000000
51	 241.0	4833.0	   1.3	1	4738.0	0	241.000000
52	  86.0	2658.0	   1.5	1	2308.0	0	86.000000
53	  65.0	3776.0	   0.9	1	3380.0	0	65.000000
54	  72.0	2175.0	   1.2	0
55	  80.0	 456.0	   1.2	0
56	 112.0	4563.0	   1.1	1	4142.0	0	112.000000
57	 255.0	 537.0	   0.6	0
58	 166.0	1753.0	   1.2	1	 736.0	0	166.000000
59	 487.0	1529.0	   1.3	1	1360.0	0	487.000000
60	  53.0	5400.0	   1.2	1	4601.0	0	53.000000
61	 272.0	2309.0	   0.8	1	2137.0	0	272.000000
62	 121.0	5446.0	   0.9	1	5064.0	0	121.000000
63	 481.0	2872.0	   0.9	1	2805.0	0	481.000000
64	 492.0	2795.0	   1.4	1	1036.0	0	492.000000
65	 109.0	1775.0	   0.9	0
66	 397.0	3621.0	   1.0	1	3110.0	0	397.000000
67	 386.0	3969.0	   0.7	1	3019.0	0	386.000000
68	  25.0	2706.0	   1.3	0
69	 343.0	5247.0	   0.6	1	4865.0	0	343.000000
70	 334.0	4997.0	   0.7	1	4920.0	0	334.000000
71	 220.0	 935.0	   0.8	0
72	 316.0	 658.0	   1.4	1	 533.0	0	316.000000
73	 148.0	3965.0	   0.6	1	3959.0	0	148.000000
74	  46.0	3757.0	   0.7	0
75	 301.0	3280.0	   0.9	1	2952.0	0	301.000000
76	 300.0	2762.0	   0.9	1	1543.0	0	300.000000
77	 384.0	3801.0	   1.4	1	3412.0	0	384.000000
78	 414.0	3224.0	   0.6	1	1749.0	0	414.000000
79	 337.0	3117.0	   0.6	1	2722.0	0	337.000000
80	 206.0	5252.0	   0.8	1	4758.0	0	206.000000
81	 115.0	3884.0	   0.7	1	3823.0	0	115.000000
82	 429.0	5176.0	   0.6	1	5167.0	0	429.000000
83	 465.0	3208.0	   1.4	1	3056.0	0	465.000000
84	 314.0	2468.0	   1.2	1	1844.0	0	314.000000
85	 162.0	4412.0	   1.0	1	3716.0	0	162.000000
86	 469.0	3114.0	   0.9	1	2546.0	0	469.000000
87	 477.0	3982.0	   1.1	1	3914.0	0	477.000000
88	 126.0	2500.0	   0.6	1	2352.0	0	126.000000
89	  63.0	 164.0	   0.5	0
90	 282.0	4085.0	   1.3	1	3583.0	0	282.000000
91	 219.0	 926.0	   1.5	1	 825.0	0	219.000000
92	 370.0	4950.0	   0.7	1	4537.0	0	370.000000
93	  35.0	1485.0	   0.7	0
94	 243.0	1864.0	   0.5	1	1659.0	0	243.000000
95	 403.0	2470.0	   0.9	1	1870.0	0	403.000000
96	   7.0	2501.0	   0.6	0
97	 313.0	 748.0	   1.5	1	 735.0	0	313.000000
98	 156.0	3093.0	   0.9	1	2672.0	0	156.000000
99	 301.0	4287.0	   1.3	1	3780.0	0	301.000000
------Order Sequence(ID)-------------------------------
72	72	72	72	72	72	72	72	72	72	
46	46	46	46	46	46	46	46	46	46	
97	97	97	97	97	97	97	97	97	97	
58	58	58	58	58	58	58	58	58	58	
91	91	91	91	91	91	91	91	91	91	
17	17	17	17	17	17	17	17	17	17	
64	64	64	64	64	64	64	64	64	64	
49	49	49	49	49	49	49	49	49	49	
24	24	24	24	24	24	24	24	24	24	
27	27	27	27	27	27	27	27	27	27	
5	5	5	5	5	5	5	5	5	5	
40	40	40	40	40	40	40	40	40	40	
59	59	59	59	59	59	59	59	59	59	
20	20	20	20	20	20	20	20	20	20	
10	10	10	10	10	10	10	10	10	10	
76	76	76	76	76	76	76	76	76	76	
11	11	11	11	11	11	11	11	11	11	
94	94	94	94	94	94	94	94	94	94	
78	78	78	78	78	78	78	78	78	78	
15	15	15	15	15	15	15	15	15	15	
84	84	84	84	84	84	84	84	84	84	
13	13	13	13	13	13	13	13	13	13	
95	95	95	95	95	95	95	95	95	95	
33	33	33	33	33	33	33	33	33	33	
26	26	26	26	26	26	26	26	26	26	
4	4	4	4	4	4	4	4	4	4	
61	61	61	61	61	61	61	61	61	61	
29	29	29	29	29	29	29	29	29	29	
52	52	52	52	52	52	52	52	52	52	
23	23	23	23	23	23	23	23	23	23	
35	35	35	35	35	35	35	35	35	35	
88	88	88	88	88	88	88	88	88	88	
41	41	41	41	41	41	41	41	41	41	
43	43	43	43	43	43	43	43	43	43	
86	86	86	86	86	86	86	86	86	86	
3	3	3	3	3	3	3	3	3	3	
50	50	50	50	50	50	50	50	50	50	
98	98	98	98	98	98	98	98	98	98	
79	79	79	79	79	79	79	79	79	79	
63	63	63	63	63	63	63	63	63	63	
18	18	18	18	18	18	18	18	18	18	
75	75	75	75	75	75	75	75	75	75	
67	67	67	67	67	67	67	67	67	67	
83	83	83	83	83	83	83	83	83	83	
66	66	66	66	66	66	66	66	66	66	
12	12	12	12	12	12	12	12	12	12	
8	8	8	8	8	8	8	8	8	8	
1	1	1	1	1	1	1	1	1	1	
53	53	53	53	53	53	53	53	53	53	
77	77	77	77	77	77	77	77	77	77	
45	45	45	45	45	45	45	45	45	45	
2	2	2	2	2	2	2	2	2	2	
90	90	90	90	90	90	90	90	90	90	
85	85	85	85	85	85	85	85	85	85	
99	99	99	99	99	99	99	99	99	99	
81	81	81	81	81	81	81	81	81	81	
21	21	21	21	21	21	21	21	21	21	
87	87	87	87	87	87	87	87	87	87	
73	73	73	73	73	73	73	73	73	73	
42	42	42	42	42	42	42	42	42	42	
56	56	56	56	56	56	56	56	56	56	
22	22	22	22	22	22	22	22	22	22	
38	38	38	38	38	38	38	38	38	38	
48	48	48	48	48	48	48	48	48	48	
9	9	9	9	9	9	9	9	9	9	
92	92	92	92	92	92	92	92	92	92	
60	60	60	60	60	60	60	60	60	60	
16	16	16	16	16	16	16	16	16	16	
6	6	6	6	6	6	6	6	6	6	
51	51	51	51	51	51	51	51	51	51	
80	80	80	80	80	80	80	80	80	80	
37	37	37	37	37	37	37	37	37	37	
69	69	69	69	69	69	69	69	69	69	
70	70	70	70	70	70	70	70	70	70	
0	0	0	0	0	0	0	0	0	0	
62	62	62	62	62	62	62	62	62	62	
14	14	14	14	14	14	14	14	14	14	
82	82	82	82	82	82	82	82	82	82	
------Finished time(ID)-------------------------------
(72,    6.0,    6.0)	(72,    1.0,    7.0)	(72,   51.0,   58.0)	(72,   97.0,  155.0)	(72,   37.0,  192.0)	(72,   46.0,  238.0)	(72,   80.0,  318.0)	(72,   95.0,  413.0)	(72,   70.0,  483.0)	(72,   50.0,  533.0)	pi= 316.0	di= 658.0	wi=   1.4	Pal=   0.0	profit=316.000000
(46,   92.0,   98.0)	(46,    6.0,  104.0)	(46,   37.0,  141.0)	(46,    0.0,  155.0)	(46,   44.0,  236.0)	(46,   74.0,  312.0)	(46,   68.0,  386.0)	(46,   79.0,  492.0)	(46,   80.0,  572.0)	(46,   95.0,  667.0)	pi= 457.0	di= 448.0	wi=   0.8	Pal= 175.2	profit=281.800000
(97,   18.0,  116.0)	(97,    4.0,  120.0)	(97,   66.0,  207.0)	(97,   66.0,  273.0)	(97,   37.0,  310.0)	(97,   95.0,  407.0)	(97,    4.0,  411.0)	(97,   88.0,  580.0)	(97,   71.0,  651.0)	(97,   68.0,  735.0)	pi= 313.0	di= 748.0	wi=   1.5	Pal=   0.0	profit=313.000000
(58,   23.0,  139.0)	(58,   56.0,  195.0)	(58,   91.0,  298.0)	(58,   34.0,  332.0)	(58,   71.0,  403.0)	(58,   98.0,  505.0)	(58,   44.0,  549.0)	(58,   56.0,  636.0)	(58,    8.0,  659.0)	(58,    1.0,  736.0)	pi= 166.0	di=1753.0	wi=   1.2	Pal=   0.0	profit=166.000000
(91,   55.0,  194.0)	(91,   37.0,  232.0)	(91,   35.0,  333.0)	(91,   82.0,  415.0)	(91,   50.0,  465.0)	(91,   83.0,  588.0)	(91,   46.0,  634.0)	(91,  100.0,  736.0)	(91,   71.0,  807.0)	(91,   18.0,  825.0)	pi= 219.0	di= 926.0	wi=   1.5	Pal=   0.0	profit=219.000000
(17,   86.0,  280.0)	(17,   35.0,  315.0)	(17,   38.0,  371.0)	(17,   77.0,  492.0)	(17,   76.0,  568.0)	(17,   21.0,  609.0)	(17,   28.0,  662.0)	(17,   96.0,  832.0)	(17,   35.0,  867.0)	(17,   42.0,  909.0)	pi= 438.0	di= 943.0	wi=   0.8	Pal=   0.0	profit=438.000000
(64,   17.0,  297.0)	(64,   30.0,  345.0)	(64,   64.0,  435.0)	(64,   30.0,  522.0)	(64,   22.0,  590.0)	(64,   57.0,  666.0)	(64,   24.0,  690.0)	(64,   43.0,  875.0)	(64,   63.0,  938.0)	(64,   98.0, 1036.0)	pi= 492.0	di=2795.0	wi=   1.4	Pal=   0.0	profit=492.000000
(49,    6.0,  303.0)	(49,   61.0,  406.0)	(49,   12.0,  447.0)	(49,   50.0,  572.0)	(49,    3.0,  593.0)	(49,   67.0,  733.0)	(49,   73.0,  806.0)	(49,   27.0,  902.0)	(49,   30.0,  968.0)	(49,   11.0, 1047.0)	pi= 242.0	di=1314.0	wi=   1.3	Pal=   0.0	profit=242.000000
(24,    4.0,  307.0)	(24,   19.0,  425.0)	(24,   75.0,  522.0)	(24,   53.0,  625.0)	(24,   13.0,  638.0)	(24,    3.0,  736.0)	(24,   94.0,  900.0)	(24,   84.0,  986.0)	(24,   62.0, 1048.0)	(24,   38.0, 1086.0)	pi= 296.0	di=3179.0	wi=   0.6	Pal=   0.0	profit=296.000000
(27,   76.0,  383.0)	(27,   62.0,  487.0)	(27,   72.0,  594.0)	(27,   33.0,  658.0)	(27,   31.0,  689.0)	(27,   71.0,  807.0)	(27,   48.0,  948.0)	(27,   81.0, 1067.0)	(27,   79.0, 1146.0)	(27,   83.0, 1229.0)	pi= 245.0	di=1273.0	wi=   1.5	Pal=   0.0	profit=245.000000
(5,   47.0,  430.0)	(5,   25.0,  512.0)	(5,   23.0,  617.0)	(5,   25.0,  683.0)	(5,   89.0,  778.0)	(5,   67.0,  874.0)	(5,   54.0, 1002.0)	(5,   16.0, 1083.0)	(5,   34.0, 1180.0)	(5,   73.0, 1302.0)	pi= 158.0	di=2433.0	wi=   0.9	Pal=   0.0	profit=158.000000
(40,   42.0,  472.0)	(40,  100.0,  612.0)	(40,   59.0,  676.0)	(40,   40.0,  723.0)	(40,   90.0,  868.0)	(40,   88.0,  962.0)	(40,   23.0, 1025.0)	(40,   89.0, 1172.0)	(40,   47.0, 1227.0)	(40,   32.0, 1334.0)	pi= 276.0	di=1394.0	wi=   1.2	Pal=   0.0	profit=276.000000
(59,   69.0,  541.0)	(59,   94.0,  706.0)	(59,    9.0,  715.0)	(59,   28.0,  751.0)	(59,   12.0,  880.0)	(59,   60.0, 1022.0)	(59,    2.0, 1027.0)	(59,    6.0, 1178.0)	(59,   80.0, 1307.0)	(59,   26.0, 1360.0)	pi= 487.0	di=1529.0	wi=   1.3	Pal=   0.0	profit=487.000000
(20,   86.0,  627.0)	(20,   59.0,  765.0)	(20,   63.0,  828.0)	(20,   93.0,  921.0)	(20,   99.0, 1020.0)	(20,   87.0, 1109.0)	(20,   77.0, 1186.0)	(20,   80.0, 1266.0)	(20,    3.0, 1310.0)	(20,   43.0, 1403.0)	pi= 401.0	di=1403.0	wi=   1.1	Pal=   0.0	profit=401.000000
(10,   89.0,  716.0)	(10,    1.0,  766.0)	(10,   64.0,  892.0)	(10,   65.0,  986.0)	(10,   68.0, 1088.0)	(10,   75.0, 1184.0)	(10,   63.0, 1249.0)	(10,   52.0, 1318.0)	(10,   40.0, 1358.0)	(10,   17.0, 1420.0)	pi= 207.0	di=1674.0	wi=   0.8	Pal=   0.0	profit=207.000000
(76,   99.0,  815.0)	(76,   54.0,  869.0)	(76,   69.0,  961.0)	(76,   56.0, 1042.0)	(76,   22.0, 1110.0)	(76,   18.0, 1202.0)	(76,   46.0, 1295.0)	(76,   70.0, 1388.0)	(76,   75.0, 1463.0)	(76,   80.0, 1543.0)	pi= 300.0	di=2762.0	wi=   0.9	Pal=   0.0	profit=300.000000
(11,   74.0,  889.0)	(11,   46.0,  935.0)	(11,   51.0, 1012.0)	(11,   99.0, 1141.0)	(11,   26.0, 1167.0)	(11,   98.0, 1300.0)	(11,   78.0, 1378.0)	(11,   35.0, 1423.0)	(11,   63.0, 1526.0)	(11,   49.0, 1592.0)	pi= 500.0	di=1747.0	wi=   0.7	Pal=   0.0	profit=500.000000
(94,   45.0,  934.0)	(94,   37.0,  972.0)	(94,   87.0, 1099.0)	(94,    1.0, 1142.0)	(94,   94.0, 1261.0)	(94,   73.0, 1373.0)	(94,   18.0, 1396.0)	(94,   31.0, 1454.0)	(94,   90.0, 1616.0)	(94,   43.0, 1659.0)	pi= 243.0	di=1864.0	wi=   0.5	Pal=   0.0	profit=243.000000
(78,   46.0,  980.0)	(78,   84.0, 1064.0)	(78,   24.0, 1123.0)	(78,   65.0, 1207.0)	(78,   37.0, 1298.0)	(78,   38.0, 1411.0)	(78,   42.0, 1453.0)	(78,   92.0, 1546.0)	(78,   55.0, 1671.0)	(78,   78.0, 1749.0)	pi= 414.0	di=3224.0	wi=   0.6	Pal=   0.0	profit=414.000000
(15,    1.0,  981.0)	(15,   61.0, 1125.0)	(15,   96.0, 1221.0)	(15,   28.0, 1249.0)	(15,   57.0, 1355.0)	(15,   35.0, 1446.0)	(15,   22.0, 1475.0)	(15,   98.0, 1644.0)	(15,    3.0, 1674.0)	(15,    5.0, 1754.0)	pi=  78.0	di=2726.0	wi=   0.7	Pal=   0.0	profit=78.000000
(84,   35.0, 1016.0)	(84,   41.0, 1166.0)	(84,    9.0, 1230.0)	(84,   32.0, 1281.0)	(84,   70.0, 1425.0)	(84,   10.0, 1456.0)	(84,   80.0, 1555.0)	(84,    7.0, 1651.0)	(84,   38.0, 1712.0)	(84,   90.0, 1844.0)	pi= 314.0	di=2468.0	wi=   1.2	Pal=   0.0	profit=314.000000
(13,   61.0, 1077.0)	(13,   19.0, 1185.0)	(13,   87.0, 1317.0)	(13,   40.0, 1357.0)	(13,   15.0, 1440.0)	(13,   16.0, 1472.0)	(13,   74.0, 1629.0)	(13,   43.0, 1694.0)	(13,   87.0, 1799.0)	(13,   26.0, 1870.0)	pi= 145.0	di=3569.0	wi=   0.6	Pal=   0.0	profit=145.000000
(95,   83.0, 1160.0)	(95,   69.0, 1254.0)	(95,   39.0, 1356.0)	(95,   56.0, 1413.0)	(95,   25.0, 1465.0)	(95,   97.0, 1569.0)	(95,   75.0, 1704.0)	(95,   10.0, 1714.0)	(95,   10.0, 1809.0)	(95,    0.0, 1870.0)	pi= 403.0	di=2470.0	wi=   0.9	Pal=   0.0	profit=403.000000
(33,   87.0, 1247.0)	(33,   17.0, 1271.0)	(33,   47.0, 1403.0)	(33,   59.0, 1472.0)	(33,   70.0, 1542.0)	(33,    6.0, 1575.0)	(33,    9.0, 1713.0)	(33,   44.0, 1758.0)	(33,    5.0, 1814.0)	(33,   95.0, 1965.0)	pi= 394.0	di=2313.0	wi=   1.1	Pal=   0.0	profit=394.000000
(26,   52.0, 1299.0)	(26,   51.0, 1350.0)	(26,   17.0, 1420.0)	(26,   38.0, 1510.0)	(26,   35.0, 1577.0)	(26,   68.0, 1645.0)	(26,   47.0, 1760.0)	(26,   69.0, 1829.0)	(26,   84.0, 1913.0)	(26,   81.0, 2046.0)	pi= 339.0	di=2610.0	wi=   1.0	Pal=   0.0	profit=339.000000
(4,   45.0, 1344.0)	(4,   24.0, 1374.0)	(4,   99.0, 1519.0)	(4,   26.0, 1545.0)	(4,   65.0, 1642.0)	(4,   10.0, 1655.0)	(4,   70.0, 1830.0)	(4,   22.0, 1852.0)	(4,   75.0, 1988.0)	(4,   30.0, 2076.0)	pi= 170.0	di=2091.0	wi=   0.8	Pal=   0.0	profit=170.000000
(61,   16.0, 1360.0)	(61,   27.0, 1401.0)	(61,   14.0, 1533.0)	(61,   81.0, 1626.0)	(61,   82.0, 1724.0)	(61,   76.0, 1800.0)	(61,   76.0, 1906.0)	(61,   56.0, 1962.0)	(61,   27.0, 2015.0)	(61,   61.0, 2137.0)	pi= 272.0	di=2309.0	wi=   0.8	Pal=   0.0	profit=272.000000
(29,   37.0, 1397.0)	(29,   51.0, 1452.0)	(29,   64.0, 1597.0)	(29,   11.0, 1637.0)	(29,   11.0, 1735.0)	(29,   41.0, 1841.0)	(29,   52.0, 1958.0)	(29,    8.0, 1970.0)	(29,   41.0, 2056.0)	(29,   78.0, 2215.0)	pi=  57.0	di=2254.0	wi=   1.3	Pal=   0.0	profit=57.000000
(52,   28.0, 1425.0)	(52,   50.0, 1502.0)	(52,   33.0, 1630.0)	(52,   83.0, 1720.0)	(52,   42.0, 1777.0)	(52,   69.0, 1910.0)	(52,   33.0, 1991.0)	(52,   83.0, 2074.0)	(52,   41.0, 2115.0)	(52,   93.0, 2308.0)	pi=  86.0	di=2658.0	wi=   1.5	Pal=   0.0	profit=86.000000
(23,   96.0, 1521.0)	(23,   26.0, 1547.0)	(23,   27.0, 1657.0)	(23,   49.0, 1769.0)	(23,   38.0, 1815.0)	(23,   65.0, 1975.0)	(23,   92.0, 2083.0)	(23,   82.0, 2165.0)	(23,   88.0, 2253.0)	(23,   16.0, 2324.0)	pi= 260.0	di=2451.0	wi=   1.3	Pal=   0.0	profit=260.000000
(35,   58.0, 1579.0)	(35,   61.0, 1640.0)	(35,   79.0, 1736.0)	(35,   76.0, 1845.0)	(35,   85.0, 1930.0)	(35,   52.0, 2027.0)	(35,   39.0, 2122.0)	(35,   47.0, 2212.0)	(35,   49.0, 2302.0)	(35,    9.0, 2333.0)	pi= 161.0	di=2400.0	wi=   1.4	Pal=   0.0	profit=161.000000
(88,   98.0, 1677.0)	(88,   87.0, 1764.0)	(88,   20.0, 1784.0)	(88,   33.0, 1878.0)	(88,   60.0, 1990.0)	(88,   19.0, 2046.0)	(88,   63.0, 2185.0)	(88,   78.0, 2290.0)	(88,    8.0, 2310.0)	(88,   19.0, 2352.0)	pi= 126.0	di=2500.0	wi=   0.6	Pal=   0.0	profit=126.000000
(41,   81.0, 1758.0)	(41,   12.0, 1776.0)	(41,   55.0, 1839.0)	(41,   74.0, 1952.0)	(41,   70.0, 2060.0)	(41,   94.0, 2154.0)	(41,   30.0, 2215.0)	(41,   11.0, 2301.0)	(41,   82.0, 2392.0)	(41,   12.0, 2404.0)	pi= 289.0	di=2426.0	wi=   1.2	Pal=   0.0	profit=289.000000
(43,   42.0, 1800.0)	(43,   30.0, 1830.0)	(43,   92.0, 1931.0)	(43,  100.0, 2052.0)	(43,   48.0, 2108.0)	(43,   86.0, 2240.0)	(43,   67.0, 2307.0)	(43,   64.0, 2371.0)	(43,   31.0, 2423.0)	(43,   57.0, 2480.0)	pi= 488.0	di=2987.0	wi=   1.1	Pal=   0.0	profit=488.000000
(86,    4.0, 1804.0)	(86,   33.0, 1863.0)	(86,   56.0, 1987.0)	(86,   41.0, 2093.0)	(86,   33.0, 2141.0)	(86,   53.0, 2293.0)	(86,   61.0, 2368.0)	(86,   27.0, 2398.0)	(86,   27.0, 2450.0)	(86,   66.0, 2546.0)	pi= 469.0	di=3114.0	wi=   0.9	Pal=   0.0	profit=469.000000
(3,   91.0, 1895.0)	(3,   88.0, 1983.0)	(3,   55.0, 2042.0)	(3,   76.0, 2169.0)	(3,   12.0, 2181.0)	(3,   57.0, 2350.0)	(3,   36.0, 2404.0)	(3,   63.0, 2467.0)	(3,   39.0, 2506.0)	(3,   48.0, 2594.0)	pi= 360.0	di=2842.0	wi=   0.6	Pal=   0.0	profit=360.000000
(50,   79.0, 1974.0)	(50,   53.0, 2036.0)	(50,   21.0, 2063.0)	(50,   29.0, 2198.0)	(50,   52.0, 2250.0)	(50,   48.0, 2398.0)	(50,    7.0, 2411.0)	(50,   16.0, 2483.0)	(50,   98.0, 2604.0)	(50,   59.0, 2663.0)	pi= 373.0	di=3301.0	wi=   0.6	Pal=   0.0	profit=373.000000
(98,   50.0, 2024.0)	(98,   96.0, 2132.0)	(98,   85.0, 2217.0)	(98,   88.0, 2305.0)	(98,   78.0, 2383.0)	(98,   25.0, 2423.0)	(98,   51.0, 2474.0)	(98,   45.0, 2528.0)	(98,   51.0, 2655.0)	(98,    9.0, 2672.0)	pi= 156.0	di=3093.0	wi=   0.9	Pal=   0.0	profit=156.000000
(79,   61.0, 2085.0)	(79,   45.0, 2177.0)	(79,   92.0, 2309.0)	(79,    3.0, 2312.0)	(79,   23.0, 2406.0)	(79,   15.0, 2438.0)	(79,   75.0, 2549.0)	(79,   67.0, 2616.0)	(79,    2.0, 2657.0)	(79,   50.0, 2722.0)	pi= 337.0	di=3117.0	wi=   0.6	Pal=   0.0	profit=337.000000
(63,   97.0, 2182.0)	(63,    5.0, 2187.0)	(63,   30.0, 2339.0)	(63,   79.0, 2418.0)	(63,   78.0, 2496.0)	(63,   46.0, 2542.0)	(63,   93.0, 2642.0)	(63,    7.0, 2649.0)	(63,   21.0, 2678.0)	(63,   83.0, 2805.0)	pi= 481.0	di=2872.0	wi=   0.9	Pal=   0.0	profit=481.000000
(18,   36.0, 2218.0)	(18,   77.0, 2295.0)	(18,   17.0, 2356.0)	(18,   63.0, 2481.0)	(18,   21.0, 2517.0)	(18,   24.0, 2566.0)	(18,   40.0, 2682.0)	(18,    4.0, 2686.0)	(18,   58.0, 2744.0)	(18,   53.0, 2858.0)	pi= 269.0	di=3210.0	wi=   1.2	Pal=   0.0	profit=269.000000
(75,   65.0, 2283.0)	(75,   46.0, 2341.0)	(75,   64.0, 2420.0)	(75,   26.0, 2507.0)	(75,   23.0, 2540.0)	(75,   17.0, 2583.0)	(75,   12.0, 2694.0)	(75,   58.0, 2752.0)	(75,   97.0, 2849.0)	(75,   94.0, 2952.0)	pi= 301.0	di=3280.0	wi=   0.9	Pal=   0.0	profit=301.000000
(67,   82.0, 2365.0)	(67,    4.0, 2369.0)	(67,   68.0, 2488.0)	(67,   53.0, 2560.0)	(67,    6.0, 2566.0)	(67,   50.0, 2633.0)	(67,   69.0, 2763.0)	(67,   37.0, 2800.0)	(67,   84.0, 2933.0)	(67,   67.0, 3019.0)	pi= 386.0	di=3969.0	wi=   0.7	Pal=   0.0	profit=386.000000
(83,   30.0, 2395.0)	(83,   95.0, 2490.0)	(83,   21.0, 2511.0)	(83,   17.0, 2577.0)	(83,   34.0, 2611.0)	(83,   17.0, 2650.0)	(83,   69.0, 2832.0)	(83,   57.0, 2889.0)	(83,   83.0, 3016.0)	(83,   37.0, 3056.0)	pi= 465.0	di=3208.0	wi=   1.4	Pal=   0.0	profit=465.000000
(66,   67.0, 2462.0)	(66,   15.0, 2505.0)	(66,   76.0, 2587.0)	(66,   88.0, 2675.0)	(66,   99.0, 2774.0)	(66,   98.0, 2872.0)	(66,   36.0, 2908.0)	(66,   59.0, 2967.0)	(66,   90.0, 3106.0)	(66,    4.0, 3110.0)	pi= 397.0	di=3621.0	wi=   1.0	Pal=   0.0	profit=397.000000
(12,   45.0, 2507.0)	(12,   69.0, 2576.0)	(12,   73.0, 2660.0)	(12,   39.0, 2714.0)	(12,   54.0, 2828.0)	(12,   82.0, 2954.0)	(12,    5.0, 2959.0)	(12,   86.0, 3053.0)	(12,   10.0, 3116.0)	(12,   19.0, 3135.0)	pi=  56.0	di=3212.0	wi=   1.5	Pal=   0.0	profit=56.000000
(8,   25.0, 2532.0)	(8,   75.0, 2651.0)	(8,   67.0, 2727.0)	(8,   88.0, 2815.0)	(8,   19.0, 2847.0)	(8,   31.0, 2985.0)	(8,   52.0, 3037.0)	(8,   44.0, 3097.0)	(8,   94.0, 3210.0)	(8,   53.0, 3263.0)	pi= 191.0	di=3477.0	wi=   0.6	Pal=   0.0	profit=191.000000
(1,   29.0, 2561.0)	(1,   15.0, 2666.0)	(1,   59.0, 2786.0)	(1,   56.0, 2871.0)	(1,   38.0, 2909.0)	(1,   41.0, 3026.0)	(1,   14.0, 3051.0)	(1,   99.0, 3196.0)	(1,   42.0, 3252.0)	(1,   57.0, 3320.0)	pi= 301.0	di=4172.0	wi=   1.3	Pal=   0.0	profit=301.000000
(53,   60.0, 2621.0)	(53,   28.0, 2694.0)	(53,   54.0, 2840.0)	(53,   92.0, 2963.0)	(53,   76.0, 3039.0)	(53,   63.0, 3102.0)	(53,   34.0, 3136.0)	(53,   22.0, 3218.0)	(53,   10.0, 3262.0)	(53,   60.0, 3380.0)	pi=  65.0	di=3776.0	wi=   0.9	Pal=   0.0	profit=65.000000
(77,    8.0, 2629.0)	(77,   52.0, 2746.0)	(77,   92.0, 2932.0)	(77,   17.0, 2980.0)	(77,   91.0, 3130.0)	(77,   34.0, 3164.0)	(77,   27.0, 3191.0)	(77,   76.0, 3294.0)	(77,   99.0, 3393.0)	(77,   19.0, 3412.0)	pi= 384.0	di=3801.0	wi=   1.4	Pal=   0.0	profit=384.000000
(45,   52.0, 2681.0)	(45,   58.0, 2804.0)	(45,   55.0, 2987.0)	(45,   40.0, 3027.0)	(45,   46.0, 3176.0)	(45,   11.0, 3187.0)	(45,   92.0, 3283.0)	(45,   87.0, 3381.0)	(45,   59.0, 3452.0)	(45,   36.0, 3488.0)	pi= 403.0	di=3871.0	wi=   1.3	Pal=   0.0	profit=403.000000
(2,   26.0, 2707.0)	(2,   84.0, 2888.0)	(2,   55.0, 3042.0)	(2,   41.0, 3083.0)	(2,   28.0, 3204.0)	(2,   22.0, 3226.0)	(2,   33.0, 3316.0)	(2,   91.0, 3472.0)	(2,   91.0, 3563.0)	(2,    5.0, 3568.0)	pi= 424.0	di=3608.0	wi=   1.4	Pal=   0.0	profit=424.000000
(90,   29.0, 2736.0)	(90,   40.0, 2928.0)	(90,   70.0, 3112.0)	(90,   75.0, 3187.0)	(90,   70.0, 3274.0)	(90,   31.0, 3305.0)	(90,   34.0, 3350.0)	(90,   40.0, 3512.0)	(90,    6.0, 3569.0)	(90,   14.0, 3583.0)	pi= 282.0	di=4085.0	wi=   1.3	Pal=   0.0	profit=282.000000
(85,  100.0, 2836.0)	(85,   47.0, 2975.0)	(85,   11.0, 3123.0)	(85,   36.0, 3223.0)	(85,   35.0, 3309.0)	(85,   87.0, 3396.0)	(85,   20.0, 3416.0)	(85,   89.0, 3601.0)	(85,   28.0, 3629.0)	(85,   87.0, 3716.0)	pi= 162.0	di=4412.0	wi=   1.0	Pal=   0.0	profit=162.000000
(99,   42.0, 2878.0)	(99,   81.0, 3056.0)	(99,   34.0, 3157.0)	(99,   73.0, 3296.0)	(99,   85.0, 3394.0)	(99,   31.0, 3427.0)	(99,   89.0, 3516.0)	(99,   40.0, 3641.0)	(99,   26.0, 3667.0)	(99,   64.0, 3780.0)	pi= 301.0	di=4287.0	wi=   1.3	Pal=   0.0	profit=301.000000
(81,   33.0, 2911.0)	(81,   47.0, 3103.0)	(81,   69.0, 3226.0)	(81,   87.0, 3383.0)	(81,   13.0, 3407.0)	(81,   57.0, 3484.0)	(81,    4.0, 3520.0)	(81,   21.0, 3662.0)	(81,   73.0, 3740.0)	(81,   43.0, 3823.0)	pi= 115.0	di=3884.0	wi=   0.7	Pal=   0.0	profit=115.000000
(21,    9.0, 2920.0)	(21,   50.0, 3153.0)	(21,   65.0, 3291.0)	(21,   78.0, 3461.0)	(21,   21.0, 3482.0)	(21,   41.0, 3525.0)	(21,   91.0, 3616.0)	(21,   78.0, 3740.0)	(21,   85.0, 3825.0)	(21,   86.0, 3911.0)	pi= 178.0	di=4079.0	wi=   0.7	Pal=   0.0	profit=178.000000
(87,   73.0, 2993.0)	(87,   25.0, 3178.0)	(87,   65.0, 3356.0)	(87,   36.0, 3497.0)	(87,   61.0, 3558.0)	(87,    3.0, 3561.0)	(87,   89.0, 3705.0)	(87,   59.0, 3799.0)	(87,   34.0, 3859.0)	(87,    3.0, 3914.0)	pi= 477.0	di=3982.0	wi=   1.1	Pal=   0.0	profit=477.000000
(73,   62.0, 3055.0)	(73,   99.0, 3277.0)	(73,   27.0, 3383.0)	(73,   18.0, 3515.0)	(73,   95.0, 3653.0)	(73,   22.0, 3675.0)	(73,   99.0, 3804.0)	(73,   48.0, 3852.0)	(73,   42.0, 3901.0)	(73,   45.0, 3959.0)	pi= 148.0	di=3965.0	wi=   0.6	Pal=   0.0	profit=148.000000
(42,    3.0, 3058.0)	(42,    6.0, 3283.0)	(42,   41.0, 3424.0)	(42,   42.0, 3557.0)	(42,   85.0, 3738.0)	(42,   88.0, 3826.0)	(42,   30.0, 3856.0)	(42,   63.0, 3919.0)	(42,   87.0, 4006.0)	(42,   94.0, 4100.0)	pi= 101.0	di=4240.0	wi=   1.3	Pal=   0.0	profit=101.000000
(56,    5.0, 3063.0)	(56,   29.0, 3312.0)	(56,    1.0, 3425.0)	(56,   28.0, 3585.0)	(56,   38.0, 3776.0)	(56,   40.0, 3866.0)	(56,   96.0, 3962.0)	(56,   20.0, 3982.0)	(56,   90.0, 4096.0)	(56,   42.0, 4142.0)	pi= 112.0	di=4563.0	wi=   1.1	Pal=   0.0	profit=112.000000
(22,   70.0, 3133.0)	(22,   49.0, 3361.0)	(22,   99.0, 3524.0)	(22,   96.0, 3681.0)	(22,   96.0, 3872.0)	(22,   81.0, 3953.0)	(22,   51.0, 4013.0)	(22,   79.0, 4092.0)	(22,   75.0, 4171.0)	(22,   10.0, 4181.0)	pi= 275.0	di=4256.0	wi=   1.4	Pal=   0.0	profit=275.000000
(38,   60.0, 3193.0)	(38,    1.0, 3362.0)	(38,   34.0, 3558.0)	(38,   90.0, 3771.0)	(38,   42.0, 3914.0)	(38,   59.0, 4012.0)	(38,   55.0, 4068.0)	(38,   64.0, 4156.0)	(38,   79.0, 4250.0)	(38,   44.0, 4294.0)	pi= 403.0	di=4445.0	wi=   1.4	Pal=   0.0	profit=403.000000
(48,   22.0, 3215.0)	(48,    5.0, 3367.0)	(48,   69.0, 3627.0)	(48,   15.0, 3786.0)	(48,   10.0, 3924.0)	(48,   30.0, 4042.0)	(48,   65.0, 4133.0)	(48,   99.0, 4255.0)	(48,   80.0, 4335.0)	(48,   44.0, 4379.0)	pi=  70.0	di=4518.0	wi=   1.0	Pal=   0.0	profit=70.000000
(9,   42.0, 3257.0)	(9,   29.0, 3396.0)	(9,   87.0, 3714.0)	(9,   78.0, 3864.0)	(9,   17.0, 3941.0)	(9,   88.0, 4130.0)	(9,   71.0, 4204.0)	(9,   24.0, 4279.0)	(9,   53.0, 4388.0)	(9,   39.0, 4427.0)	pi= 139.0	di=4985.0	wi=   1.1	Pal=   0.0	profit=139.000000
(92,   64.0, 3321.0)	(92,   86.0, 3482.0)	(92,   35.0, 3749.0)	(92,   38.0, 3902.0)	(92,   39.0, 3980.0)	(92,   53.0, 4183.0)	(92,   53.0, 4257.0)	(92,  100.0, 4379.0)	(92,   63.0, 4451.0)	(92,   86.0, 4537.0)	pi= 370.0	di=4950.0	wi=   0.7	Pal=   0.0	profit=370.000000
(60,   73.0, 3394.0)	(60,   65.0, 3547.0)	(60,   89.0, 3838.0)	(60,   72.0, 3974.0)	(60,   41.0, 4021.0)	(60,   92.0, 4275.0)	(60,   67.0, 4342.0)	(60,   92.0, 4471.0)	(60,   28.0, 4499.0)	(60,   64.0, 4601.0)	pi=  53.0	di=5400.0	wi=   1.2	Pal=   0.0	profit=53.000000
(16,   38.0, 3432.0)	(16,   98.0, 3645.0)	(16,   86.0, 3924.0)	(16,   52.0, 4026.0)	(16,   17.0, 4043.0)	(16,    4.0, 4279.0)	(16,   23.0, 4365.0)	(16,    4.0, 4475.0)	(16,   56.0, 4555.0)	(16,   35.0, 4636.0)	pi= 320.0	di=5263.0	wi=   1.4	Pal=   0.0	profit=320.000000
(6,   94.0, 3526.0)	(6,   42.0, 3687.0)	(6,   52.0, 3976.0)	(6,   43.0, 4069.0)	(6,   96.0, 4165.0)	(6,   54.0, 4333.0)	(6,   13.0, 4378.0)	(6,   28.0, 4503.0)	(6,   50.0, 4605.0)	(6,   84.0, 4720.0)	pi= 182.0	di=4899.0	wi=   0.7	Pal=   0.0	profit=182.000000
(51,   13.0, 3539.0)	(51,   33.0, 3720.0)	(51,   74.0, 4050.0)	(51,   55.0, 4124.0)	(51,   51.0, 4216.0)	(51,   53.0, 4386.0)	(51,   94.0, 4480.0)	(51,   39.0, 4542.0)	(51,   33.0, 4638.0)	(51,   18.0, 4738.0)	pi= 241.0	di=4833.0	wi=   1.3	Pal=   0.0	profit=241.000000
(80,    7.0, 3546.0)	(80,   86.0, 3806.0)	(80,   14.0, 4064.0)	(80,   43.0, 4167.0)	(80,   46.0, 4262.0)	(80,   15.0, 4401.0)	(80,   75.0, 4555.0)	(80,   56.0, 4611.0)	(80,   14.0, 4652.0)	(80,   20.0, 4758.0)	pi= 206.0	di=5252.0	wi=   0.8	Pal=   0.0	profit=206.000000
(37,    4.0, 3550.0)	(37,    5.0, 3811.0)	(37,   38.0, 4102.0)	(37,   69.0, 4236.0)	(37,   33.0, 4295.0)	(37,   83.0, 4484.0)	(37,   13.0, 4568.0)	(37,   16.0, 4627.0)	(37,   92.0, 4744.0)	(37,   61.0, 4819.0)	pi= 440.0	di=5384.0	wi=   0.8	Pal=   0.0	profit=440.000000
(69,   72.0, 3622.0)	(69,   61.0, 3872.0)	(69,   14.0, 4116.0)	(69,   65.0, 4301.0)	(69,   16.0, 4317.0)	(69,    5.0, 4489.0)	(69,    5.0, 4573.0)	(69,   64.0, 4691.0)	(69,   60.0, 4804.0)	(69,   46.0, 4865.0)	pi= 343.0	di=5247.0	wi=   0.6	Pal=   0.0	profit=343.000000
(70,   49.0, 3671.0)	(70,   57.0, 3929.0)	(70,   50.0, 4166.0)	(70,   76.0, 4377.0)	(70,   44.0, 4421.0)	(70,   71.0, 4560.0)	(70,   56.0, 4629.0)	(70,   76.0, 4767.0)	(70,   18.0, 4822.0)	(70,   55.0, 4920.0)	pi= 334.0	di=4997.0	wi=   0.7	Pal=   0.0	profit=334.000000
(0,    7.0, 3678.0)	(0,   87.0, 4016.0)	(0,   34.0, 4200.0)	(0,   47.0, 4424.0)	(0,   56.0, 4480.0)	(0,   91.0, 4651.0)	(0,   32.0, 4683.0)	(0,   31.0, 4798.0)	(0,   35.0, 4857.0)	(0,   68.0, 4988.0)	pi= 239.0	di=5328.0	wi=   0.6	Pal=   0.0	profit=239.000000
(62,   35.0, 3713.0)	(62,   96.0, 4112.0)	(62,   84.0, 4284.0)	(62,   11.0, 4435.0)	(62,   90.0, 4570.0)	(62,    5.0, 4656.0)	(62,   65.0, 4748.0)	(62,   29.0, 4827.0)	(62,   61.0, 4918.0)	(62,   76.0, 5064.0)	pi= 121.0	di=5446.0	wi=   0.9	Pal=   0.0	profit=121.000000
(14,   81.0, 3794.0)	(14,    7.0, 4119.0)	(14,   87.0, 4371.0)	(14,   18.0, 4453.0)	(14,   29.0, 4599.0)	(14,   98.0, 4754.0)	(14,   64.0, 4818.0)	(14,   62.0, 4889.0)	(14,    2.0, 4920.0)	(14,   53.0, 5117.0)	pi=  85.0	di=5438.0	wi=   1.0	Pal=   0.0	profit=85.000000
(82,   22.0, 3816.0)	(82,   59.0, 4178.0)	(82,   32.0, 4403.0)	(82,   94.0, 4547.0)	(82,   38.0, 4637.0)	(82,   54.0, 4808.0)	(82,   85.0, 4903.0)	(82,   25.0, 4928.0)	(82,   62.0, 4990.0)	(82,   50.0, 5167.0)	pi= 429.0	di=5176.0	wi=   0.6	Pal=   0.0	profit=429.000000
max Profit=21520.800000 
