Order ID	Pi	di	wi	accepted	devery	delayed	Profit
0	  22.0	1833.0	   0.6	0
1	 478.0	1169.0	   0.6	1	1130.0	0	478.000000
2	 452.0	2598.0	   0.7	1	2351.0	0	452.000000
3	 269.0	4952.0	   1.1	1	4863.0	0	269.000000
4	 161.0	2250.0	   0.9	1	1989.0	0	161.000000
5	 277.0	 707.0	   0.6	1	 815.0	1	212.200000
6	 392.0	4052.0	   0.9	1	3865.0	0	392.000000
7	 100.0	5173.0	   1.4	1	4998.0	0	100.000000
8	 443.0	5410.0	   0.6	1	4751.0	0	443.000000
9	  30.0	1195.0	   0.6	0
10	 255.0	1112.0	   0.5	1	1093.0	0	255.000000
11	 176.0	2161.0	   0.9	1	2055.0	0	176.000000
12	 369.0	3616.0	   0.8	1	2915.0	0	369.000000
13	 354.0	2007.0	   0.8	1	1723.0	0	354.000000
14	 268.0	2865.0	   0.6	1	2669.0	0	268.000000
15	  95.0	1671.0	   1.5	0
16	 301.0	3778.0	   1.5	1	3708.0	0	301.000000
17	 360.0	2956.0	   1.0	1	2425.0	0	360.000000
18	 134.0	1786.0	   0.8	1	1418.0	0	134.000000
19	 423.0	 707.0	   1.4	1	 712.0	1	416.000000
20	 317.0	3899.0	   1.2	1	3355.0	0	317.000000
21	 283.0	4495.0	   1.0	1	4185.0	0	283.000000
22	 294.0	1850.0	   0.8	1	1643.0	0	294.000000
23	  25.0	1658.0	   0.5	0
24	  31.0	2663.0	   1.0	0
25	 330.0	5312.0	   1.1	1	5193.0	0	330.000000
26	 478.0	1645.0	   1.0	1	 988.0	0	478.000000
27	 389.0	4484.0	   0.8	1	4216.0	0	389.000000
28	 315.0	2072.0	   0.9	1	1835.0	0	315.000000
29	 340.0	 587.0	   1.2	1	 332.0	0	340.000000
30	  72.0	3773.0	   0.6	1	3479.0	0	72.000000
31	 158.0	3599.0	   0.9	1	2697.0	0	158.000000
32	  77.0	4335.0	   0.6	1	4057.0	0	77.000000
33	 131.0	3410.0	   1.1	1	2301.0	0	131.000000
34	 118.0	3649.0	   0.9	1	3361.0	0	118.000000
35	 375.0	2333.0	   1.2	1	1318.0	0	375.000000
36	  45.0	1465.0	   0.7	0
37	 134.0	4637.0	   0.7	1	4553.0	0	134.000000
38	 467.0	1508.0	   1.1	1	1408.0	0	467.000000
39	 164.0	 130.0	   0.8	0
40	 200.0	2781.0	   1.2	1	2333.0	0	200.000000
41	 178.0	3708.0	   0.5	1	3171.0	0	178.000000
42	 415.0	1709.0	   0.8	1	 946.0	0	415.000000
43	 331.0	3850.0	   1.4	1	3832.0	0	331.000000
44	 292.0	5276.0	   0.5	1	5202.0	0	292.000000
45	  36.0	3667.0	   0.9	1	2950.0	0	36.000000
46	 342.0	4653.0	   1.2	1	4496.0	0	342.000000
47	 130.0	1840.0	   1.3	1	1803.0	0	130.000000
48	 118.0	1550.0	   1.3	0
49	  83.0	3930.0	   1.0	1	3872.0	0	83.000000
50	 157.0	4907.0	   1.2	1	4301.0	0	157.000000
51	 156.0	1641.0	   0.9	0
52	 473.0	1763.0	   0.6	1	 593.0	0	473.000000
53	 186.0	5042.0	   1.1	1	4937.0	0	186.000000
54	 115.0	 843.0	   1.0	0
55	 134.0	3992.0	   1.4	1	3693.0	0	134.000000
56	 445.0	4803.0	   1.0	1	4458.0	0	445.000000
57	 181.0	3955.0	   1.4	1	3886.0	0	181.000000
58	 265.0	1894.0	   1.2	1	1504.0	0	265.000000
59	  50.0	3009.0	   1.3	0
60	 492.0	5136.0	   0.7	1	4960.0	0	492.000000
61	  45.0	5082.0	   1.0	1	4795.0	0	45.000000
62	 122.0	 235.0	   1.2	0
63	 388.0	 683.0	   0.7	1	 773.0	1	325.000000
64	 448.0	3533.0	   1.2	1	3257.0	0	448.000000
65	 123.0	3651.0	   1.2	1	3387.0	0	123.000000
66	 317.0	2977.0	   1.3	1	2834.0	0	317.000000
67	 439.0	4586.0	   0.8	1	4392.0	0	439.000000
68	 402.0	3623.0	   1.1	1	3097.0	0	402.000000
69	  23.0	5113.0	   1.4	1	4659.0	0	23.000000
70	 298.0	3699.0	   0.6	1	3617.0	0	298.000000
71	 431.0	2436.0	   1.4	1	1814.0	0	431.000000
72	 113.0	 988.0	   1.2	0
73	  31.0	4140.0	   1.2	1	3967.0	0	31.000000
74	 379.0	 397.0	   1.0	0
75	 452.0	3391.0	   1.3	1	3028.0	0	452.000000
76	 377.0	1735.0	   1.1	1	1556.0	0	377.000000
77	 165.0	3450.0	   0.7	1	2548.0	0	165.000000
78	 162.0	4680.0	   1.4	1	4515.0	0	162.000000
79	 403.0	2237.0	   1.0	1	2209.0	0	403.000000
80	  30.0	 271.0	   1.0	0
81	 215.0	1504.0	   1.4	1	1383.0	0	215.000000
82	 156.0	 788.0	   1.3	0
83	 474.0	 337.0	   1.5	0
84	 500.0	2709.0	   0.7	1	2401.0	0	500.000000
85	 395.0	1820.0	   0.7	1	1232.0	0	395.000000
86	 123.0	2760.0	   0.7	0
87	 363.0	   3.0	   1.3	0
88	  84.0	3631.0	   0.8	1	3494.0	0	84.000000
89	 448.0	 427.0	   1.4	1	 531.0	1	302.400000
90	 448.0	3332.0	   0.9	1	3142.0	0	448.000000
91	 243.0	1667.0	   1.1	1	1525.0	0	243.000000
92	 366.0	2644.0	   0.8	1	2567.0	0	366.000000
93	 330.0	4228.0	   0.6	1	4116.0	0	330.000000
94	  95.0	1396.0	   0.6	0
95	 181.0	2993.0	   0.7	1	2218.0	0	181.000000
96	 460.0	1443.0	   1.4	1	1372.0	0	460.000000
97	 315.0	3777.0	   0.7	1	3581.0	0	315.000000
98	 421.0	 592.0	   1.4	0
99	  29.0	1832.0	   1.3	0
------Order Sequence(ID)-------------------------------
29	29	29	29	29	29	29	29	29	29	
89	89	89	89	89	89	89	89	89	89	
52	52	52	52	52	52	52	52	52	52	
19	19	19	19	19	19	19	19	19	19	
63	63	63	63	63	63	63	63	63	63	
5	5	5	5	5	5	5	5	5	5	
42	42	42	42	42	42	42	42	42	42	
26	26	26	26	26	26	26	26	26	26	
10	10	10	10	10	10	10	10	10	10	
1	1	1	1	1	1	1	1	1	1	
85	85	85	85	85	85	85	85	85	85	
35	35	35	35	35	35	35	35	35	35	
96	96	96	96	96	96	96	96	96	96	
81	81	81	81	81	81	81	81	81	81	
38	38	38	38	38	38	38	38	38	38	
18	18	18	18	18	18	18	18	18	18	
58	58	58	58	58	58	58	58	58	58	
91	91	91	91	91	91	91	91	91	91	
76	76	76	76	76	76	76	76	76	76	
22	22	22	22	22	22	22	22	22	22	
13	13	13	13	13	13	13	13	13	13	
47	47	47	47	47	47	47	47	47	47	
71	71	71	71	71	71	71	71	71	71	
28	28	28	28	28	28	28	28	28	28	
4	4	4	4	4	4	4	4	4	4	
11	11	11	11	11	11	11	11	11	11	
79	79	79	79	79	79	79	79	79	79	
95	95	95	95	95	95	95	95	95	95	
33	33	33	33	33	33	33	33	33	33	
40	40	40	40	40	40	40	40	40	40	
2	2	2	2	2	2	2	2	2	2	
84	84	84	84	84	84	84	84	84	84	
17	17	17	17	17	17	17	17	17	17	
77	77	77	77	77	77	77	77	77	77	
92	92	92	92	92	92	92	92	92	92	
14	14	14	14	14	14	14	14	14	14	
31	31	31	31	31	31	31	31	31	31	
66	66	66	66	66	66	66	66	66	66	
12	12	12	12	12	12	12	12	12	12	
45	45	45	45	45	45	45	45	45	45	
75	75	75	75	75	75	75	75	75	75	
68	68	68	68	68	68	68	68	68	68	
90	90	90	90	90	90	90	90	90	90	
41	41	41	41	41	41	41	41	41	41	
64	64	64	64	64	64	64	64	64	64	
20	20	20	20	20	20	20	20	20	20	
34	34	34	34	34	34	34	34	34	34	
65	65	65	65	65	65	65	65	65	65	
30	30	30	30	30	30	30	30	30	30	
88	88	88	88	88	88	88	88	88	88	
97	97	97	97	97	97	97	97	97	97	
70	70	70	70	70	70	70	70	70	70	
55	55	55	55	55	55	55	55	55	55	
16	16	16	16	16	16	16	16	16	16	
43	43	43	43	43	43	43	43	43	43	
6	6	6	6	6	6	6	6	6	6	
49	49	49	49	49	49	49	49	49	49	
57	57	57	57	57	57	57	57	57	57	
73	73	73	73	73	73	73	73	73	73	
32	32	32	32	32	32	32	32	32	32	
93	93	93	93	93	93	93	93	93	93	
21	21	21	21	21	21	21	21	21	21	
27	27	27	27	27	27	27	27	27	27	
50	50	50	50	50	50	50	50	50	50	
67	67	67	67	67	67	67	67	67	67	
56	56	56	56	56	56	56	56	56	56	
46	46	46	46	46	46	46	46	46	46	
78	78	78	78	78	78	78	78	78	78	
37	37	37	37	37	37	37	37	37	37	
69	69	69	69	69	69	69	69	69	69	
8	8	8	8	8	8	8	8	8	8	
61	61	61	61	61	61	61	61	61	61	
3	3	3	3	3	3	3	3	3	3	
53	53	53	53	53	53	53	53	53	53	
60	60	60	60	60	60	60	60	60	60	
7	7	7	7	7	7	7	7	7	7	
25	25	25	25	25	25	25	25	25	25	
44	44	44	44	44	44	44	44	44	44	
------Finished time(ID)-------------------------------
(29,   18.0,   18.0)	(29,   52.0,   70.0)	(29,   83.0,  153.0)	(29,   31.0,  184.0)	(29,    7.0,  191.0)	(29,   33.0,  224.0)	(29,    0.0,  224.0)	(29,   90.0,  314.0)	(29,   17.0,  331.0)	(29,    1.0,  332.0)	pi= 340.0	di= 587.0	wi=   1.2	Pal=   0.0	profit=340.000000
(89,   38.0,   56.0)	(89,   78.0,  148.0)	(89,    5.0,  158.0)	(89,   23.0,  207.0)	(89,   87.0,  294.0)	(89,   34.0,  328.0)	(89,   74.0,  402.0)	(89,   68.0,  470.0)	(89,   12.0,  482.0)	(89,   49.0,  531.0)	pi= 448.0	di= 427.0	wi=   1.4	Pal= 145.6	profit=302.400000
(52,   64.0,  120.0)	(52,   18.0,  166.0)	(52,   94.0,  260.0)	(52,   16.0,  276.0)	(52,   79.0,  373.0)	(52,    7.0,  380.0)	(52,   83.0,  485.0)	(52,    9.0,  494.0)	(52,   27.0,  521.0)	(52,   62.0,  593.0)	pi= 473.0	di=1763.0	wi=   0.6	Pal=   0.0	profit=473.000000
(19,   19.0,  139.0)	(19,   79.0,  245.0)	(19,   19.0,  279.0)	(19,   41.0,  320.0)	(19,    1.0,  374.0)	(19,   31.0,  411.0)	(19,    7.0,  492.0)	(19,   32.0,  526.0)	(19,   92.0,  618.0)	(19,   94.0,  712.0)	pi= 423.0	di= 707.0	wi=   1.4	Pal=   7.0	profit=416.000000
(63,   81.0,  220.0)	(63,   93.0,  338.0)	(63,   58.0,  396.0)	(63,   73.0,  469.0)	(63,   12.0,  481.0)	(63,   48.0,  529.0)	(63,   96.0,  625.0)	(63,   79.0,  704.0)	(63,   23.0,  727.0)	(63,   46.0,  773.0)	pi= 388.0	di= 683.0	wi=   0.7	Pal=  63.0	profit=325.000000
(5,   64.0,  284.0)	(5,   52.0,  390.0)	(5,   12.0,  408.0)	(5,   37.0,  506.0)	(5,   50.0,  556.0)	(5,   88.0,  644.0)	(5,   92.0,  736.0)	(5,   54.0,  790.0)	(5,   14.0,  804.0)	(5,   11.0,  815.0)	pi= 277.0	di= 707.0	wi=   0.6	Pal=  64.8	profit=212.200000
(42,   34.0,  318.0)	(42,    8.0,  398.0)	(42,   42.0,  450.0)	(42,   64.0,  570.0)	(42,   11.0,  581.0)	(42,   30.0,  674.0)	(42,   31.0,  767.0)	(42,   86.0,  876.0)	(42,   21.0,  897.0)	(42,   49.0,  946.0)	pi= 415.0	di=1709.0	wi=   0.8	Pal=   0.0	profit=415.000000
(26,   76.0,  394.0)	(26,   33.0,  431.0)	(26,   96.0,  546.0)	(26,   79.0,  649.0)	(26,   51.0,  700.0)	(26,    3.0,  703.0)	(26,   90.0,  857.0)	(26,    5.0,  881.0)	(26,   67.0,  964.0)	(26,   24.0,  988.0)	pi= 478.0	di=1645.0	wi=   1.0	Pal=   0.0	profit=478.000000
(10,   57.0,  451.0)	(10,   74.0,  525.0)	(10,  100.0,  646.0)	(10,   48.0,  697.0)	(10,   17.0,  717.0)	(10,   33.0,  750.0)	(10,   72.0,  929.0)	(10,   88.0, 1017.0)	(10,   25.0, 1042.0)	(10,   51.0, 1093.0)	pi= 255.0	di=1112.0	wi=   0.5	Pal=   0.0	profit=255.000000
(1,   39.0,  490.0)	(1,   98.0,  623.0)	(1,   53.0,  699.0)	(1,    6.0,  705.0)	(1,   93.0,  810.0)	(1,   27.0,  837.0)	(1,    2.0,  931.0)	(1,   22.0, 1039.0)	(1,   32.0, 1074.0)	(1,   37.0, 1130.0)	pi= 478.0	di=1169.0	wi=   0.6	Pal=   0.0	profit=478.000000
(85,   43.0,  533.0)	(85,   11.0,  634.0)	(85,   35.0,  734.0)	(85,    8.0,  742.0)	(85,   28.0,  838.0)	(85,   79.0,  917.0)	(85,   56.0,  987.0)	(85,    3.0, 1042.0)	(85,   64.0, 1138.0)	(85,   94.0, 1232.0)	pi= 395.0	di=1820.0	wi=   0.7	Pal=   0.0	profit=395.000000
(35,   94.0,  627.0)	(35,   59.0,  693.0)	(35,   10.0,  744.0)	(35,   77.0,  821.0)	(35,   68.0,  906.0)	(35,   28.0,  945.0)	(35,   85.0, 1072.0)	(35,   20.0, 1092.0)	(35,   83.0, 1221.0)	(35,   86.0, 1318.0)	pi= 375.0	di=2333.0	wi=   1.2	Pal=   0.0	profit=375.000000
(96,    8.0,  635.0)	(96,   19.0,  712.0)	(96,   71.0,  815.0)	(96,   94.0,  915.0)	(96,   45.0,  960.0)	(96,   39.0,  999.0)	(96,   46.0, 1118.0)	(96,   90.0, 1208.0)	(96,   18.0, 1239.0)	(96,   54.0, 1372.0)	pi= 460.0	di=1443.0	wi=   1.4	Pal=   0.0	profit=460.000000
(81,   38.0,  673.0)	(81,   85.0,  797.0)	(81,   81.0,  896.0)	(81,   44.0,  959.0)	(81,   71.0, 1031.0)	(81,   69.0, 1100.0)	(81,   10.0, 1128.0)	(81,    8.0, 1216.0)	(81,   18.0, 1257.0)	(81,   11.0, 1383.0)	pi= 215.0	di=1504.0	wi=   1.4	Pal=   0.0	profit=215.000000
(38,   41.0,  714.0)	(38,   33.0,  830.0)	(38,   78.0,  974.0)	(38,   68.0, 1042.0)	(38,   29.0, 1071.0)	(38,    9.0, 1109.0)	(38,   43.0, 1171.0)	(38,   62.0, 1278.0)	(38,   58.0, 1336.0)	(38,   25.0, 1408.0)	pi= 467.0	di=1508.0	wi=   1.1	Pal=   0.0	profit=467.000000
(18,   46.0,  760.0)	(18,   68.0,  898.0)	(18,   19.0,  993.0)	(18,   32.0, 1074.0)	(18,    7.0, 1081.0)	(18,   39.0, 1148.0)	(18,   19.0, 1190.0)	(18,   47.0, 1325.0)	(18,   20.0, 1356.0)	(18,   10.0, 1418.0)	pi= 134.0	di=1786.0	wi=   0.8	Pal=   0.0	profit=134.000000
(58,   55.0,  815.0)	(58,   53.0,  951.0)	(58,    1.0,  994.0)	(58,   35.0, 1109.0)	(58,   23.0, 1132.0)	(58,   64.0, 1212.0)	(58,   62.0, 1274.0)	(58,   53.0, 1378.0)	(58,   44.0, 1422.0)	(58,   82.0, 1504.0)	pi= 265.0	di=1894.0	wi=   1.2	Pal=   0.0	profit=265.000000
(91,   70.0,  885.0)	(91,   38.0,  989.0)	(91,   89.0, 1083.0)	(91,   78.0, 1187.0)	(91,   17.0, 1204.0)	(91,   43.0, 1255.0)	(91,   72.0, 1346.0)	(91,   85.0, 1463.0)	(91,   62.0, 1525.0)	(91,    0.0, 1525.0)	pi= 243.0	di=1667.0	wi=   1.1	Pal=   0.0	profit=243.000000
(76,   28.0,  913.0)	(76,   63.0, 1052.0)	(76,   92.0, 1175.0)	(76,   94.0, 1281.0)	(76,   18.0, 1299.0)	(76,   16.0, 1315.0)	(76,   58.0, 1404.0)	(76,   35.0, 1498.0)	(76,   17.0, 1542.0)	(76,   14.0, 1556.0)	pi= 377.0	di=1735.0	wi=   1.1	Pal=   0.0	profit=377.000000
(22,   13.0,  926.0)	(22,   96.0, 1148.0)	(22,   91.0, 1266.0)	(22,   42.0, 1323.0)	(22,   27.0, 1350.0)	(22,   45.0, 1395.0)	(22,   47.0, 1451.0)	(22,    4.0, 1502.0)	(22,   13.0, 1555.0)	(22,   87.0, 1643.0)	pi= 294.0	di=1850.0	wi=   0.8	Pal=   0.0	profit=294.000000
(13,   25.0,  951.0)	(13,   60.0, 1208.0)	(13,   15.0, 1281.0)	(13,   41.0, 1364.0)	(13,   33.0, 1397.0)	(13,   44.0, 1441.0)	(13,   12.0, 1463.0)	(13,   64.0, 1566.0)	(13,   14.0, 1580.0)	(13,   80.0, 1723.0)	pi= 354.0	di=2007.0	wi=   0.8	Pal=   0.0	profit=354.000000
(47,   93.0, 1044.0)	(47,   22.0, 1230.0)	(47,   92.0, 1373.0)	(47,   53.0, 1426.0)	(47,   81.0, 1507.0)	(47,   51.0, 1558.0)	(47,   57.0, 1615.0)	(47,    8.0, 1623.0)	(47,   24.0, 1647.0)	(47,   80.0, 1803.0)	pi= 130.0	di=1840.0	wi=   1.3	Pal=   0.0	profit=130.000000
(71,   50.0, 1094.0)	(71,   30.0, 1260.0)	(71,   29.0, 1402.0)	(71,   57.0, 1483.0)	(71,   13.0, 1520.0)	(71,   41.0, 1599.0)	(71,   60.0, 1675.0)	(71,   78.0, 1753.0)	(71,   17.0, 1770.0)	(71,   11.0, 1814.0)	pi= 431.0	di=2436.0	wi=   1.4	Pal=   0.0	profit=431.000000
(28,   15.0, 1109.0)	(28,   13.0, 1273.0)	(28,   77.0, 1479.0)	(28,   42.0, 1525.0)	(28,   38.0, 1563.0)	(28,   31.0, 1630.0)	(28,   75.0, 1750.0)	(28,   27.0, 1780.0)	(28,   10.0, 1790.0)	(28,   21.0, 1835.0)	pi= 315.0	di=2072.0	wi=   0.9	Pal=   0.0	profit=315.000000
(4,   76.0, 1185.0)	(4,   62.0, 1335.0)	(4,   88.0, 1567.0)	(4,   60.0, 1627.0)	(4,   46.0, 1673.0)	(4,   91.0, 1764.0)	(4,   70.0, 1834.0)	(4,   65.0, 1899.0)	(4,    4.0, 1903.0)	(4,   86.0, 1989.0)	pi= 161.0	di=2250.0	wi=   0.9	Pal=   0.0	profit=161.000000
(11,   22.0, 1207.0)	(11,   22.0, 1357.0)	(11,   46.0, 1613.0)	(11,   66.0, 1693.0)	(11,   96.0, 1789.0)	(11,   12.0, 1801.0)	(11,   72.0, 1906.0)	(11,   29.0, 1935.0)	(11,   91.0, 2026.0)	(11,   29.0, 2055.0)	pi= 176.0	di=2161.0	wi=   0.9	Pal=   0.0	profit=176.000000
(79,   57.0, 1264.0)	(79,   92.0, 1449.0)	(79,   64.0, 1677.0)	(79,   96.0, 1789.0)	(79,   62.0, 1851.0)	(79,   13.0, 1864.0)	(79,   73.0, 1979.0)	(79,   13.0, 1992.0)	(79,   97.0, 2123.0)	(79,   86.0, 2209.0)	pi= 403.0	di=2237.0	wi=   1.0	Pal=   0.0	profit=403.000000
(95,   20.0, 1284.0)	(95,   44.0, 1493.0)	(95,   59.0, 1736.0)	(95,    3.0, 1792.0)	(95,    6.0, 1857.0)	(95,   35.0, 1899.0)	(95,   41.0, 2020.0)	(95,   75.0, 2095.0)	(95,   83.0, 2206.0)	(95,    9.0, 2218.0)	pi= 181.0	di=2993.0	wi=   0.7	Pal=   0.0	profit=181.000000
(33,   66.0, 1350.0)	(33,   80.0, 1573.0)	(33,   36.0, 1772.0)	(33,   20.0, 1812.0)	(33,    2.0, 1859.0)	(33,   21.0, 1920.0)	(33,   11.0, 2031.0)	(33,   23.0, 2118.0)	(33,   30.0, 2236.0)	(33,   65.0, 2301.0)	pi= 131.0	di=3410.0	wi=   1.1	Pal=   0.0	profit=131.000000
(40,   61.0, 1411.0)	(40,   59.0, 1632.0)	(40,   53.0, 1825.0)	(40,   73.0, 1898.0)	(40,   57.0, 1955.0)	(40,   85.0, 2040.0)	(40,   69.0, 2109.0)	(40,   29.0, 2147.0)	(40,   11.0, 2247.0)	(40,   32.0, 2333.0)	pi= 200.0	di=2781.0	wi=   1.2	Pal=   0.0	profit=200.000000
(2,   38.0, 1449.0)	(2,   71.0, 1703.0)	(2,   51.0, 1876.0)	(2,   73.0, 1971.0)	(2,   94.0, 2065.0)	(2,    4.0, 2069.0)	(2,    4.0, 2113.0)	(2,   89.0, 2236.0)	(2,   96.0, 2343.0)	(2,    8.0, 2351.0)	pi= 452.0	di=2598.0	wi=   0.7	Pal=   0.0	profit=452.000000
(84,   77.0, 1526.0)	(84,   38.0, 1741.0)	(84,   52.0, 1928.0)	(84,    7.0, 1978.0)	(84,   17.0, 2082.0)	(84,   11.0, 2093.0)	(84,   52.0, 2165.0)	(84,   30.0, 2266.0)	(84,   35.0, 2378.0)	(84,   23.0, 2401.0)	pi= 500.0	di=2709.0	wi=   0.7	Pal=   0.0	profit=500.000000
(17,   57.0, 1583.0)	(17,   96.0, 1837.0)	(17,   11.0, 1939.0)	(17,   57.0, 2035.0)	(17,   41.0, 2123.0)	(17,   76.0, 2199.0)	(17,    4.0, 2203.0)	(17,   71.0, 2337.0)	(17,   12.0, 2390.0)	(17,   24.0, 2425.0)	pi= 360.0	di=2956.0	wi=   1.0	Pal=   0.0	profit=360.000000
(77,   81.0, 1664.0)	(77,   85.0, 1922.0)	(77,    0.0, 1939.0)	(77,   10.0, 2045.0)	(77,   41.0, 2164.0)	(77,   34.0, 2233.0)	(77,   38.0, 2271.0)	(77,   15.0, 2352.0)	(77,   62.0, 2452.0)	(77,   96.0, 2548.0)	pi= 165.0	di=3450.0	wi=   0.7	Pal=   0.0	profit=165.000000
(92,   75.0, 1739.0)	(92,   36.0, 1958.0)	(92,   82.0, 2040.0)	(92,   60.0, 2105.0)	(92,   13.0, 2177.0)	(92,   27.0, 2260.0)	(92,    5.0, 2276.0)	(92,   39.0, 2391.0)	(92,   94.0, 2546.0)	(92,   19.0, 2567.0)	pi= 366.0	di=2644.0	wi=   0.8	Pal=   0.0	profit=366.000000
(14,   86.0, 1825.0)	(14,   55.0, 2013.0)	(14,   65.0, 2105.0)	(14,   87.0, 2192.0)	(14,  100.0, 2292.0)	(14,   85.0, 2377.0)	(14,   36.0, 2413.0)	(14,   85.0, 2498.0)	(14,   27.0, 2573.0)	(14,   96.0, 2669.0)	pi= 268.0	di=2865.0	wi=   0.6	Pal=   0.0	profit=268.000000
(31,    8.0, 1833.0)	(31,    7.0, 2020.0)	(31,   59.0, 2164.0)	(31,   33.0, 2225.0)	(31,   53.0, 2345.0)	(31,   35.0, 2412.0)	(31,   93.0, 2506.0)	(31,   69.0, 2575.0)	(31,   79.0, 2654.0)	(31,   28.0, 2697.0)	pi= 158.0	di=3599.0	wi=   0.9	Pal=   0.0	profit=158.000000
(66,   68.0, 1901.0)	(66,   94.0, 2114.0)	(66,   32.0, 2196.0)	(66,   32.0, 2257.0)	(66,   34.0, 2379.0)	(66,   28.0, 2440.0)	(66,   75.0, 2581.0)	(66,    5.0, 2586.0)	(66,   92.0, 2746.0)	(66,   88.0, 2834.0)	pi= 317.0	di=2977.0	wi=   1.3	Pal=   0.0	profit=317.000000
(12,   23.0, 1924.0)	(12,   23.0, 2137.0)	(12,   93.0, 2289.0)	(12,   86.0, 2375.0)	(12,   28.0, 2407.0)	(12,   24.0, 2464.0)	(12,   37.0, 2618.0)	(12,   36.0, 2654.0)	(12,   71.0, 2817.0)	(12,   81.0, 2915.0)	pi= 369.0	di=3616.0	wi=   0.8	Pal=   0.0	profit=369.000000
(45,   51.0, 1975.0)	(45,   76.0, 2213.0)	(45,    3.0, 2292.0)	(45,   21.0, 2396.0)	(45,    2.0, 2409.0)	(45,   86.0, 2550.0)	(45,    9.0, 2627.0)	(45,   14.0, 2668.0)	(45,   34.0, 2851.0)	(45,   35.0, 2950.0)	pi=  36.0	di=3667.0	wi=   0.9	Pal=   0.0	profit=36.000000
(75,   31.0, 2006.0)	(75,    0.0, 2213.0)	(75,   26.0, 2318.0)	(75,   92.0, 2488.0)	(75,    4.0, 2492.0)	(75,   88.0, 2638.0)	(75,   71.0, 2709.0)	(75,   65.0, 2774.0)	(75,   73.0, 2924.0)	(75,   78.0, 3028.0)	pi= 452.0	di=3391.0	wi=   1.3	Pal=   0.0	profit=452.000000
(68,   90.0, 2096.0)	(68,   91.0, 2304.0)	(68,   78.0, 2396.0)	(68,   19.0, 2507.0)	(68,   13.0, 2520.0)	(68,   58.0, 2696.0)	(68,   45.0, 2754.0)	(68,   69.0, 2843.0)	(68,   36.0, 2960.0)	(68,   69.0, 3097.0)	pi= 402.0	di=3623.0	wi=   1.1	Pal=   0.0	profit=402.000000
(90,   34.0, 2130.0)	(90,    9.0, 2313.0)	(90,   98.0, 2494.0)	(90,   40.0, 2547.0)	(90,    1.0, 2548.0)	(90,   58.0, 2754.0)	(90,   93.0, 2847.0)	(90,   54.0, 2901.0)	(90,   74.0, 3034.0)	(90,   45.0, 3142.0)	pi= 448.0	di=3332.0	wi=   0.9	Pal=   0.0	profit=448.000000
(41,   46.0, 2176.0)	(41,   78.0, 2391.0)	(41,    0.0, 2494.0)	(41,   16.0, 2563.0)	(41,   56.0, 2619.0)	(41,    4.0, 2758.0)	(41,   27.0, 2874.0)	(41,    9.0, 2910.0)	(41,   96.0, 3130.0)	(41,   29.0, 3171.0)	pi= 178.0	di=3708.0	wi=   0.5	Pal=   0.0	profit=178.000000
(64,   59.0, 2235.0)	(64,   84.0, 2475.0)	(64,   34.0, 2528.0)	(64,    4.0, 2567.0)	(64,   94.0, 2713.0)	(64,   94.0, 2852.0)	(64,   42.0, 2916.0)	(64,   47.0, 2963.0)	(64,   43.0, 3173.0)	(64,   84.0, 3257.0)	pi= 448.0	di=3533.0	wi=   1.2	Pal=   0.0	profit=448.000000
(20,   46.0, 2281.0)	(20,   64.0, 2539.0)	(20,   93.0, 2632.0)	(20,   81.0, 2713.0)	(20,   91.0, 2804.0)	(20,   14.0, 2866.0)	(20,   99.0, 3015.0)	(20,   72.0, 3087.0)	(20,   44.0, 3217.0)	(20,   98.0, 3355.0)	pi= 317.0	di=3899.0	wi=   1.2	Pal=   0.0	profit=317.000000
(34,    3.0, 2284.0)	(34,   90.0, 2629.0)	(34,   99.0, 2731.0)	(34,   99.0, 2830.0)	(34,   76.0, 2906.0)	(34,   84.0, 2990.0)	(34,   86.0, 3101.0)	(34,   21.0, 3122.0)	(34,   90.0, 3307.0)	(34,    6.0, 3361.0)	pi= 118.0	di=3649.0	wi=   0.9	Pal=   0.0	profit=118.000000
(65,   50.0, 2334.0)	(65,   18.0, 2647.0)	(65,   64.0, 2795.0)	(65,   61.0, 2891.0)	(65,   52.0, 2958.0)	(65,   41.0, 3031.0)	(65,   19.0, 3120.0)	(65,    2.0, 3124.0)	(65,   76.0, 3383.0)	(65,    4.0, 3387.0)	pi= 123.0	di=3651.0	wi=   1.2	Pal=   0.0	profit=123.000000
(30,   44.0, 2378.0)	(30,   86.0, 2733.0)	(30,   25.0, 2820.0)	(30,   39.0, 2930.0)	(30,   76.0, 3034.0)	(30,   57.0, 3091.0)	(30,   13.0, 3133.0)	(30,   81.0, 3214.0)	(30,    4.0, 3387.0)	(30,   92.0, 3479.0)	pi=  72.0	di=3773.0	wi=   0.6	Pal=   0.0	profit=72.000000
(88,    1.0, 2379.0)	(88,   83.0, 2816.0)	(88,   25.0, 2845.0)	(88,   67.0, 2997.0)	(88,   14.0, 3048.0)	(88,   78.0, 3169.0)	(88,   60.0, 3229.0)	(88,   67.0, 3296.0)	(88,   16.0, 3403.0)	(88,   15.0, 3494.0)	pi=  84.0	di=3631.0	wi=   0.8	Pal=   0.0	profit=84.000000
(97,   42.0, 2421.0)	(97,   61.0, 2877.0)	(97,   95.0, 2972.0)	(97,   52.0, 3049.0)	(97,   68.0, 3117.0)	(97,  100.0, 3269.0)	(97,   87.0, 3356.0)	(97,   75.0, 3431.0)	(97,   25.0, 3456.0)	(97,   87.0, 3581.0)	pi= 315.0	di=3777.0	wi=   0.7	Pal=   0.0	profit=315.000000
(70,   98.0, 2519.0)	(70,   68.0, 2945.0)	(70,    3.0, 2975.0)	(70,   79.0, 3128.0)	(70,   96.0, 3224.0)	(70,   15.0, 3284.0)	(70,    3.0, 3359.0)	(70,   76.0, 3507.0)	(70,   45.0, 3552.0)	(70,   36.0, 3617.0)	pi= 298.0	di=3699.0	wi=   0.6	Pal=   0.0	profit=298.000000
(55,   26.0, 2545.0)	(55,   36.0, 2981.0)	(55,   24.0, 3005.0)	(55,   82.0, 3210.0)	(55,   63.0, 3287.0)	(55,   56.0, 3343.0)	(55,   18.0, 3377.0)	(55,   16.0, 3523.0)	(55,   88.0, 3640.0)	(55,   53.0, 3693.0)	pi= 134.0	di=3992.0	wi=   1.4	Pal=   0.0	profit=134.000000
(16,   10.0, 2555.0)	(16,   99.0, 3080.0)	(16,  100.0, 3180.0)	(16,   41.0, 3251.0)	(16,   10.0, 3297.0)	(16,   85.0, 3428.0)	(16,   83.0, 3511.0)	(16,   62.0, 3585.0)	(16,   39.0, 3679.0)	(16,   15.0, 3708.0)	pi= 301.0	di=3778.0	wi=   1.5	Pal=   0.0	profit=301.000000
(43,   11.0, 2566.0)	(43,   88.0, 3168.0)	(43,   20.0, 3200.0)	(43,   38.0, 3289.0)	(43,   81.0, 3378.0)	(43,   80.0, 3508.0)	(43,   12.0, 3523.0)	(43,   31.0, 3616.0)	(43,   56.0, 3735.0)	(43,   97.0, 3832.0)	pi= 331.0	di=3850.0	wi=   1.4	Pal=   0.0	profit=331.000000
(6,   70.0, 2636.0)	(6,   55.0, 3223.0)	(6,   53.0, 3276.0)	(6,   42.0, 3331.0)	(6,   31.0, 3409.0)	(6,   19.0, 3527.0)	(6,   67.0, 3594.0)	(6,   99.0, 3715.0)	(6,   10.0, 3745.0)	(6,   33.0, 3865.0)	pi= 392.0	di=4052.0	wi=   0.9	Pal=   0.0	profit=392.000000
(49,   72.0, 2708.0)	(49,   53.0, 3276.0)	(49,   50.0, 3326.0)	(49,   59.0, 3390.0)	(49,   20.0, 3429.0)	(49,   60.0, 3587.0)	(49,   58.0, 3652.0)	(49,    0.0, 3715.0)	(49,   43.0, 3788.0)	(49,    7.0, 3872.0)	pi=  83.0	di=3930.0	wi=   1.0	Pal=   0.0	profit=83.000000
(57,   66.0, 2774.0)	(57,  100.0, 3376.0)	(57,    4.0, 3380.0)	(57,   78.0, 3468.0)	(57,   31.0, 3499.0)	(57,   96.0, 3683.0)	(57,   35.0, 3718.0)	(57,   48.0, 3766.0)	(57,   96.0, 3884.0)	(57,    2.0, 3886.0)	pi= 181.0	di=3955.0	wi=   1.4	Pal=   0.0	profit=181.000000
(73,    5.0, 2779.0)	(73,   30.0, 3406.0)	(73,   73.0, 3479.0)	(73,   69.0, 3548.0)	(73,   31.0, 3579.0)	(73,   62.0, 3745.0)	(73,   72.0, 3817.0)	(73,   27.0, 3844.0)	(73,   77.0, 3961.0)	(73,    6.0, 3967.0)	pi=  31.0	di=4140.0	wi=   1.2	Pal=   0.0	profit=31.000000
(32,   99.0, 2878.0)	(32,    5.0, 3411.0)	(32,   58.0, 3537.0)	(32,   38.0, 3586.0)	(32,   63.0, 3649.0)	(32,   21.0, 3766.0)	(32,   12.0, 3829.0)	(32,  100.0, 3944.0)	(32,   33.0, 3994.0)	(32,   63.0, 4057.0)	pi=  77.0	di=4335.0	wi=   0.6	Pal=   0.0	profit=77.000000
(93,   63.0, 2941.0)	(93,   62.0, 3473.0)	(93,   52.0, 3589.0)	(93,   31.0, 3620.0)	(93,   66.0, 3715.0)	(93,   36.0, 3802.0)	(93,   85.0, 3914.0)	(93,   61.0, 4005.0)	(93,    9.0, 4014.0)	(93,   59.0, 4116.0)	pi= 330.0	di=4228.0	wi=   0.6	Pal=   0.0	profit=330.000000
(21,   36.0, 2977.0)	(21,   27.0, 3500.0)	(21,   67.0, 3656.0)	(21,   60.0, 3716.0)	(21,   48.0, 3764.0)	(21,   33.0, 3835.0)	(21,   10.0, 3924.0)	(21,   78.0, 4083.0)	(21,   49.0, 4132.0)	(21,   53.0, 4185.0)	pi= 283.0	di=4495.0	wi=   1.0	Pal=   0.0	profit=283.000000
(27,   79.0, 3056.0)	(27,   15.0, 3515.0)	(27,   18.0, 3674.0)	(27,   99.0, 3815.0)	(27,   38.0, 3853.0)	(27,   77.0, 3930.0)	(27,   58.0, 3988.0)	(27,   61.0, 4144.0)	(27,   52.0, 4196.0)	(27,   20.0, 4216.0)	pi= 389.0	di=4484.0	wi=   0.8	Pal=   0.0	profit=389.000000
(50,   88.0, 3144.0)	(50,   25.0, 3540.0)	(50,   46.0, 3720.0)	(50,   28.0, 3843.0)	(50,   53.0, 3906.0)	(50,  100.0, 4030.0)	(50,   37.0, 4067.0)	(50,   32.0, 4176.0)	(50,   63.0, 4259.0)	(50,   42.0, 4301.0)	pi= 157.0	di=4907.0	wi=   1.2	Pal=   0.0	profit=157.000000
(67,   27.0, 3171.0)	(67,    0.0, 3540.0)	(67,   17.0, 3737.0)	(67,   63.0, 3906.0)	(67,   79.0, 3985.0)	(67,   15.0, 4045.0)	(67,   78.0, 4145.0)	(67,   36.0, 4212.0)	(67,   99.0, 4358.0)	(67,   34.0, 4392.0)	pi= 439.0	di=4586.0	wi=   0.8	Pal=   0.0	profit=439.000000
(56,   40.0, 3211.0)	(56,   10.0, 3550.0)	(56,   27.0, 3764.0)	(56,   80.0, 3986.0)	(56,   98.0, 4084.0)	(56,    5.0, 4089.0)	(56,    2.0, 4147.0)	(56,   82.0, 4294.0)	(56,   76.0, 4434.0)	(56,   24.0, 4458.0)	pi= 445.0	di=4803.0	wi=   1.0	Pal=   0.0	profit=445.000000
(46,   96.0, 3307.0)	(46,   53.0, 3603.0)	(46,   31.0, 3795.0)	(46,   90.0, 4076.0)	(46,   53.0, 4137.0)	(46,   43.0, 4180.0)	(46,   95.0, 4275.0)	(46,   33.0, 4327.0)	(46,   21.0, 4455.0)	(46,   38.0, 4496.0)	pi= 342.0	di=4653.0	wi=   1.2	Pal=   0.0	profit=342.000000
(78,    3.0, 3310.0)	(78,   17.0, 3620.0)	(78,   17.0, 3812.0)	(78,   73.0, 4149.0)	(78,   39.0, 4188.0)	(78,   76.0, 4264.0)	(78,   12.0, 4287.0)	(78,   57.0, 4384.0)	(78,   32.0, 4487.0)	(78,   19.0, 4515.0)	pi= 162.0	di=4680.0	wi=   1.4	Pal=   0.0	profit=162.000000
(37,   76.0, 3386.0)	(37,   91.0, 3711.0)	(37,   94.0, 3906.0)	(37,   59.0, 4208.0)	(37,   28.0, 4236.0)	(37,    1.0, 4265.0)	(37,   64.0, 4351.0)	(37,   97.0, 4481.0)	(37,    1.0, 4488.0)	(37,   38.0, 4553.0)	pi= 134.0	di=4637.0	wi=   0.7	Pal=   0.0	profit=134.000000
(69,   69.0, 3455.0)	(69,   38.0, 3749.0)	(69,   86.0, 3992.0)	(69,   35.0, 4243.0)	(69,   86.0, 4329.0)	(69,   46.0, 4375.0)	(69,   44.0, 4419.0)	(69,   13.0, 4494.0)	(69,   73.0, 4567.0)	(69,   92.0, 4659.0)	pi=  23.0	di=5113.0	wi=   1.4	Pal=   0.0	profit=23.000000
(8,   48.0, 3503.0)	(8,   72.0, 3821.0)	(8,   98.0, 4090.0)	(8,   65.0, 4308.0)	(8,   86.0, 4415.0)	(8,   29.0, 4444.0)	(8,    3.0, 4447.0)	(8,   45.0, 4539.0)	(8,   44.0, 4611.0)	(8,   92.0, 4751.0)	pi= 443.0	di=5410.0	wi=   0.6	Pal=   0.0	profit=443.000000
(61,   18.0, 3521.0)	(61,   72.0, 3893.0)	(61,   78.0, 4168.0)	(61,   32.0, 4340.0)	(61,   87.0, 4502.0)	(61,   27.0, 4529.0)	(61,   91.0, 4620.0)	(61,    7.0, 4627.0)	(61,   88.0, 4715.0)	(61,   44.0, 4795.0)	pi=  45.0	di=5082.0	wi=   1.0	Pal=   0.0	profit=45.000000
(3,   78.0, 3599.0)	(3,   52.0, 3945.0)	(3,   26.0, 4194.0)	(3,   45.0, 4385.0)	(3,   25.0, 4527.0)	(3,   39.0, 4568.0)	(3,   89.0, 4709.0)	(3,   50.0, 4759.0)	(3,   30.0, 4789.0)	(3,   68.0, 4863.0)	pi= 269.0	di=4952.0	wi=   1.1	Pal=   0.0	profit=269.000000
(53,   94.0, 3693.0)	(53,   29.0, 3974.0)	(53,   51.0, 4245.0)	(53,   90.0, 4475.0)	(53,   49.0, 4576.0)	(53,   39.0, 4615.0)	(53,   34.0, 4743.0)	(53,   90.0, 4849.0)	(53,   58.0, 4907.0)	(53,   30.0, 4937.0)	pi= 186.0	di=5042.0	wi=   1.1	Pal=   0.0	profit=186.000000
(60,    9.0, 3702.0)	(60,   33.0, 4007.0)	(60,  100.0, 4345.0)	(60,   52.0, 4527.0)	(60,   93.0, 4669.0)	(60,   73.0, 4742.0)	(60,   75.0, 4818.0)	(60,   36.0, 4885.0)	(60,   31.0, 4938.0)	(60,   22.0, 4960.0)	pi= 492.0	di=5136.0	wi=   0.7	Pal=   0.0	profit=492.000000
(7,    2.0, 3704.0)	(7,   85.0, 4092.0)	(7,   95.0, 4440.0)	(7,   73.0, 4600.0)	(7,   50.0, 4719.0)	(7,   27.0, 4769.0)	(7,   81.0, 4899.0)	(7,   64.0, 4963.0)	(7,   29.0, 4992.0)	(7,    6.0, 4998.0)	pi= 100.0	di=5173.0	wi=   1.4	Pal=   0.0	profit=100.000000
(25,   41.0, 3745.0)	(25,   59.0, 4151.0)	(25,   55.0, 4495.0)	(25,   85.0, 4685.0)	(25,   89.0, 4808.0)	(25,   12.0, 4820.0)	(25,   54.0, 4953.0)	(25,   75.0, 5038.0)	(25,   70.0, 5108.0)	(25,   85.0, 5193.0)	pi= 330.0	di=5312.0	wi=   1.1	Pal=   0.0	profit=330.000000
(44,   98.0, 3843.0)	(44,   80.0, 4231.0)	(44,   81.0, 4576.0)	(44,   84.0, 4769.0)	(44,   61.0, 4869.0)	(44,    0.0, 4869.0)	(44,   19.0, 4972.0)	(44,   22.0, 5060.0)	(44,   70.0, 5178.0)	(44,    9.0, 5202.0)	pi= 292.0	di=5276.0	wi=   0.5	Pal=   0.0	profit=292.000000
max Profit=22038.600000 
