Order ID	Pi	di	wi	accepted	devery	delayed	Profit
0	 477.0	 208.0	   1.3	1	 148.0	0	477.000000
1	  33.0	2147.0	   1.3	0
2	 119.0	 267.0	   0.8	1	 197.0	0	119.000000
3	  29.0	2401.0	   1.0	1	1099.0	0	29.000000
4	 341.0	 287.0	   0.7	1	 304.0	1	329.100000
5	 189.0	4971.0	   1.1	1	3898.0	0	189.000000
6	 210.0	3913.0	   1.3	1	3117.0	0	210.000000
7	 392.0	4438.0	   1.4	1	3294.0	0	392.000000
8	 358.0	5205.0	   0.8	1	4750.0	0	358.000000
9	 346.0	2773.0	   0.6	1	2507.0	0	346.000000
10	 233.0	3979.0	   1.3	1	3762.0	0	233.000000
11	 240.0	5165.0	   1.3	1	4732.0	0	240.000000
12	  54.0	3824.0	   1.0	1	1400.0	0	54.000000
13	 193.0	1996.0	   1.0	1	1952.0	0	193.000000
14	 362.0	5081.0	   1.0	1	4695.0	0	362.000000
15	  48.0	1057.0	   1.2	0
16	 256.0	 686.0	   1.1	1	 654.0	0	256.000000
17	 104.0	2484.0	   1.1	1	2135.0	0	104.000000
18	 363.0	2335.0	   0.6	1	2310.0	0	363.000000
19	  84.0	 750.0	   0.8	1	 371.0	0	84.000000
20	 474.0	 481.0	   0.7	1	 474.0	0	474.000000
21	   5.0	 350.0	   1.3	0
22	   8.0	4191.0	   1.3	1	3893.0	0	8.000000
23	 320.0	5027.0	   0.8	1	3907.0	0	320.000000
24	 298.0	2925.0	   1.1	1	2605.0	0	298.000000
25	 191.0	3291.0	   1.5	1	3116.0	0	191.000000
26	 441.0	2945.0	   0.7	1	2888.0	0	441.000000
27	 173.0	3110.0	   1.1	1	3075.0	0	173.000000
28	 489.0	3982.0	   1.4	1	3806.0	0	489.000000
29	 440.0	1079.0	   0.9	1	 946.0	0	440.000000
30	 284.0	 382.0	   0.7	0
31	  91.0	2782.0	   0.9	1	2665.0	0	91.000000
32	 184.0	1923.0	   1.3	1	1846.0	0	184.000000
33	  49.0	4598.0	   1.4	1	3893.0	0	49.000000
34	  44.0	4389.0	   1.4	1	4097.0	0	44.000000
35	 187.0	4310.0	   0.9	1	4275.0	0	187.000000
36	 384.0	4142.0	   0.6	1	4001.0	0	384.000000
37	 143.0	1671.0	   0.7	1	1614.0	0	143.000000
38	 110.0	4257.0	   0.7	1	3540.0	0	110.000000
39	 434.0	3930.0	   1.4	1	3622.0	0	434.000000
40	 157.0	1742.0	   1.5	1	1555.0	0	157.000000
41	 364.0	 800.0	   0.9	1	 770.0	0	364.000000
42	 381.0	3245.0	   0.9	1	3194.0	0	381.000000
43	 134.0	5105.0	   1.4	1	4396.0	0	134.000000
44	 214.0	2287.0	   0.9	1	2204.0	0	214.000000
45	 307.0	 544.0	   0.9	0
46	 341.0	 623.0	   0.8	1	 588.0	0	341.000000
47	 157.0	2600.0	   1.0	1	2575.0	0	157.000000
48	 291.0	3755.0	   1.0	1	2977.0	0	291.000000
49	 310.0	3172.0	   0.9	1	2451.0	0	310.000000
50	 100.0	1785.0	   0.9	1	 932.0	0	100.000000
51	 180.0	1545.0	   1.0	1	1364.0	0	180.000000
52	   3.0	  78.0	   1.2	0
53	 449.0	4821.0	   1.4	1	4156.0	0	449.000000
54	 225.0	1130.0	   1.5	1	 713.0	0	225.000000
55	 411.0	5063.0	   0.8	1	3339.0	0	411.000000
56	  93.0	1046.0	   1.2	0
57	 364.0	2027.0	   1.1	1	1692.0	0	364.000000
58	 396.0	 566.0	   1.2	1	 559.0	0	396.000000
59	  36.0	1116.0	   1.4	1	1003.0	0	36.000000
60	 249.0	4737.0	   1.0	1	4358.0	0	249.000000
61	 255.0	4630.0	   0.7	1	4444.0	0	255.000000
62	 174.0	3074.0	   1.5	1	2817.0	0	174.000000
63	 361.0	2893.0	   1.5	1	2876.0	0	361.000000
64	 411.0	4966.0	   0.7	1	4656.0	0	411.000000
65	 178.0	 410.0	   0.9	0
66	 448.0	2189.0	   0.9	1	1966.0	0	448.000000
67	 408.0	 163.0	   0.9	0
68	 238.0	3438.0	   1.1	1	3168.0	0	238.000000
69	 482.0	3195.0	   1.4	1	3180.0	0	482.000000
70	 345.0	1351.0	   1.2	1	1198.0	0	345.000000
71	 416.0	1896.0	   0.9	1	1124.0	0	416.000000
72	 161.0	4097.0	   1.5	1	3250.0	0	161.000000
73	  13.0	3826.0	   0.8	1	3703.0	0	13.000000
74	 152.0	5205.0	   1.3	1	4576.0	0	152.000000
75	  13.0	1338.0	   1.4	0
76	 182.0	1344.0	   1.4	1	1293.0	0	182.000000
77	 426.0	2944.0	   1.2	1	2406.0	0	426.000000
78	  44.0	1074.0	   0.9	0
79	  24.0	1834.0	   0.6	0
80	 364.0	2625.0	   0.7	1	2591.0	0	364.000000
81	 237.0	2746.0	   1.5	1	2380.0	0	237.000000
82	 177.0	3930.0	   1.4	1	3410.0	0	177.000000
83	 154.0	2838.0	   0.5	1	2764.0	0	154.000000
84	 155.0	2559.0	   1.3	1	2263.0	0	155.000000
85	 451.0	 166.0	   1.0	0
86	 426.0	4584.0	   0.6	1	4475.0	0	426.000000
87	  33.0	 418.0	   0.8	0
88	 495.0	1613.0	   1.0	1	1529.0	0	495.000000
89	 390.0	 394.0	   1.3	1	 392.0	0	390.000000
90	 328.0	4668.0	   1.2	1	4212.0	0	328.000000
91	 357.0	1416.0	   0.8	1	1189.0	0	357.000000
92	 356.0	2229.0	   1.2	1	1738.0	0	356.000000
93	  79.0	3930.0	   0.9	1	3161.0	0	79.000000
94	  23.0	4382.0	   1.5	1	4278.0	0	23.000000
95	 106.0	 595.0	   0.9	0
96	 148.0	1934.0	   1.5	1	1384.0	0	148.000000
97	 298.0	1820.0	   0.7	1	1790.0	0	298.000000
98	 229.0	 588.0	   1.0	0
99	  76.0	3929.0	   1.4	1	3454.0	0	76.000000
------Order Sequence(ID)-------------------------------
0	0	0	0	0	
2	2	2	2	2	
4	4	4	4	4	
19	19	19	19	19	
89	89	89	89	89	
20	20	20	20	20	
58	58	58	58	58	
46	46	46	46	46	
16	16	16	16	16	
54	54	54	54	54	
41	41	41	41	41	
50	50	50	50	50	
29	29	29	29	29	
59	59	59	59	59	
3	3	3	3	3	
71	71	71	71	71	
91	91	91	91	91	
70	70	70	70	70	
76	76	76	76	76	
51	51	51	51	51	
96	96	96	96	96	
12	12	12	12	12	
88	88	88	88	88	
40	40	40	40	40	
37	37	37	37	37	
57	57	57	57	57	
92	92	92	92	92	
97	97	97	97	97	
32	32	32	32	32	
13	13	13	13	13	
66	66	66	66	66	
17	17	17	17	17	
44	44	44	44	44	
84	84	84	84	84	
18	18	18	18	18	
81	81	81	81	81	
77	77	77	77	77	
49	49	49	49	49	
9	9	9	9	9	
47	47	47	47	47	
80	80	80	80	80	
24	24	24	24	24	
31	31	31	31	31	
83	83	83	83	83	
62	62	62	62	62	
63	63	63	63	63	
26	26	26	26	26	
48	48	48	48	48	
27	27	27	27	27	
25	25	25	25	25	
6	6	6	6	6	
93	93	93	93	93	
68	68	68	68	68	
69	69	69	69	69	
42	42	42	42	42	
72	72	72	72	72	
7	7	7	7	7	
55	55	55	55	55	
82	82	82	82	82	
99	99	99	99	99	
38	38	38	38	38	
39	39	39	39	39	
73	73	73	73	73	
10	10	10	10	10	
28	28	28	28	28	
33	33	33	33	33	
22	22	22	22	22	
5	5	5	5	5	
23	23	23	23	23	
36	36	36	36	36	
34	34	34	34	34	
53	53	53	53	53	
90	90	90	90	90	
35	35	35	35	35	
94	94	94	94	94	
60	60	60	60	60	
43	43	43	43	43	
61	61	61	61	61	
86	86	86	86	86	
74	74	74	74	74	
64	64	64	64	64	
14	14	14	14	14	
11	11	11	11	11	
8	8	8	8	8	
------Finished time(ID)-------------------------------
(0,   16.0,   16.0)	(0,    5.0,   21.0)	(0,   34.0,   55.0)	(0,   83.0,  138.0)	(0,   10.0,  148.0)	pi= 477.0	di= 208.0	wi=   1.3	Pal=   0.0	profit=477.000000
(2,    2.0,   18.0)	(2,   42.0,   63.0)	(2,   84.0,  147.0)	(2,   50.0,  197.0)	(2,    0.0,  197.0)	pi= 119.0	di= 267.0	wi=   0.8	Pal=   0.0	profit=119.000000
(4,   61.0,   79.0)	(4,    0.0,   79.0)	(4,    3.0,  150.0)	(4,   91.0,  288.0)	(4,   16.0,  304.0)	pi= 341.0	di= 287.0	wi=   0.7	Pal=  11.9	profit=329.100000
(19,   18.0,   97.0)	(19,   15.0,  112.0)	(19,   69.0,  219.0)	(19,    4.0,  292.0)	(19,   67.0,  371.0)	pi=  84.0	di= 750.0	wi=   0.8	Pal=   0.0	profit=84.000000
(89,   44.0,  141.0)	(89,   64.0,  205.0)	(89,   61.0,  280.0)	(89,   68.0,  360.0)	(89,   21.0,  392.0)	pi= 390.0	di= 394.0	wi=   1.3	Pal=   0.0	profit=390.000000
(20,   50.0,  191.0)	(20,   96.0,  301.0)	(20,    2.0,  303.0)	(20,   23.0,  383.0)	(20,   82.0,  474.0)	pi= 474.0	di= 481.0	wi=   0.7	Pal=   0.0	profit=474.000000
(58,   52.0,  243.0)	(58,   51.0,  352.0)	(58,   81.0,  433.0)	(58,   82.0,  515.0)	(58,   44.0,  559.0)	pi= 396.0	di= 566.0	wi=   1.2	Pal=   0.0	profit=396.000000
(46,   98.0,  341.0)	(46,   56.0,  408.0)	(46,   37.0,  470.0)	(46,    9.0,  524.0)	(46,   29.0,  588.0)	pi= 341.0	di= 623.0	wi=   0.8	Pal=   0.0	profit=341.000000
(16,   53.0,  394.0)	(16,   83.0,  491.0)	(16,   55.0,  546.0)	(16,   41.0,  587.0)	(16,   66.0,  654.0)	pi= 256.0	di= 686.0	wi=   1.1	Pal=   0.0	profit=256.000000
(54,   36.0,  430.0)	(54,   42.0,  533.0)	(54,   87.0,  633.0)	(54,   69.0,  702.0)	(54,   11.0,  713.0)	pi= 225.0	di=1130.0	wi=   1.5	Pal=   0.0	profit=225.000000
(41,   28.0,  458.0)	(41,   80.0,  613.0)	(41,   92.0,  725.0)	(41,    2.0,  727.0)	(41,   43.0,  770.0)	pi= 364.0	di= 800.0	wi=   0.9	Pal=   0.0	profit=364.000000
(50,    0.0,  458.0)	(50,   87.0,  700.0)	(50,   27.0,  752.0)	(50,   84.0,  836.0)	(50,   96.0,  932.0)	pi= 100.0	di=1785.0	wi=   0.9	Pal=   0.0	profit=100.000000
(29,   55.0,  513.0)	(29,   24.0,  724.0)	(29,   83.0,  835.0)	(29,   41.0,  877.0)	(29,   14.0,  946.0)	pi= 440.0	di=1079.0	wi=   0.9	Pal=   0.0	profit=440.000000
(59,   89.0,  602.0)	(59,   19.0,  743.0)	(59,   12.0,  847.0)	(59,   99.0,  976.0)	(59,   27.0, 1003.0)	pi=  36.0	di=1116.0	wi=   1.4	Pal=   0.0	profit=36.000000
(3,   72.0,  674.0)	(3,   19.0,  762.0)	(3,   54.0,  901.0)	(3,    2.0,  978.0)	(3,   96.0, 1099.0)	pi=  29.0	di=2401.0	wi=   1.0	Pal=   0.0	profit=29.000000
(71,   16.0,  690.0)	(71,   26.0,  788.0)	(71,   64.0,  965.0)	(71,   27.0, 1005.0)	(71,   25.0, 1124.0)	pi= 416.0	di=1896.0	wi=   0.9	Pal=   0.0	profit=416.000000
(91,   60.0,  750.0)	(91,   48.0,  836.0)	(91,   27.0,  992.0)	(91,   76.0, 1081.0)	(91,   65.0, 1189.0)	pi= 357.0	di=1416.0	wi=   0.8	Pal=   0.0	profit=357.000000
(70,   16.0,  766.0)	(70,   35.0,  871.0)	(70,   43.0, 1035.0)	(70,   11.0, 1092.0)	(70,    9.0, 1198.0)	pi= 345.0	di=1351.0	wi=   1.2	Pal=   0.0	profit=345.000000
(76,   37.0,  803.0)	(76,   96.0,  967.0)	(76,   88.0, 1123.0)	(76,   89.0, 1212.0)	(76,   81.0, 1293.0)	pi= 182.0	di=1344.0	wi=   1.4	Pal=   0.0	profit=182.000000
(51,   20.0,  823.0)	(51,   10.0,  977.0)	(51,   50.0, 1173.0)	(51,   30.0, 1242.0)	(51,   71.0, 1364.0)	pi= 180.0	di=1545.0	wi=   1.0	Pal=   0.0	profit=180.000000
(96,   16.0,  839.0)	(96,    4.0,  981.0)	(96,   53.0, 1226.0)	(96,   53.0, 1295.0)	(96,   20.0, 1384.0)	pi= 148.0	di=1934.0	wi=   1.5	Pal=   0.0	profit=148.000000
(12,   71.0,  910.0)	(12,   43.0, 1024.0)	(12,   10.0, 1236.0)	(12,   97.0, 1392.0)	(12,    8.0, 1400.0)	pi=  54.0	di=3824.0	wi=   1.0	Pal=   0.0	profit=54.000000
(88,   46.0,  956.0)	(88,   87.0, 1111.0)	(88,   77.0, 1313.0)	(88,   98.0, 1490.0)	(88,   39.0, 1529.0)	pi= 495.0	di=1613.0	wi=   1.0	Pal=   0.0	profit=495.000000
(40,   82.0, 1038.0)	(40,   60.0, 1171.0)	(40,   60.0, 1373.0)	(40,    6.0, 1496.0)	(40,   26.0, 1555.0)	pi= 157.0	di=1742.0	wi=   1.5	Pal=   0.0	profit=157.000000
(37,   46.0, 1084.0)	(37,   81.0, 1252.0)	(37,   77.0, 1450.0)	(37,    5.0, 1501.0)	(37,   59.0, 1614.0)	pi= 143.0	di=1671.0	wi=   0.7	Pal=   0.0	profit=143.000000
(57,   41.0, 1125.0)	(57,   39.0, 1291.0)	(57,   67.0, 1517.0)	(57,   36.0, 1553.0)	(57,   78.0, 1692.0)	pi= 364.0	di=2027.0	wi=   1.1	Pal=   0.0	profit=364.000000
(92,   52.0, 1177.0)	(92,   16.0, 1307.0)	(92,   37.0, 1554.0)	(92,   15.0, 1569.0)	(92,   46.0, 1738.0)	pi= 356.0	di=2229.0	wi=   1.2	Pal=   0.0	profit=356.000000
(97,   52.0, 1229.0)	(97,    5.0, 1312.0)	(97,   91.0, 1645.0)	(97,   73.0, 1718.0)	(97,   52.0, 1790.0)	pi= 298.0	di=1820.0	wi=   0.7	Pal=   0.0	profit=298.000000
(32,   69.0, 1298.0)	(32,   65.0, 1377.0)	(32,   73.0, 1718.0)	(32,    5.0, 1723.0)	(32,   56.0, 1846.0)	pi= 184.0	di=1923.0	wi=   1.3	Pal=   0.0	profit=184.000000
(13,   12.0, 1310.0)	(13,   95.0, 1472.0)	(13,   75.0, 1793.0)	(13,   70.0, 1863.0)	(13,   89.0, 1952.0)	pi= 193.0	di=1996.0	wi=   1.0	Pal=   0.0	profit=193.000000
(66,   93.0, 1403.0)	(66,   16.0, 1488.0)	(66,   84.0, 1877.0)	(66,   80.0, 1957.0)	(66,    9.0, 1966.0)	pi= 448.0	di=2189.0	wi=   0.9	Pal=   0.0	profit=448.000000
(17,    0.0, 1403.0)	(17,   43.0, 1531.0)	(17,   19.0, 1896.0)	(17,   92.0, 2049.0)	(17,   86.0, 2135.0)	pi= 104.0	di=2484.0	wi=   1.1	Pal=   0.0	profit=104.000000
(44,    1.0, 1404.0)	(44,   11.0, 1542.0)	(44,   80.0, 1976.0)	(44,   34.0, 2083.0)	(44,   69.0, 2204.0)	pi= 214.0	di=2287.0	wi=   0.9	Pal=   0.0	profit=214.000000
(84,   26.0, 1430.0)	(84,   58.0, 1600.0)	(84,   34.0, 2010.0)	(84,   99.0, 2182.0)	(84,   59.0, 2263.0)	pi= 155.0	di=2559.0	wi=   1.3	Pal=   0.0	profit=155.000000
(18,   68.0, 1498.0)	(18,   77.0, 1677.0)	(18,   98.0, 2108.0)	(18,   99.0, 2281.0)	(18,   29.0, 2310.0)	pi= 363.0	di=2335.0	wi=   0.6	Pal=   0.0	profit=363.000000
(81,   45.0, 1543.0)	(81,    4.0, 1681.0)	(81,   75.0, 2183.0)	(81,   19.0, 2300.0)	(81,   70.0, 2380.0)	pi= 237.0	di=2746.0	wi=   1.5	Pal=   0.0	profit=237.000000
(77,    1.0, 1544.0)	(77,   44.0, 1725.0)	(77,   53.0, 2236.0)	(77,   13.0, 2313.0)	(77,   26.0, 2406.0)	pi= 426.0	di=2944.0	wi=   1.2	Pal=   0.0	profit=426.000000
(49,   27.0, 1571.0)	(49,   68.0, 1793.0)	(49,   39.0, 2275.0)	(49,    6.0, 2319.0)	(49,   45.0, 2451.0)	pi= 310.0	di=3172.0	wi=   0.9	Pal=   0.0	profit=310.000000
(9,   56.0, 1627.0)	(9,   37.0, 1830.0)	(9,   29.0, 2304.0)	(9,   48.0, 2367.0)	(9,   56.0, 2507.0)	pi= 346.0	di=2773.0	wi=   0.6	Pal=   0.0	profit=346.000000
(47,   55.0, 1682.0)	(47,   92.0, 1922.0)	(47,   75.0, 2379.0)	(47,    1.0, 2380.0)	(47,   68.0, 2575.0)	pi= 157.0	di=2600.0	wi=   1.0	Pal=   0.0	profit=157.000000
(80,   24.0, 1706.0)	(80,   66.0, 1988.0)	(80,   52.0, 2431.0)	(80,   81.0, 2512.0)	(80,   16.0, 2591.0)	pi= 364.0	di=2625.0	wi=   0.7	Pal=   0.0	profit=364.000000
(24,   46.0, 1752.0)	(24,   93.0, 2081.0)	(24,    2.0, 2433.0)	(24,   18.0, 2530.0)	(24,   14.0, 2605.0)	pi= 298.0	di=2925.0	wi=   1.1	Pal=   0.0	profit=298.000000
(31,   28.0, 1780.0)	(31,   45.0, 2126.0)	(31,   91.0, 2524.0)	(31,   29.0, 2559.0)	(31,   60.0, 2665.0)	pi=  91.0	di=2782.0	wi=   0.9	Pal=   0.0	profit=91.000000
(83,   64.0, 1844.0)	(83,   12.0, 2138.0)	(83,   25.0, 2549.0)	(83,   26.0, 2585.0)	(83,   99.0, 2764.0)	pi= 154.0	di=2838.0	wi=   0.5	Pal=   0.0	profit=154.000000
(62,   16.0, 1860.0)	(62,   25.0, 2163.0)	(62,   51.0, 2600.0)	(62,   92.0, 2692.0)	(62,   53.0, 2817.0)	pi= 174.0	di=3074.0	wi=   1.5	Pal=   0.0	profit=174.000000
(63,   70.0, 1930.0)	(63,   11.0, 2174.0)	(63,   78.0, 2678.0)	(63,   59.0, 2751.0)	(63,   59.0, 2876.0)	pi= 361.0	di=2893.0	wi=   1.5	Pal=   0.0	profit=361.000000
(26,   90.0, 2020.0)	(26,   59.0, 2233.0)	(26,   59.0, 2737.0)	(26,   37.0, 2788.0)	(26,   12.0, 2888.0)	pi= 441.0	di=2945.0	wi=   0.7	Pal=   0.0	profit=441.000000
(48,   44.0, 2064.0)	(48,    7.0, 2240.0)	(48,   57.0, 2794.0)	(48,   90.0, 2884.0)	(48,   89.0, 2977.0)	pi= 291.0	di=3755.0	wi=   1.0	Pal=   0.0	profit=291.000000
(27,   67.0, 2131.0)	(27,   77.0, 2317.0)	(27,   39.0, 2833.0)	(27,    7.0, 2891.0)	(27,   98.0, 3075.0)	pi= 173.0	di=3110.0	wi=   1.1	Pal=   0.0	profit=173.000000
(25,   98.0, 2229.0)	(25,   79.0, 2396.0)	(25,   66.0, 2899.0)	(25,   82.0, 2981.0)	(25,   41.0, 3116.0)	pi= 191.0	di=3291.0	wi=   1.5	Pal=   0.0	profit=191.000000
(6,   72.0, 2301.0)	(6,   33.0, 2429.0)	(6,   35.0, 2934.0)	(6,   17.0, 2998.0)	(6,    1.0, 3117.0)	pi= 210.0	di=3913.0	wi=   1.3	Pal=   0.0	profit=210.000000
(93,   30.0, 2331.0)	(93,    1.0, 2430.0)	(93,   21.0, 2955.0)	(93,   79.0, 3077.0)	(93,   44.0, 3161.0)	pi=  79.0	di=3930.0	wi=   0.9	Pal=   0.0	profit=79.000000
(68,    1.0, 2332.0)	(68,   32.0, 2462.0)	(68,   38.0, 2993.0)	(68,   26.0, 3103.0)	(68,    7.0, 3168.0)	pi= 238.0	di=3438.0	wi=   1.1	Pal=   0.0	profit=238.000000
(69,   88.0, 2420.0)	(69,   26.0, 2488.0)	(69,   72.0, 3065.0)	(69,   13.0, 3116.0)	(69,   12.0, 3180.0)	pi= 482.0	di=3195.0	wi=   1.4	Pal=   0.0	profit=482.000000
(42,   99.0, 2519.0)	(42,   61.0, 2580.0)	(42,   64.0, 3129.0)	(42,   16.0, 3145.0)	(42,   14.0, 3194.0)	pi= 381.0	di=3245.0	wi=   0.9	Pal=   0.0	profit=381.000000
(72,   59.0, 2578.0)	(72,   36.0, 2616.0)	(72,   33.0, 3162.0)	(72,   22.0, 3184.0)	(72,   56.0, 3250.0)	pi= 161.0	di=4097.0	wi=   1.5	Pal=   0.0	profit=161.000000
(7,   29.0, 2607.0)	(7,   49.0, 2665.0)	(7,   97.0, 3259.0)	(7,   25.0, 3284.0)	(7,   10.0, 3294.0)	pi= 392.0	di=4438.0	wi=   1.4	Pal=   0.0	profit=392.000000
(55,   67.0, 2674.0)	(55,   59.0, 2733.0)	(55,   30.0, 3289.0)	(55,   50.0, 3339.0)	(55,    0.0, 3339.0)	pi= 411.0	di=5063.0	wi=   0.8	Pal=   0.0	profit=411.000000
(82,   61.0, 2735.0)	(82,   42.0, 2777.0)	(82,   33.0, 3322.0)	(82,    4.0, 3343.0)	(82,   67.0, 3410.0)	pi= 177.0	di=3930.0	wi=   1.4	Pal=   0.0	profit=177.000000
(99,   23.0, 2758.0)	(99,   83.0, 2860.0)	(99,   39.0, 3361.0)	(99,   27.0, 3388.0)	(99,   44.0, 3454.0)	pi=  76.0	di=3929.0	wi=   1.4	Pal=   0.0	profit=76.000000
(38,   63.0, 2821.0)	(38,   74.0, 2934.0)	(38,   84.0, 3445.0)	(38,   51.0, 3496.0)	(38,   44.0, 3540.0)	pi= 110.0	di=4257.0	wi=   0.7	Pal=   0.0	profit=110.000000
(39,   65.0, 2886.0)	(39,   90.0, 3024.0)	(39,   39.0, 3484.0)	(39,    2.0, 3498.0)	(39,   82.0, 3622.0)	pi= 434.0	di=3930.0	wi=   1.4	Pal=   0.0	profit=434.000000
(73,   59.0, 2945.0)	(73,   73.0, 3097.0)	(73,   20.0, 3504.0)	(73,  100.0, 3604.0)	(73,   81.0, 3703.0)	pi=  13.0	di=3826.0	wi=   0.8	Pal=   0.0	profit=13.000000
(10,   47.0, 2992.0)	(10,   70.0, 3167.0)	(10,   40.0, 3544.0)	(10,   80.0, 3684.0)	(10,   59.0, 3762.0)	pi= 233.0	di=3979.0	wi=   1.3	Pal=   0.0	profit=233.000000
(28,   10.0, 3002.0)	(28,   71.0, 3238.0)	(28,   93.0, 3637.0)	(28,   64.0, 3748.0)	(28,   44.0, 3806.0)	pi= 489.0	di=3982.0	wi=   1.4	Pal=   0.0	profit=489.000000
(33,   60.0, 3062.0)	(33,   46.0, 3284.0)	(33,   45.0, 3682.0)	(33,   59.0, 3807.0)	(33,   86.0, 3893.0)	pi=  49.0	di=4598.0	wi=   1.4	Pal=   0.0	profit=49.000000
(22,   30.0, 3092.0)	(22,   58.0, 3342.0)	(22,   37.0, 3719.0)	(22,   50.0, 3857.0)	(22,    0.0, 3893.0)	pi=   8.0	di=4191.0	wi=   1.3	Pal=   0.0	profit=8.000000
(5,    4.0, 3096.0)	(5,   11.0, 3353.0)	(5,   35.0, 3754.0)	(5,    1.0, 3858.0)	(5,    5.0, 3898.0)	pi= 189.0	di=4971.0	wi=   1.1	Pal=   0.0	profit=189.000000
(23,   11.0, 3107.0)	(23,   61.0, 3414.0)	(23,   17.0, 3771.0)	(23,   15.0, 3873.0)	(23,    9.0, 3907.0)	pi= 320.0	di=5027.0	wi=   0.8	Pal=   0.0	profit=320.000000
(36,   10.0, 3117.0)	(36,    0.0, 3414.0)	(36,   51.0, 3822.0)	(36,   15.0, 3888.0)	(36,   94.0, 4001.0)	pi= 384.0	di=4142.0	wi=   0.6	Pal=   0.0	profit=384.000000
(34,   47.0, 3164.0)	(34,   46.0, 3460.0)	(34,   33.0, 3855.0)	(34,   68.0, 3956.0)	(34,   96.0, 4097.0)	pi=  44.0	di=4389.0	wi=   1.4	Pal=   0.0	profit=44.000000
(53,   59.0, 3223.0)	(53,    4.0, 3464.0)	(53,   68.0, 3923.0)	(53,   19.0, 3975.0)	(53,   59.0, 4156.0)	pi= 449.0	di=4821.0	wi=   1.4	Pal=   0.0	profit=449.000000
(90,   70.0, 3293.0)	(90,   36.0, 3500.0)	(90,   40.0, 3963.0)	(90,   57.0, 4032.0)	(90,   56.0, 4212.0)	pi= 328.0	di=4668.0	wi=   1.2	Pal=   0.0	profit=328.000000
(35,    8.0, 3301.0)	(35,   58.0, 3558.0)	(35,   69.0, 4032.0)	(35,   33.0, 4065.0)	(35,   63.0, 4275.0)	pi= 187.0	di=4310.0	wi=   0.9	Pal=   0.0	profit=187.000000
(94,   26.0, 3327.0)	(94,   17.0, 3575.0)	(94,   70.0, 4102.0)	(94,   74.0, 4176.0)	(94,    3.0, 4278.0)	pi=  23.0	di=4382.0	wi=   1.5	Pal=   0.0	profit=23.000000
(60,   93.0, 3420.0)	(60,   58.0, 3633.0)	(60,   71.0, 4173.0)	(60,   76.0, 4252.0)	(60,   80.0, 4358.0)	pi= 249.0	di=4737.0	wi=   1.0	Pal=   0.0	profit=249.000000
(43,   80.0, 3500.0)	(43,   91.0, 3724.0)	(43,   31.0, 4204.0)	(43,   61.0, 4313.0)	(43,   38.0, 4396.0)	pi= 134.0	di=5105.0	wi=   1.4	Pal=   0.0	profit=134.000000
(61,   12.0, 3512.0)	(61,   31.0, 3755.0)	(61,   10.0, 4214.0)	(61,   44.0, 4357.0)	(61,   48.0, 4444.0)	pi= 255.0	di=4630.0	wi=   0.7	Pal=   0.0	profit=255.000000
(86,   27.0, 3539.0)	(86,   39.0, 3794.0)	(86,   90.0, 4304.0)	(86,   57.0, 4414.0)	(86,   31.0, 4475.0)	pi= 426.0	di=4584.0	wi=   0.6	Pal=   0.0	profit=426.000000
(74,   70.0, 3609.0)	(74,   90.0, 3884.0)	(74,   80.0, 4384.0)	(74,   62.0, 4476.0)	(74,  100.0, 4576.0)	pi= 152.0	di=5205.0	wi=   1.3	Pal=   0.0	profit=152.000000
(64,   11.0, 3620.0)	(64,   98.0, 3982.0)	(64,   73.0, 4457.0)	(64,    7.0, 4483.0)	(64,   80.0, 4656.0)	pi= 411.0	di=4966.0	wi=   0.7	Pal=   0.0	profit=411.000000
(14,   29.0, 3649.0)	(14,   44.0, 4026.0)	(14,   64.0, 4521.0)	(14,   32.0, 4553.0)	(14,   39.0, 4695.0)	pi= 362.0	di=5081.0	wi=   1.0	Pal=   0.0	profit=362.000000
(11,   26.0, 3675.0)	(11,   49.0, 4075.0)	(11,   31.0, 4552.0)	(11,   21.0, 4574.0)	(11,   37.0, 4732.0)	pi= 240.0	di=5165.0	wi=   1.3	Pal=   0.0	profit=240.000000
(8,   51.0, 3726.0)	(8,   67.0, 4142.0)	(8,   73.0, 4625.0)	(8,   25.0, 4650.0)	(8,   18.0, 4750.0)	pi= 358.0	di=5205.0	wi=   0.8	Pal=   0.0	profit=358.000000
max Profit=21684.100000 
