Order ID	Pi	di	wi	accepted	devery	delayed	Profit
0	   1.0	  76.0	   0.8	0
1	 427.0	 420.0	   0.6	1	 571.0	1	336.400000
2	 277.0	  61.0	   0.7	1	  81.0	1	263.000000
3	 228.0	  60.0	   0.5	1	 423.0	1	46.500000
4	 272.0	 357.0	   1.3	1	 332.0	0	272.000000
5	 101.0	 228.0	   0.6	0
6	 219.0	 151.0	   1.2	1	 178.0	1	186.600000
7	 267.0	 301.0	   0.7	1	 257.0	0	267.000000
8	 253.0	  84.0	   1.1	0
9	 463.0	 362.0	   1.5	1	 294.0	0	463.000000
------Order Sequence(ID)-------------------------------
2	2	2	
6	6	6	
7	7	7	
9	9	9	
4	4	4	
3	3	3	
1	1	1	
------Finished time(ID)-------------------------------
(2,    9.0,    9.0)	(2,   63.0,   72.0)	(2,    9.0,   81.0)	pi= 277.0	di=  61.0	wi=   0.7	Pal=  14.0	profit=263.000000
(6,   63.0,   72.0)	(6,   61.0,  133.0)	(6,   45.0,  178.0)	pi= 219.0	di= 151.0	wi=   1.2	Pal=  32.4	profit=186.600000
(7,   47.0,  119.0)	(7,   60.0,  193.0)	(7,   64.0,  257.0)	pi= 267.0	di= 301.0	wi=   0.7	Pal=   0.0	profit=267.000000
(9,   72.0,  191.0)	(9,   57.0,  250.0)	(9,   37.0,  294.0)	pi= 463.0	di= 362.0	wi=   1.5	Pal=   0.0	profit=463.000000
(4,   90.0,  281.0)	(4,   29.0,  310.0)	(4,   22.0,  332.0)	pi= 272.0	di= 357.0	wi=   1.3	Pal=   0.0	profit=272.000000
(3,   44.0,  325.0)	(3,   94.0,  419.0)	(3,    4.0,  423.0)	pi= 228.0	di=  60.0	wi=   0.5	Pal= 181.5	profit=46.500000
(1,  100.0,  425.0)	(1,   46.0,  471.0)	(1,  100.0,  571.0)	pi= 427.0	di= 420.0	wi=   0.6	Pal=  90.6	profit=336.400000
max Profit=1834.500000 
