Order ID	Pi	di	wi	accepted	devery	delayed	Profit
0	  14.0	5170.0	   1.1	1	5114.0	0	14.000000
1	  89.0	3976.0	   1.1	0
2	 458.0	 956.0	   1.3	1	 943.0	0	458.000000
3	 168.0	3749.0	   1.3	1	1954.0	0	168.000000
4	 164.0	4435.0	   0.8	1	4364.0	0	164.000000
5	  96.0	 665.0	   0.9	0
6	 461.0	2817.0	   1.2	1	2626.0	0	461.000000
7	 454.0	 235.0	   0.6	1	 487.0	1	302.800000
8	 244.0	4404.0	   0.9	1	3993.0	0	244.000000
9	 237.0	3318.0	   1.2	1	3002.0	0	237.000000
10	 224.0	2634.0	   0.5	1	2544.0	0	224.000000
11	 201.0	3147.0	   0.6	1	2772.0	0	201.000000
12	 307.0	4789.0	   0.6	1	4604.0	0	307.000000
13	 164.0	3833.0	   1.2	1	3207.0	0	164.000000
14	 326.0	1260.0	   1.4	1	1234.0	0	326.000000
15	 458.0	2474.0	   0.5	1	2424.0	0	458.000000
16	 178.0	4889.0	   1.2	1	4720.0	0	178.000000
17	 175.0	3383.0	   0.8	1	3315.0	0	175.000000
18	 176.0	4771.0	   0.7	1	4690.0	0	176.000000
19	 330.0	5029.0	   1.0	1	4962.0	0	330.000000
20	 454.0	5201.0	   0.8	1	4102.0	0	454.000000
21	 363.0	5223.0	   0.5	1	5049.0	0	363.000000
22	 279.0	4929.0	   0.6	1	4928.0	0	279.000000
23	 340.0	4486.0	   1.0	1	4449.0	0	340.000000
24	 112.0	3122.0	   0.9	1	2783.0	0	112.000000
25	 181.0	2308.0	   1.3	1	2205.0	0	181.000000
26	 295.0	 730.0	   0.6	1	 709.0	0	295.000000
27	 346.0	2514.0	   0.7	1	1710.0	0	346.000000
28	 408.0	 426.0	   1.1	0
29	 283.0	4233.0	   0.8	1	3404.0	0	283.000000
30	 192.0	3116.0	   0.6	1	2925.0	0	192.000000
31	  19.0	 407.0	   1.0	0
32	 482.0	4487.0	   0.7	1	4039.0	0	482.000000
33	 246.0	2271.0	   0.6	1	1600.0	0	246.000000
34	  36.0	 689.0	   0.6	0
35	  88.0	4349.0	   1.4	1	2178.0	0	88.000000
36	 341.0	2434.0	   1.3	1	1597.0	0	341.000000
37	  33.0	5018.0	   1.3	1	4293.0	0	33.000000
38	 214.0	4492.0	   1.5	1	3280.0	0	214.000000
39	 365.0	2188.0	   0.6	1	1884.0	0	365.000000
40	 149.0	 207.0	   0.5	0
41	 319.0	4910.0	   0.7	1	3871.0	0	319.000000
42	 138.0	1195.0	   0.9	1	1036.0	0	138.000000
43	 267.0	4388.0	   1.1	1	3707.0	0	267.000000
44	 485.0	1202.0	   0.8	1	1085.0	0	485.000000
45	  14.0	2632.0	   0.7	0
46	 230.0	4257.0	   1.3	1	2979.0	0	230.000000
47	 314.0	2530.0	   1.1	1	2121.0	0	314.000000
48	 499.0	5476.0	   1.1	1	5266.0	0	499.000000
49	 120.0	4684.0	   1.0	1	3540.0	0	120.000000
50	 232.0	4904.0	   0.7	1	4516.0	0	232.000000
51	 361.0	3998.0	   0.7	1	3662.0	0	361.000000
52	 137.0	3192.0	   0.6	1	3110.0	0	137.000000
53	 263.0	 109.0	   0.9	0
54	 133.0	1480.0	   0.8	1	 984.0	0	133.000000
55	  28.0	1767.0	   1.2	0
56	 353.0	4782.0	   0.9	1	4364.0	0	353.000000
57	  14.0	2172.0	   1.2	0
58	 273.0	2522.0	   0.7	1	2419.0	0	273.000000
59	  63.0	4902.0	   1.1	1	4851.0	0	63.000000
60	 482.0	4514.0	   0.7	1	4297.0	0	482.000000
61	 360.0	1479.0	   0.9	1	1455.0	0	360.000000
62	 407.0	 623.0	   1.4	0
63	 138.0	5178.0	   0.9	1	5172.0	0	138.000000
64	 196.0	2418.0	   0.8	1	2281.0	0	196.000000
65	 440.0	4315.0	   1.4	1	3791.0	0	440.000000
66	 281.0	4915.0	   1.4	1	4478.0	0	281.000000
67	 294.0	5463.0	   1.2	1	4772.0	0	294.000000
68	 218.0	3284.0	   0.6	1	3267.0	0	218.000000
69	 390.0	2724.0	   0.6	1	1158.0	0	390.000000
70	  24.0	2754.0	   0.6	0
71	  31.0	1738.0	   0.6	0
72	 209.0	2176.0	   1.1	1	1751.0	0	209.000000
73	 419.0	 580.0	   1.2	1	 612.0	1	380.600000
74	 389.0	4421.0	   0.7	1	4232.0	0	389.000000
75	 277.0	 410.0	   0.9	0
76	   5.0	1664.0	   1.2	0
77	 475.0	2673.0	   1.4	1	2052.0	0	475.000000
78	 154.0	2946.0	   0.9	1	2476.0	0	154.000000
79	 211.0	1307.0	   0.5	1	1230.0	0	211.000000
80	 123.0	4237.0	   0.6	1	3487.0	0	123.000000
81	 105.0	3080.0	   0.5	1	2921.0	0	105.000000
82	 215.0	2843.0	   0.9	1	2828.0	0	215.000000
83	 183.0	 487.0	   0.9	0
84	 216.0	3088.0	   1.1	1	2668.0	0	216.000000
85	 367.0	 827.0	   1.3	1	 776.0	0	367.000000
86	 185.0	4870.0	   1.1	1	3946.0	0	185.000000
87	 218.0	3759.0	   0.9	1	3539.0	0	218.000000
88	 380.0	2736.0	   1.2	1	1370.0	0	380.000000
89	 415.0	2117.0	   0.7	1	1661.0	0	415.000000
90	  32.0	1627.0	   0.9	0
91	 325.0	 557.0	   0.6	0
92	   9.0	4679.0	   0.7	0
93	 100.0	4130.0	   1.1	1	2362.0	0	100.000000
94	  58.0	3064.0	   1.4	0
95	 111.0	4547.0	   1.4	1	1552.0	0	111.000000
96	 103.0	 531.0	   1.4	0
97	 211.0	2172.0	   0.6	1	1849.0	0	211.000000
98	 265.0	3739.0	   1.1	1	3705.0	0	265.000000
99	 424.0	 630.0	   0.9	1	 666.0	1	391.600000
------Order Sequence(ID)-------------------------------
7	7	7	7	7	7	7	7	7	7	
73	73	73	73	73	73	73	73	73	73	
99	99	99	99	99	99	99	99	99	99	
26	26	26	26	26	26	26	26	26	26	
85	85	85	85	85	85	85	85	85	85	
2	2	2	2	2	2	2	2	2	2	
54	54	54	54	54	54	54	54	54	54	
42	42	42	42	42	42	42	42	42	42	
44	44	44	44	44	44	44	44	44	44	
69	69	69	69	69	69	69	69	69	69	
79	79	79	79	79	79	79	79	79	79	
14	14	14	14	14	14	14	14	14	14	
88	88	88	88	88	88	88	88	88	88	
61	61	61	61	61	61	61	61	61	61	
95	95	95	95	95	95	95	95	95	95	
36	36	36	36	36	36	36	36	36	36	
33	33	33	33	33	33	33	33	33	33	
89	89	89	89	89	89	89	89	89	89	
27	27	27	27	27	27	27	27	27	27	
72	72	72	72	72	72	72	72	72	72	
97	97	97	97	97	97	97	97	97	97	
39	39	39	39	39	39	39	39	39	39	
3	3	3	3	3	3	3	3	3	3	
77	77	77	77	77	77	77	77	77	77	
47	47	47	47	47	47	47	47	47	47	
35	35	35	35	35	35	35	35	35	35	
25	25	25	25	25	25	25	25	25	25	
64	64	64	64	64	64	64	64	64	64	
93	93	93	93	93	93	93	93	93	93	
58	58	58	58	58	58	58	58	58	58	
15	15	15	15	15	15	15	15	15	15	
78	78	78	78	78	78	78	78	78	78	
10	10	10	10	10	10	10	10	10	10	
6	6	6	6	6	6	6	6	6	6	
84	84	84	84	84	84	84	84	84	84	
11	11	11	11	11	11	11	11	11	11	
24	24	24	24	24	24	24	24	24	24	
82	82	82	82	82	82	82	82	82	82	
81	81	81	81	81	81	81	81	81	81	
30	30	30	30	30	30	30	30	30	30	
46	46	46	46	46	46	46	46	46	46	
9	9	9	9	9	9	9	9	9	9	
52	52	52	52	52	52	52	52	52	52	
13	13	13	13	13	13	13	13	13	13	
68	68	68	68	68	68	68	68	68	68	
38	38	38	38	38	38	38	38	38	38	
17	17	17	17	17	17	17	17	17	17	
29	29	29	29	29	29	29	29	29	29	
80	80	80	80	80	80	80	80	80	80	
87	87	87	87	87	87	87	87	87	87	
49	49	49	49	49	49	49	49	49	49	
51	51	51	51	51	51	51	51	51	51	
98	98	98	98	98	98	98	98	98	98	
43	43	43	43	43	43	43	43	43	43	
65	65	65	65	65	65	65	65	65	65	
41	41	41	41	41	41	41	41	41	41	
86	86	86	86	86	86	86	86	86	86	
8	8	8	8	8	8	8	8	8	8	
32	32	32	32	32	32	32	32	32	32	
20	20	20	20	20	20	20	20	20	20	
74	74	74	74	74	74	74	74	74	74	
37	37	37	37	37	37	37	37	37	37	
60	60	60	60	60	60	60	60	60	60	
56	56	56	56	56	56	56	56	56	56	
4	4	4	4	4	4	4	4	4	4	
23	23	23	23	23	23	23	23	23	23	
66	66	66	66	66	66	66	66	66	66	
50	50	50	50	50	50	50	50	50	50	
12	12	12	12	12	12	12	12	12	12	
18	18	18	18	18	18	18	18	18	18	
16	16	16	16	16	16	16	16	16	16	
67	67	67	67	67	67	67	67	67	67	
59	59	59	59	59	59	59	59	59	59	
22	22	22	22	22	22	22	22	22	22	
19	19	19	19	19	19	19	19	19	19	
21	21	21	21	21	21	21	21	21	21	
0	0	0	0	0	0	0	0	0	0	
63	63	63	63	63	63	63	63	63	63	
48	48	48	48	48	48	48	48	48	48	
------Finished time(ID)-------------------------------
(7,    2.0,    2.0)	(7,   18.0,   20.0)	(7,   68.0,   88.0)	(7,   98.0,  186.0)	(7,   29.0,  215.0)	(7,   49.0,  264.0)	(7,   54.0,  318.0)	(7,   80.0,  398.0)	(7,   36.0,  434.0)	(7,   53.0,  487.0)	pi= 454.0	di= 235.0	wi=   0.6	Pal= 151.2	profit=302.800000
(73,   69.0,   71.0)	(73,   75.0,  146.0)	(73,   13.0,  159.0)	(73,   83.0,  269.0)	(73,    3.0,  272.0)	(73,   51.0,  323.0)	(73,   59.0,  382.0)	(73,   95.0,  493.0)	(73,   29.0,  522.0)	(73,   90.0,  612.0)	pi= 419.0	di= 580.0	wi=   1.2	Pal=  38.4	profit=380.600000
(99,   89.0,  160.0)	(99,   56.0,  216.0)	(99,   71.0,  287.0)	(99,   41.0,  328.0)	(99,   54.0,  382.0)	(99,   81.0,  463.0)	(99,   36.0,  499.0)	(99,   17.0,  516.0)	(99,   19.0,  541.0)	(99,   54.0,  666.0)	pi= 424.0	di= 630.0	wi=   0.9	Pal=  32.4	profit=391.600000
(26,   28.0,  188.0)	(26,   23.0,  239.0)	(26,    8.0,  295.0)	(26,   14.0,  342.0)	(26,   49.0,  431.0)	(26,   19.0,  482.0)	(26,   54.0,  553.0)	(26,   59.0,  612.0)	(26,   31.0,  643.0)	(26,   43.0,  709.0)	pi= 295.0	di= 730.0	wi=   0.6	Pal=   0.0	profit=295.000000
(85,   62.0,  250.0)	(85,   20.0,  270.0)	(85,   60.0,  355.0)	(85,   22.0,  377.0)	(85,   53.0,  484.0)	(85,   88.0,  572.0)	(85,   19.0,  591.0)	(85,   23.0,  635.0)	(85,   29.0,  672.0)	(85,   67.0,  776.0)	pi= 367.0	di= 827.0	wi=   1.3	Pal=   0.0	profit=367.000000
(2,   58.0,  308.0)	(2,   39.0,  347.0)	(2,   52.0,  407.0)	(2,   88.0,  495.0)	(2,   90.0,  585.0)	(2,   29.0,  614.0)	(2,   97.0,  711.0)	(2,   99.0,  810.0)	(2,   33.0,  843.0)	(2,  100.0,  943.0)	pi= 458.0	di= 956.0	wi=   1.3	Pal=   0.0	profit=458.000000
(54,   19.0,  327.0)	(54,   57.0,  404.0)	(54,   70.0,  477.0)	(54,   88.0,  583.0)	(54,   34.0,  619.0)	(54,   41.0,  660.0)	(54,   87.0,  798.0)	(54,   81.0,  891.0)	(54,   71.0,  962.0)	(54,   22.0,  984.0)	pi= 133.0	di=1480.0	wi=   0.8	Pal=   0.0	profit=133.000000
(42,   52.0,  379.0)	(42,   65.0,  469.0)	(42,   90.0,  567.0)	(42,   15.0,  598.0)	(42,   26.0,  645.0)	(42,   22.0,  682.0)	(42,    5.0,  803.0)	(42,    7.0,  898.0)	(42,    7.0,  969.0)	(42,   52.0, 1036.0)	pi= 138.0	di=1195.0	wi=   0.9	Pal=   0.0	profit=138.000000
(44,   89.0,  468.0)	(44,   41.0,  510.0)	(44,   19.0,  586.0)	(44,    6.0,  604.0)	(44,   29.0,  674.0)	(44,   22.0,  704.0)	(44,   74.0,  877.0)	(44,   20.0,  918.0)	(44,   44.0, 1013.0)	(44,   49.0, 1085.0)	pi= 485.0	di=1202.0	wi=   0.8	Pal=   0.0	profit=485.000000
(69,    3.0,  471.0)	(69,   65.0,  575.0)	(69,   28.0,  614.0)	(69,   61.0,  675.0)	(69,   61.0,  736.0)	(69,   23.0,  759.0)	(69,   22.0,  899.0)	(69,   13.0,  931.0)	(69,  100.0, 1113.0)	(69,   45.0, 1158.0)	pi= 390.0	di=2724.0	wi=   0.6	Pal=   0.0	profit=390.000000
(79,   22.0,  493.0)	(79,   36.0,  611.0)	(79,   98.0,  712.0)	(79,   31.0,  743.0)	(79,   52.0,  795.0)	(79,   37.0,  832.0)	(79,   41.0,  940.0)	(79,   96.0, 1036.0)	(79,   60.0, 1173.0)	(79,   57.0, 1230.0)	pi= 211.0	di=1307.0	wi=   0.5	Pal=   0.0	profit=211.000000
(14,   74.0,  567.0)	(14,   74.0,  685.0)	(14,   73.0,  785.0)	(14,   59.0,  844.0)	(14,   54.0,  898.0)	(14,   31.0,  929.0)	(14,   88.0, 1028.0)	(14,   89.0, 1125.0)	(14,   37.0, 1210.0)	(14,    4.0, 1234.0)	pi= 326.0	di=1260.0	wi=   1.4	Pal=   0.0	profit=326.000000
(88,   58.0,  625.0)	(88,   16.0,  701.0)	(88,   16.0,  801.0)	(88,   22.0,  866.0)	(88,   27.0,  925.0)	(88,   68.0,  997.0)	(88,   56.0, 1084.0)	(88,   86.0, 1211.0)	(88,   99.0, 1310.0)	(88,   60.0, 1370.0)	pi= 380.0	di=2736.0	wi=   1.2	Pal=   0.0	profit=380.000000
(61,   20.0,  645.0)	(61,   20.0,  721.0)	(61,   88.0,  889.0)	(61,    7.0,  896.0)	(61,   46.0,  971.0)	(61,   90.0, 1087.0)	(61,   80.0, 1167.0)	(61,   99.0, 1310.0)	(61,   53.0, 1363.0)	(61,   85.0, 1455.0)	pi= 360.0	di=1479.0	wi=   0.9	Pal=   0.0	profit=360.000000
(95,   83.0,  728.0)	(95,   26.0,  754.0)	(95,   22.0,  911.0)	(95,   45.0,  956.0)	(95,    9.0,  980.0)	(95,   56.0, 1143.0)	(95,   48.0, 1215.0)	(95,   85.0, 1395.0)	(95,   55.0, 1450.0)	(95,   97.0, 1552.0)	pi= 111.0	di=4547.0	wi=   1.4	Pal=   0.0	profit=111.000000
(36,   31.0,  759.0)	(36,   30.0,  789.0)	(36,   92.0, 1003.0)	(36,    4.0, 1007.0)	(36,   99.0, 1106.0)	(36,   96.0, 1239.0)	(36,   88.0, 1327.0)	(36,   46.0, 1441.0)	(36,   58.0, 1508.0)	(36,   45.0, 1597.0)	pi= 341.0	di=2434.0	wi=   1.3	Pal=   0.0	profit=341.000000
(33,   37.0,  796.0)	(33,   32.0,  828.0)	(33,   96.0, 1099.0)	(33,   43.0, 1142.0)	(33,   93.0, 1235.0)	(33,    3.0, 1242.0)	(33,   12.0, 1339.0)	(33,   51.0, 1492.0)	(33,   30.0, 1538.0)	(33,    3.0, 1600.0)	pi= 246.0	di=2271.0	wi=   0.6	Pal=   0.0	profit=246.000000
(89,   11.0,  807.0)	(89,   92.0,  920.0)	(89,   58.0, 1157.0)	(89,   64.0, 1221.0)	(89,   14.0, 1249.0)	(89,   69.0, 1318.0)	(89,    8.0, 1347.0)	(89,   55.0, 1547.0)	(89,   32.0, 1579.0)	(89,   61.0, 1661.0)	pi= 415.0	di=2117.0	wi=   0.7	Pal=   0.0	profit=415.000000
(27,   87.0,  894.0)	(27,   78.0,  998.0)	(27,   25.0, 1182.0)	(27,   22.0, 1243.0)	(27,   55.0, 1304.0)	(27,   92.0, 1410.0)	(27,   16.0, 1426.0)	(27,   84.0, 1631.0)	(27,   77.0, 1708.0)	(27,    2.0, 1710.0)	pi= 346.0	di=2514.0	wi=   0.7	Pal=   0.0	profit=346.000000
(72,   16.0,  910.0)	(72,   98.0, 1096.0)	(72,   89.0, 1271.0)	(72,   26.0, 1297.0)	(72,   79.0, 1383.0)	(72,   80.0, 1490.0)	(72,   88.0, 1578.0)	(72,   34.0, 1665.0)	(72,   18.0, 1726.0)	(72,   25.0, 1751.0)	pi= 209.0	di=2176.0	wi=   1.1	Pal=   0.0	profit=209.000000
(97,   76.0,  986.0)	(97,   18.0, 1114.0)	(97,   57.0, 1328.0)	(97,    1.0, 1329.0)	(97,   67.0, 1450.0)	(97,   96.0, 1586.0)	(97,   31.0, 1617.0)	(97,   17.0, 1682.0)	(97,   43.0, 1769.0)	(97,   80.0, 1849.0)	pi= 211.0	di=2172.0	wi=   0.6	Pal=   0.0	profit=211.000000
(39,   15.0, 1001.0)	(39,   97.0, 1211.0)	(39,    3.0, 1331.0)	(39,   31.0, 1362.0)	(39,   47.0, 1497.0)	(39,   22.0, 1608.0)	(39,   15.0, 1632.0)	(39,   53.0, 1735.0)	(39,   34.0, 1803.0)	(39,   35.0, 1884.0)	pi= 365.0	di=2188.0	wi=   0.6	Pal=   0.0	profit=365.000000
(3,   63.0, 1064.0)	(3,   13.0, 1224.0)	(3,    8.0, 1339.0)	(3,   34.0, 1396.0)	(3,   32.0, 1529.0)	(3,   43.0, 1651.0)	(3,   63.0, 1714.0)	(3,   89.0, 1824.0)	(3,   83.0, 1907.0)	(3,   47.0, 1954.0)	pi= 168.0	di=3749.0	wi=   1.3	Pal=   0.0	profit=168.000000
(77,   25.0, 1089.0)	(77,   71.0, 1295.0)	(77,   17.0, 1356.0)	(77,   24.0, 1420.0)	(77,   30.0, 1559.0)	(77,   99.0, 1750.0)	(77,   71.0, 1821.0)	(77,   49.0, 1873.0)	(77,   98.0, 2005.0)	(77,   47.0, 2052.0)	pi= 475.0	di=2673.0	wi=   1.4	Pal=   0.0	profit=475.000000
(47,   36.0, 1125.0)	(47,   13.0, 1308.0)	(47,   98.0, 1454.0)	(47,   83.0, 1537.0)	(47,  100.0, 1659.0)	(47,    9.0, 1759.0)	(47,   16.0, 1837.0)	(47,   89.0, 1962.0)	(47,   31.0, 2036.0)	(47,   69.0, 2121.0)	pi= 314.0	di=2530.0	wi=   1.1	Pal=   0.0	profit=314.000000
(35,   77.0, 1202.0)	(35,   41.0, 1349.0)	(35,   32.0, 1486.0)	(35,   92.0, 1629.0)	(35,   12.0, 1671.0)	(35,   21.0, 1780.0)	(35,   38.0, 1875.0)	(35,   31.0, 1993.0)	(35,   38.0, 2074.0)	(35,   57.0, 2178.0)	pi=  88.0	di=4349.0	wi=   1.4	Pal=   0.0	profit=88.000000
(25,   23.0, 1225.0)	(25,   13.0, 1362.0)	(25,   99.0, 1585.0)	(25,   20.0, 1649.0)	(25,   24.0, 1695.0)	(25,   39.0, 1819.0)	(25,   59.0, 1934.0)	(25,   11.0, 2004.0)	(25,   61.0, 2135.0)	(25,   27.0, 2205.0)	pi= 181.0	di=2308.0	wi=   1.3	Pal=   0.0	profit=181.000000
(64,   32.0, 1257.0)	(64,   51.0, 1413.0)	(64,   33.0, 1618.0)	(64,   26.0, 1675.0)	(64,    5.0, 1700.0)	(64,   18.0, 1837.0)	(64,   12.0, 1946.0)	(64,   31.0, 2035.0)	(64,   38.0, 2173.0)	(64,   76.0, 2281.0)	pi= 196.0	di=2418.0	wi=   0.8	Pal=   0.0	profit=196.000000
(93,   85.0, 1342.0)	(93,   12.0, 1425.0)	(93,   13.0, 1631.0)	(93,   25.0, 1700.0)	(93,   99.0, 1799.0)	(93,   41.0, 1878.0)	(93,   14.0, 1960.0)	(93,   84.0, 2119.0)	(93,   72.0, 2245.0)	(93,   81.0, 2362.0)	pi= 100.0	di=4130.0	wi=   1.1	Pal=   0.0	profit=100.000000
(58,   63.0, 1405.0)	(58,   56.0, 1481.0)	(58,   89.0, 1720.0)	(58,   68.0, 1788.0)	(58,   27.0, 1826.0)	(58,   21.0, 1899.0)	(58,   76.0, 2036.0)	(58,   86.0, 2205.0)	(58,   41.0, 2286.0)	(58,   57.0, 2419.0)	pi= 273.0	di=2522.0	wi=   0.7	Pal=   0.0	profit=273.000000
(15,    9.0, 1414.0)	(15,   89.0, 1570.0)	(15,   66.0, 1786.0)	(15,   42.0, 1830.0)	(15,   95.0, 1925.0)	(15,   28.0, 1953.0)	(15,   77.0, 2113.0)	(15,   50.0, 2255.0)	(15,   28.0, 2314.0)	(15,    5.0, 2424.0)	pi= 458.0	di=2474.0	wi=   0.5	Pal=   0.0	profit=458.000000
(78,   32.0, 1446.0)	(78,   75.0, 1645.0)	(78,   19.0, 1805.0)	(78,   26.0, 1856.0)	(78,   61.0, 1986.0)	(78,   92.0, 2078.0)	(78,   45.0, 2158.0)	(78,   52.0, 2307.0)	(78,   68.0, 2382.0)	(78,   52.0, 2476.0)	pi= 154.0	di=2946.0	wi=   0.9	Pal=   0.0	profit=154.000000
(10,  100.0, 1546.0)	(10,   83.0, 1728.0)	(10,   61.0, 1866.0)	(10,   99.0, 1965.0)	(10,   70.0, 2056.0)	(10,   60.0, 2138.0)	(10,   50.0, 2208.0)	(10,   27.0, 2334.0)	(10,   25.0, 2407.0)	(10,   68.0, 2544.0)	pi= 224.0	di=2634.0	wi=   0.5	Pal=   0.0	profit=224.000000
(6,   30.0, 1576.0)	(6,   95.0, 1823.0)	(6,   65.0, 1931.0)	(6,   34.0, 1999.0)	(6,   25.0, 2081.0)	(6,   94.0, 2232.0)	(6,   91.0, 2323.0)	(6,   62.0, 2396.0)	(6,   97.0, 2504.0)	(6,   82.0, 2626.0)	pi= 461.0	di=2817.0	wi=   1.2	Pal=   0.0	profit=461.000000
(84,   88.0, 1664.0)	(84,   86.0, 1909.0)	(84,   59.0, 1990.0)	(84,   70.0, 2069.0)	(84,    3.0, 2084.0)	(84,   83.0, 2315.0)	(84,    6.0, 2329.0)	(84,   93.0, 2489.0)	(84,   85.0, 2589.0)	(84,   42.0, 2668.0)	pi= 216.0	di=3088.0	wi=   1.1	Pal=   0.0	profit=216.000000
(11,   99.0, 1763.0)	(11,   74.0, 1983.0)	(11,   85.0, 2075.0)	(11,   72.0, 2147.0)	(11,    8.0, 2155.0)	(11,   89.0, 2404.0)	(11,   71.0, 2475.0)	(11,   24.0, 2513.0)	(11,   90.0, 2679.0)	(11,   93.0, 2772.0)	pi= 201.0	di=3147.0	wi=   0.6	Pal=   0.0	profit=201.000000
(24,   58.0, 1821.0)	(24,   15.0, 1998.0)	(24,   42.0, 2117.0)	(24,   19.0, 2166.0)	(24,   86.0, 2252.0)	(24,   43.0, 2447.0)	(24,    1.0, 2476.0)	(24,   87.0, 2600.0)	(24,   54.0, 2733.0)	(24,   11.0, 2783.0)	pi= 112.0	di=3122.0	wi=   0.9	Pal=   0.0	profit=112.000000
(82,   37.0, 1858.0)	(82,   67.0, 2065.0)	(82,   99.0, 2216.0)	(82,   73.0, 2289.0)	(82,   88.0, 2377.0)	(82,   49.0, 2496.0)	(82,   43.0, 2539.0)	(82,   88.0, 2688.0)	(82,   43.0, 2776.0)	(82,   45.0, 2828.0)	pi= 215.0	di=2843.0	wi=   0.9	Pal=   0.0	profit=215.000000
(81,   82.0, 1940.0)	(81,   98.0, 2163.0)	(81,    0.0, 2216.0)	(81,   35.0, 2324.0)	(81,   87.0, 2464.0)	(81,   62.0, 2558.0)	(81,   97.0, 2655.0)	(81,    8.0, 2696.0)	(81,   88.0, 2864.0)	(81,   57.0, 2921.0)	pi= 105.0	di=3080.0	wi=   0.5	Pal=   0.0	profit=105.000000
(30,   33.0, 1973.0)	(30,   87.0, 2250.0)	(30,   53.0, 2303.0)	(30,   75.0, 2399.0)	(30,   97.0, 2561.0)	(30,   69.0, 2630.0)	(30,    6.0, 2661.0)	(30,   78.0, 2774.0)	(30,   11.0, 2875.0)	(30,    4.0, 2925.0)	pi= 192.0	di=3116.0	wi=   0.6	Pal=   0.0	profit=192.000000
(46,   29.0, 2002.0)	(46,   59.0, 2309.0)	(46,   50.0, 2359.0)	(46,   54.0, 2453.0)	(46,    6.0, 2567.0)	(46,   22.0, 2652.0)	(46,   11.0, 2672.0)	(46,    0.0, 2774.0)	(46,   11.0, 2886.0)	(46,   54.0, 2979.0)	pi= 230.0	di=4257.0	wi=   1.3	Pal=   0.0	profit=230.000000
(9,   86.0, 2088.0)	(9,   21.0, 2330.0)	(9,   53.0, 2412.0)	(9,   16.0, 2469.0)	(9,   64.0, 2631.0)	(9,   26.0, 2678.0)	(9,   33.0, 2711.0)	(9,   65.0, 2839.0)	(9,   58.0, 2944.0)	(9,   23.0, 3002.0)	pi= 237.0	di=3318.0	wi=   1.2	Pal=   0.0	profit=237.000000
(52,   75.0, 2163.0)	(52,   60.0, 2390.0)	(52,   94.0, 2506.0)	(52,   20.0, 2526.0)	(52,   25.0, 2656.0)	(52,   98.0, 2776.0)	(52,   29.0, 2805.0)	(52,   91.0, 2930.0)	(52,   70.0, 3014.0)	(52,   96.0, 3110.0)	pi= 137.0	di=3192.0	wi=   0.6	Pal=   0.0	profit=137.000000
(13,   41.0, 2204.0)	(13,   31.0, 2421.0)	(13,   84.0, 2590.0)	(13,   81.0, 2671.0)	(13,   11.0, 2682.0)	(13,   44.0, 2820.0)	(13,   34.0, 2854.0)	(13,   54.0, 2984.0)	(13,   23.0, 3037.0)	(13,   97.0, 3207.0)	pi= 164.0	di=3833.0	wi=   1.2	Pal=   0.0	profit=164.000000
(68,   44.0, 2248.0)	(68,   53.0, 2474.0)	(68,   84.0, 2674.0)	(68,   29.0, 2703.0)	(68,   90.0, 2793.0)	(68,   31.0, 2851.0)	(68,   49.0, 2903.0)	(68,   94.0, 3078.0)	(68,   43.0, 3121.0)	(68,   60.0, 3267.0)	pi= 218.0	di=3284.0	wi=   0.6	Pal=   0.0	profit=218.000000
(38,   37.0, 2285.0)	(38,   39.0, 2513.0)	(38,   25.0, 2699.0)	(38,   97.0, 2800.0)	(38,   20.0, 2820.0)	(38,   16.0, 2867.0)	(38,   41.0, 2944.0)	(38,   37.0, 3115.0)	(38,   63.0, 3184.0)	(38,   13.0, 3280.0)	pi= 214.0	di=4492.0	wi=   1.5	Pal=   0.0	profit=214.000000
(17,   25.0, 2310.0)	(17,   54.0, 2567.0)	(17,   34.0, 2733.0)	(17,    9.0, 2809.0)	(17,   48.0, 2868.0)	(17,   71.0, 2939.0)	(17,   63.0, 3007.0)	(17,   22.0, 3137.0)	(17,   28.0, 3212.0)	(17,   35.0, 3315.0)	pi= 175.0	di=3383.0	wi=   0.8	Pal=   0.0	profit=175.000000
(29,   21.0, 2331.0)	(29,   45.0, 2612.0)	(29,   62.0, 2795.0)	(29,   37.0, 2846.0)	(29,    8.0, 2876.0)	(29,   22.0, 2961.0)	(29,    9.0, 3016.0)	(29,   82.0, 3219.0)	(29,   48.0, 3267.0)	(29,   89.0, 3404.0)	pi= 283.0	di=4233.0	wi=   0.8	Pal=   0.0	profit=283.000000
(80,   18.0, 2349.0)	(80,   75.0, 2687.0)	(80,   40.0, 2835.0)	(80,   14.0, 2860.0)	(80,  100.0, 2976.0)	(80,    7.0, 2983.0)	(80,   76.0, 3092.0)	(80,   11.0, 3230.0)	(80,   97.0, 3364.0)	(80,   83.0, 3487.0)	pi= 123.0	di=4237.0	wi=   0.6	Pal=   0.0	profit=123.000000
(87,   95.0, 2444.0)	(87,   61.0, 2748.0)	(87,   30.0, 2865.0)	(87,   26.0, 2891.0)	(87,   48.0, 3024.0)	(87,   29.0, 3053.0)	(87,   74.0, 3166.0)	(87,   51.0, 3281.0)	(87,    8.0, 3372.0)	(87,   52.0, 3539.0)	pi= 218.0	di=3759.0	wi=   0.9	Pal=   0.0	profit=218.000000
(49,   63.0, 2507.0)	(49,   78.0, 2826.0)	(49,   23.0, 2888.0)	(49,   67.0, 2958.0)	(49,   92.0, 3116.0)	(49,   15.0, 3131.0)	(49,   11.0, 3177.0)	(49,   79.0, 3360.0)	(49,   95.0, 3467.0)	(49,    1.0, 3540.0)	pi= 120.0	di=4684.0	wi=   1.0	Pal=   0.0	profit=120.000000
(51,   40.0, 2547.0)	(51,   50.0, 2876.0)	(51,   69.0, 2957.0)	(51,   22.0, 2980.0)	(51,   18.0, 3134.0)	(51,   42.0, 3176.0)	(51,   38.0, 3215.0)	(51,   97.0, 3457.0)	(51,   95.0, 3562.0)	(51,  100.0, 3662.0)	pi= 361.0	di=3998.0	wi=   0.7	Pal=   0.0	profit=361.000000
(98,   75.0, 2622.0)	(98,   79.0, 2955.0)	(98,   29.0, 2986.0)	(98,   46.0, 3032.0)	(98,   84.0, 3218.0)	(98,   99.0, 3317.0)	(98,   58.0, 3375.0)	(98,   44.0, 3501.0)	(98,    9.0, 3571.0)	(98,   43.0, 3705.0)	pi= 265.0	di=3739.0	wi=   1.1	Pal=   0.0	profit=265.000000
(43,   46.0, 2668.0)	(43,   58.0, 3013.0)	(43,   70.0, 3083.0)	(43,   60.0, 3143.0)	(43,   53.0, 3271.0)	(43,    8.0, 3325.0)	(43,   16.0, 3391.0)	(43,   76.0, 3577.0)	(43,   66.0, 3643.0)	(43,    2.0, 3707.0)	pi= 267.0	di=4388.0	wi=   1.1	Pal=   0.0	profit=267.000000
(65,   81.0, 2749.0)	(65,   84.0, 3097.0)	(65,   64.0, 3161.0)	(65,   73.0, 3234.0)	(65,   87.0, 3358.0)	(65,    2.0, 3360.0)	(65,   97.0, 3488.0)	(65,   18.0, 3595.0)	(65,   11.0, 3654.0)	(65,   84.0, 3791.0)	pi= 440.0	di=4315.0	wi=   1.4	Pal=   0.0	profit=440.000000
(41,   17.0, 2766.0)	(41,   82.0, 3179.0)	(41,   69.0, 3248.0)	(41,   83.0, 3331.0)	(41,   17.0, 3375.0)	(41,   35.0, 3410.0)	(41,   12.0, 3500.0)	(41,   62.0, 3657.0)	(41,  100.0, 3757.0)	(41,   80.0, 3871.0)	pi= 319.0	di=4910.0	wi=   0.7	Pal=   0.0	profit=319.000000
(86,   23.0, 2789.0)	(86,   69.0, 3248.0)	(86,   50.0, 3298.0)	(86,   21.0, 3352.0)	(86,   21.0, 3396.0)	(86,   66.0, 3476.0)	(86,   95.0, 3595.0)	(86,   82.0, 3739.0)	(86,   62.0, 3819.0)	(86,   75.0, 3946.0)	pi= 185.0	di=4870.0	wi=   1.1	Pal=   0.0	profit=185.000000
(8,   13.0, 2802.0)	(8,   38.0, 3286.0)	(8,   85.0, 3383.0)	(8,   27.0, 3410.0)	(8,   76.0, 3486.0)	(8,   86.0, 3572.0)	(8,   96.0, 3691.0)	(8,   75.0, 3814.0)	(8,   71.0, 3890.0)	(8,   47.0, 3993.0)	pi= 244.0	di=4404.0	wi=   0.9	Pal=   0.0	profit=244.000000
(32,   55.0, 2857.0)	(32,   46.0, 3332.0)	(32,   16.0, 3399.0)	(32,    0.0, 3410.0)	(32,   50.0, 3536.0)	(32,   78.0, 3650.0)	(32,   63.0, 3754.0)	(32,   60.0, 3874.0)	(32,   92.0, 3982.0)	(32,   46.0, 4039.0)	pi= 482.0	di=4487.0	wi=   0.7	Pal=   0.0	profit=482.000000
(20,   54.0, 2911.0)	(20,   16.0, 3348.0)	(20,   99.0, 3498.0)	(20,   99.0, 3597.0)	(20,   37.0, 3634.0)	(20,   15.0, 3665.0)	(20,   26.0, 3780.0)	(20,   23.0, 3897.0)	(20,   91.0, 4073.0)	(20,   29.0, 4102.0)	pi= 454.0	di=5201.0	wi=   0.8	Pal=   0.0	profit=454.000000
(74,   96.0, 3007.0)	(74,   19.0, 3367.0)	(74,   58.0, 3556.0)	(74,   42.0, 3639.0)	(74,   67.0, 3706.0)	(74,   95.0, 3801.0)	(74,   52.0, 3853.0)	(74,   57.0, 3954.0)	(74,   60.0, 4133.0)	(74,   99.0, 4232.0)	pi= 389.0	di=4421.0	wi=   0.7	Pal=   0.0	profit=389.000000
(37,   25.0, 3032.0)	(37,   96.0, 3463.0)	(37,   90.0, 3646.0)	(37,    9.0, 3655.0)	(37,   21.0, 3727.0)	(37,  100.0, 3901.0)	(37,    9.0, 3910.0)	(37,   51.0, 4005.0)	(37,   43.0, 4176.0)	(37,   61.0, 4293.0)	pi=  33.0	di=5018.0	wi=   1.3	Pal=   0.0	profit=33.000000
(60,    3.0, 3035.0)	(60,   35.0, 3498.0)	(60,   89.0, 3735.0)	(60,   33.0, 3768.0)	(60,   79.0, 3847.0)	(60,   88.0, 3989.0)	(60,   35.0, 4024.0)	(60,   86.0, 4110.0)	(60,   58.0, 4234.0)	(60,    4.0, 4297.0)	pi= 482.0	di=4514.0	wi=   0.7	Pal=   0.0	profit=482.000000
(56,    9.0, 3044.0)	(56,   17.0, 3515.0)	(56,    5.0, 3740.0)	(56,   10.0, 3778.0)	(56,   38.0, 3885.0)	(56,   12.0, 4001.0)	(56,    4.0, 4028.0)	(56,   69.0, 4179.0)	(56,   47.0, 4281.0)	(56,   67.0, 4364.0)	pi= 353.0	di=4782.0	wi=   0.9	Pal=   0.0	profit=353.000000
(4,   75.0, 3119.0)	(4,   98.0, 3613.0)	(4,   50.0, 3790.0)	(4,   71.0, 3861.0)	(4,   10.0, 3895.0)	(4,   25.0, 4026.0)	(4,   15.0, 4043.0)	(4,   89.0, 4268.0)	(4,   43.0, 4324.0)	(4,    0.0, 4364.0)	pi= 164.0	di=4435.0	wi=   0.8	Pal=   0.0	profit=164.000000
(23,   15.0, 3134.0)	(23,   60.0, 3673.0)	(23,   15.0, 3805.0)	(23,   18.0, 3879.0)	(23,   50.0, 3945.0)	(23,   32.0, 4058.0)	(23,  100.0, 4158.0)	(23,   61.0, 4329.0)	(23,   28.0, 4357.0)	(23,   85.0, 4449.0)	pi= 340.0	di=4486.0	wi=   1.0	Pal=   0.0	profit=340.000000
(66,   72.0, 3206.0)	(66,   62.0, 3735.0)	(66,   77.0, 3882.0)	(66,   96.0, 3978.0)	(66,   49.0, 4027.0)	(66,    8.0, 4066.0)	(66,   68.0, 4226.0)	(66,   11.0, 4340.0)	(66,   43.0, 4400.0)	(66,   29.0, 4478.0)	pi= 281.0	di=4915.0	wi=   1.4	Pal=   0.0	profit=281.000000
(50,   34.0, 3240.0)	(50,   70.0, 3805.0)	(50,   12.0, 3894.0)	(50,   37.0, 4015.0)	(50,   65.0, 4092.0)	(50,   56.0, 4148.0)	(50,   73.0, 4299.0)	(50,   71.0, 4411.0)	(50,   20.0, 4431.0)	(50,   38.0, 4516.0)	pi= 232.0	di=4904.0	wi=   0.7	Pal=   0.0	profit=232.000000
(12,   23.0, 3263.0)	(12,   65.0, 3870.0)	(12,   24.0, 3918.0)	(12,   93.0, 4108.0)	(12,    4.0, 4112.0)	(12,   86.0, 4234.0)	(12,   25.0, 4324.0)	(12,   21.0, 4432.0)	(12,   60.0, 4492.0)	(12,   88.0, 4604.0)	pi= 307.0	di=4789.0	wi=   0.6	Pal=   0.0	profit=307.000000
(18,   71.0, 3334.0)	(18,   56.0, 3926.0)	(18,   86.0, 4012.0)	(18,    0.0, 4108.0)	(18,    9.0, 4121.0)	(18,   68.0, 4302.0)	(18,   58.0, 4382.0)	(18,   77.0, 4509.0)	(18,   53.0, 4562.0)	(18,   86.0, 4690.0)	pi= 176.0	di=4771.0	wi=   0.7	Pal=   0.0	profit=176.000000
(16,   77.0, 3411.0)	(16,   79.0, 4005.0)	(16,   11.0, 4023.0)	(16,   94.0, 4202.0)	(16,   50.0, 4252.0)	(16,   94.0, 4396.0)	(16,   27.0, 4423.0)	(16,   69.0, 4578.0)	(16,   51.0, 4629.0)	(16,   30.0, 4720.0)	pi= 178.0	di=4889.0	wi=   1.2	Pal=   0.0	profit=178.000000
(67,   79.0, 3490.0)	(67,    8.0, 4013.0)	(67,   27.0, 4050.0)	(67,   72.0, 4274.0)	(67,   20.0, 4294.0)	(67,   32.0, 4428.0)	(67,   69.0, 4497.0)	(67,   55.0, 4633.0)	(67,    8.0, 4641.0)	(67,   52.0, 4772.0)	pi= 294.0	di=5463.0	wi=   1.2	Pal=   0.0	profit=294.000000
(59,   12.0, 3502.0)	(59,   29.0, 4042.0)	(59,   99.0, 4149.0)	(59,   65.0, 4339.0)	(59,   85.0, 4424.0)	(59,   14.0, 4442.0)	(59,   80.0, 4577.0)	(59,    4.0, 4637.0)	(59,   70.0, 4711.0)	(59,   79.0, 4851.0)	pi=  63.0	di=4902.0	wi=   1.1	Pal=   0.0	profit=63.000000
(22,    5.0, 3507.0)	(22,   99.0, 4141.0)	(22,   59.0, 4208.0)	(22,   46.0, 4385.0)	(22,   55.0, 4479.0)	(22,   27.0, 4506.0)	(22,   35.0, 4612.0)	(22,   26.0, 4663.0)	(22,   94.0, 4805.0)	(22,   77.0, 4928.0)	pi= 279.0	di=4929.0	wi=   0.6	Pal=   0.0	profit=279.000000
(19,   70.0, 3577.0)	(19,   16.0, 4157.0)	(19,   92.0, 4300.0)	(19,   34.0, 4419.0)	(19,    8.0, 4487.0)	(19,   20.0, 4526.0)	(19,   92.0, 4704.0)	(19,   67.0, 4771.0)	(19,   95.0, 4900.0)	(19,   34.0, 4962.0)	pi= 330.0	di=5029.0	wi=   1.0	Pal=   0.0	profit=330.000000
(21,    0.0, 3577.0)	(21,   40.0, 4197.0)	(21,   61.0, 4361.0)	(21,   39.0, 4458.0)	(21,   63.0, 4550.0)	(21,   18.0, 4568.0)	(21,    7.0, 4711.0)	(21,    9.0, 4780.0)	(21,   37.0, 4937.0)	(21,   87.0, 5049.0)	pi= 363.0	di=5223.0	wi=   0.5	Pal=   0.0	profit=363.000000
(0,   96.0, 3673.0)	(0,   24.0, 4221.0)	(0,   41.0, 4402.0)	(0,   65.0, 4523.0)	(0,   76.0, 4626.0)	(0,   41.0, 4667.0)	(0,   60.0, 4771.0)	(0,   80.0, 4860.0)	(0,   83.0, 5020.0)	(0,   65.0, 5114.0)	pi=  14.0	di=5170.0	wi=   1.1	Pal=   0.0	profit=14.000000
(63,   39.0, 3712.0)	(63,    9.0, 4230.0)	(63,   97.0, 4499.0)	(63,   96.0, 4619.0)	(63,    1.0, 4627.0)	(63,   74.0, 4741.0)	(63,   50.0, 4821.0)	(63,   11.0, 4871.0)	(63,   85.0, 5105.0)	(63,   58.0, 5172.0)	pi= 138.0	di=5178.0	wi=   0.9	Pal=   0.0	profit=138.000000
(48,   92.0, 3804.0)	(48,   77.0, 4307.0)	(48,   27.0, 4526.0)	(48,   92.0, 4711.0)	(48,   86.0, 4797.0)	(48,   94.0, 4891.0)	(48,   94.0, 4985.0)	(48,   98.0, 5083.0)	(48,   94.0, 5199.0)	(48,   67.0, 5266.0)	pi= 499.0	di=5476.0	wi=   1.1	Pal=   0.0	profit=499.000000
max Profit=21046.000000 
