Order ID	Pi	di	wi	accepted	devery	delayed	Profit
0	 340.0	4013.0	   1.4	1	3760.0	0	340.000000
1	 184.0	3482.0	   0.8	1	3420.0	0	184.000000
2	 286.0	3819.0	   1.2	1	3345.0	0	286.000000
3	  65.0	2510.0	   0.6	1	2050.0	0	65.000000
4	 347.0	3121.0	   1.4	1	2942.0	0	347.000000
5	 425.0	3334.0	   1.3	1	3250.0	0	425.000000
6	 486.0	 910.0	   1.4	1	 879.0	0	486.000000
7	 200.0	4006.0	   1.2	1	3680.0	0	200.000000
8	 273.0	1817.0	   0.5	1	1771.0	0	273.000000
9	 239.0	3825.0	   1.5	1	3520.0	0	239.000000
10	 458.0	2718.0	   1.2	1	2605.0	0	458.000000
11	 216.0	 230.0	   0.7	0
12	 251.0	2840.0	   1.3	1	2836.0	0	251.000000
13	 446.0	3318.0	   1.2	1	3314.0	0	446.000000
14	 474.0	2229.0	   0.9	1	2130.0	0	474.000000
15	  53.0	 545.0	   0.7	0
16	 491.0	2288.0	   1.4	1	2196.0	0	491.000000
17	 297.0	 842.0	   1.0	1	 513.0	0	297.000000
18	 397.0	1118.0	   1.1	1	1030.0	0	397.000000
19	 157.0	 971.0	   0.8	0
20	 412.0	1454.0	   0.7	1	1124.0	0	412.000000
21	  40.0	 557.0	   0.5	0
22	 267.0	1098.0	   1.1	1	 804.0	0	267.000000
23	 187.0	1971.0	   1.1	0
24	 258.0	 831.0	   0.8	0
25	 275.0	3054.0	   1.3	1	2426.0	0	275.000000
26	  55.0	 303.0	   1.2	0
27	 162.0	1688.0	   0.6	1	1415.0	0	162.000000
28	 379.0	1918.0	   1.0	1	1738.0	0	379.000000
29	 452.0	 366.0	   1.3	1	 351.0	0	452.000000
30	 391.0	 740.0	   0.6	1	 286.0	0	391.000000
31	  42.0	3135.0	   0.9	0
32	  94.0	3308.0	   0.7	1	2656.0	0	94.000000
33	 140.0	1859.0	   1.3	1	1688.0	0	140.000000
34	 292.0	1985.0	   0.7	1	1682.0	0	292.000000
35	 448.0	1712.0	   1.2	1	1706.0	0	448.000000
36	 309.0	 189.0	   1.1	1	 153.0	0	309.000000
37	 401.0	 741.0	   1.4	1	 677.0	0	401.000000
38	 208.0	3635.0	   1.0	1	3559.0	0	208.000000
39	  39.0	3932.0	   1.4	1	3832.0	0	39.000000
40	 311.0	2591.0	   1.4	1	2111.0	0	311.000000
41	 403.0	3120.0	   0.8	1	3108.0	0	403.000000
42	 426.0	4037.0	   0.7	1	3954.0	0	426.000000
43	 257.0	2539.0	   1.3	1	2382.0	0	257.000000
44	 412.0	3236.0	   0.8	1	2424.0	0	412.000000
45	 112.0	 521.0	   1.1	1	 419.0	0	112.000000
46	 119.0	1339.0	   1.2	0
47	 434.0	  72.0	   1.3	0
48	 363.0	 948.0	   1.1	1	 902.0	0	363.000000
49	 183.0	3654.0	   1.5	1	2265.0	0	183.000000
50	 102.0	 864.0	   0.7	0
51	 494.0	1960.0	   1.5	1	1324.0	0	494.000000
52	 209.0	2247.0	   1.0	1	2139.0	0	209.000000
53	 408.0	1884.0	   1.5	1	1840.0	0	408.000000
54	  86.0	1886.0	   0.5	1	1359.0	0	86.000000
55	 235.0	1157.0	   1.4	1	 975.0	0	235.000000
56	   9.0	4100.0	   0.8	0
57	 326.0	3255.0	   0.6	1	2775.0	0	326.000000
58	 467.0	 769.0	   1.0	1	 715.0	0	467.000000
59	 425.0	3118.0	   0.8	1	3025.0	0	425.000000
60	  95.0	4022.0	   0.8	1	3984.0	0	95.000000
61	 362.0	3056.0	   0.8	1	2226.0	0	362.000000
62	 469.0	  35.0	   1.0	0
63	 191.0	1889.0	   0.9	1	1556.0	0	191.000000
64	 285.0	3444.0	   1.0	1	3367.0	0	285.000000
65	  93.0	2809.0	   0.7	0
66	 161.0	2633.0	   0.6	1	1795.0	0	161.000000
67	 446.0	1427.0	   1.0	1	1151.0	0	446.000000
68	 226.0	1093.0	   1.3	1	 198.0	0	226.000000
69	  16.0	1833.0	   0.7	0
70	 170.0	1585.0	   0.9	1	1483.0	0	170.000000
71	 330.0	1173.0	   1.2	1	 587.0	0	330.000000
72	 293.0	4101.0	   0.8	1	4117.0	1	280.200000
73	 409.0	 867.0	   1.2	1	 734.0	0	409.000000
74	 119.0	1950.0	   1.5	0
75	 404.0	2900.0	   0.7	1	1900.0	0	404.000000
76	 207.0	  30.0	   1.3	1	  83.0	1	138.100000
77	 161.0	1686.0	   1.3	1	 747.0	0	161.000000
78	  94.0	2889.0	   1.2	1	2877.0	0	94.000000
79	  73.0	3194.0	   0.6	1	3155.0	0	73.000000
80	 301.0	4044.0	   0.9	1	3881.0	0	301.000000
81	 171.0	1031.0	   1.4	0
82	 189.0	1495.0	   1.0	1	1241.0	0	189.000000
83	 488.0	3858.0	   0.7	1	3581.0	0	488.000000
84	 102.0	 825.0	   1.5	0
85	 176.0	3948.0	   1.1	1	3765.0	0	176.000000
86	 418.0	3840.0	   1.5	1	3801.0	0	418.000000
87	 397.0	 475.0	   1.0	1	 277.0	0	397.000000
88	 155.0	2575.0	   1.1	1	2537.0	0	155.000000
89	 122.0	1319.0	   0.7	1	1162.0	0	122.000000
90	  55.0	1913.0	   0.6	0
91	 182.0	2046.0	   1.3	1	1600.0	0	182.000000
92	 251.0	1509.0	   1.1	1	 174.0	0	251.000000
93	 432.0	2591.0	   1.2	1	2493.0	0	432.000000
94	 176.0	 776.0	   1.3	1	 321.0	0	176.000000
95	  74.0	 698.0	   1.1	0
96	   1.0	1087.0	   1.3	0
97	 287.0	2578.0	   1.2	1	2561.0	0	287.000000
98	 481.0	1057.0	   1.2	1	 507.0	0	481.000000
99	 274.0	2093.0	   1.2	1	1957.0	0	274.000000
------Order Sequence(ID)-------------------------------
76	76	76	
36	36	36	
92	92	92	
68	68	68	
87	87	87	
30	30	30	
94	94	94	
29	29	29	
45	45	45	
98	98	98	
17	17	17	
71	71	71	
37	37	37	
58	58	58	
73	73	73	
77	77	77	
22	22	22	
6	6	6	
48	48	48	
55	55	55	
18	18	18	
20	20	20	
67	67	67	
89	89	89	
82	82	82	
51	51	51	
54	54	54	
27	27	27	
70	70	70	
63	63	63	
91	91	91	
34	34	34	
33	33	33	
35	35	35	
28	28	28	
8	8	8	
66	66	66	
53	53	53	
75	75	75	
99	99	99	
3	3	3	
40	40	40	
14	14	14	
52	52	52	
16	16	16	
61	61	61	
49	49	49	
43	43	43	
44	44	44	
25	25	25	
93	93	93	
88	88	88	
97	97	97	
10	10	10	
32	32	32	
57	57	57	
12	12	12	
78	78	78	
4	4	4	
59	59	59	
41	41	41	
79	79	79	
5	5	5	
13	13	13	
2	2	2	
64	64	64	
1	1	1	
9	9	9	
38	38	38	
83	83	83	
7	7	7	
0	0	0	
85	85	85	
86	86	86	
39	39	39	
80	80	80	
42	42	42	
60	60	60	
72	72	72	
------Finished time(ID)-------------------------------
(76,    7.0,    7.0)	(76,   42.0,   49.0)	(76,   34.0,   83.0)	pi= 207.0	di=  30.0	wi=   1.3	Pal=  68.9	profit=138.100000
(36,   33.0,   40.0)	(36,    9.0,   58.0)	(36,   70.0,  153.0)	pi= 309.0	di= 189.0	wi=   1.1	Pal=   0.0	profit=309.000000
(92,    0.0,   40.0)	(92,   55.0,  113.0)	(92,   21.0,  174.0)	pi= 251.0	di=1509.0	wi=   1.1	Pal=   0.0	profit=251.000000
(68,   11.0,   51.0)	(68,   18.0,  131.0)	(68,   24.0,  198.0)	pi= 226.0	di=1093.0	wi=   1.3	Pal=   0.0	profit=226.000000
(87,   59.0,  110.0)	(87,   59.0,  190.0)	(87,   79.0,  277.0)	pi= 397.0	di= 475.0	wi=   1.0	Pal=   0.0	profit=397.000000
(30,   45.0,  155.0)	(30,   72.0,  262.0)	(30,    9.0,  286.0)	pi= 391.0	di= 740.0	wi=   0.6	Pal=   0.0	profit=391.000000
(94,    5.0,  160.0)	(94,   41.0,  303.0)	(94,   18.0,  321.0)	pi= 176.0	di= 776.0	wi=   1.3	Pal=   0.0	profit=176.000000
(29,   65.0,  225.0)	(29,   28.0,  331.0)	(29,   20.0,  351.0)	pi= 452.0	di= 366.0	wi=   1.3	Pal=   0.0	profit=452.000000
(45,   41.0,  266.0)	(45,    9.0,  340.0)	(45,   68.0,  419.0)	pi= 112.0	di= 521.0	wi=   1.1	Pal=   0.0	profit=112.000000
(98,   31.0,  297.0)	(98,   12.0,  352.0)	(98,   88.0,  507.0)	pi= 481.0	di=1057.0	wi=   1.2	Pal=   0.0	profit=481.000000
(17,   11.0,  308.0)	(17,   77.0,  429.0)	(17,    6.0,  513.0)	pi= 297.0	di= 842.0	wi=   1.0	Pal=   0.0	profit=297.000000
(71,   39.0,  347.0)	(71,   36.0,  465.0)	(71,   74.0,  587.0)	pi= 330.0	di=1173.0	wi=   1.2	Pal=   0.0	profit=330.000000
(37,   15.0,  362.0)	(37,   66.0,  531.0)	(37,   90.0,  677.0)	pi= 401.0	di= 741.0	wi=   1.4	Pal=   0.0	profit=401.000000
(58,   64.0,  426.0)	(58,   80.0,  611.0)	(58,   38.0,  715.0)	pi= 467.0	di= 769.0	wi=   1.0	Pal=   0.0	profit=467.000000
(73,   75.0,  501.0)	(73,   53.0,  664.0)	(73,   19.0,  734.0)	pi= 409.0	di= 867.0	wi=   1.2	Pal=   0.0	profit=409.000000
(77,   49.0,  550.0)	(77,   37.0,  701.0)	(77,   13.0,  747.0)	pi= 161.0	di=1686.0	wi=   1.3	Pal=   0.0	profit=161.000000
(22,   51.0,  601.0)	(22,   54.0,  755.0)	(22,   49.0,  804.0)	pi= 267.0	di=1098.0	wi=   1.1	Pal=   0.0	profit=267.000000
(6,   47.0,  648.0)	(6,   51.0,  806.0)	(6,   73.0,  879.0)	pi= 486.0	di= 910.0	wi=   1.4	Pal=   0.0	profit=486.000000
(48,   82.0,  730.0)	(48,   27.0,  833.0)	(48,   23.0,  902.0)	pi= 363.0	di= 948.0	wi=   1.1	Pal=   0.0	profit=363.000000
(55,   64.0,  794.0)	(55,   71.0,  904.0)	(55,   71.0,  975.0)	pi= 235.0	di=1157.0	wi=   1.4	Pal=   0.0	profit=235.000000
(18,    9.0,  803.0)	(18,   60.0,  964.0)	(18,   55.0, 1030.0)	pi= 397.0	di=1118.0	wi=   1.1	Pal=   0.0	profit=397.000000
(20,   44.0,  847.0)	(20,   49.0, 1013.0)	(20,   94.0, 1124.0)	pi= 412.0	di=1454.0	wi=   0.7	Pal=   0.0	profit=412.000000
(67,   16.0,  863.0)	(67,   72.0, 1085.0)	(67,   27.0, 1151.0)	pi= 446.0	di=1427.0	wi=   1.0	Pal=   0.0	profit=446.000000
(89,   91.0,  954.0)	(89,   23.0, 1108.0)	(89,   11.0, 1162.0)	pi= 122.0	di=1319.0	wi=   0.7	Pal=   0.0	profit=122.000000
(82,   73.0, 1027.0)	(82,   29.0, 1137.0)	(82,   79.0, 1241.0)	pi= 189.0	di=1495.0	wi=   1.0	Pal=   0.0	profit=189.000000
(51,   53.0, 1080.0)	(51,   98.0, 1235.0)	(51,   83.0, 1324.0)	pi= 494.0	di=1960.0	wi=   1.5	Pal=   0.0	profit=494.000000
(54,   88.0, 1168.0)	(54,   57.0, 1292.0)	(54,   35.0, 1359.0)	pi=  86.0	di=1886.0	wi=   0.5	Pal=   0.0	profit=86.000000
(27,   75.0, 1243.0)	(27,   80.0, 1372.0)	(27,   43.0, 1415.0)	pi= 162.0	di=1688.0	wi=   0.6	Pal=   0.0	profit=162.000000
(70,   34.0, 1277.0)	(70,   30.0, 1402.0)	(70,   68.0, 1483.0)	pi= 170.0	di=1585.0	wi=   0.9	Pal=   0.0	profit=170.000000
(63,   15.0, 1292.0)	(63,   23.0, 1425.0)	(63,   73.0, 1556.0)	pi= 191.0	di=1889.0	wi=   0.9	Pal=   0.0	profit=191.000000
(91,   56.0, 1348.0)	(91,   15.0, 1440.0)	(91,   44.0, 1600.0)	pi= 182.0	di=2046.0	wi=   1.3	Pal=   0.0	profit=182.000000
(34,   82.0, 1430.0)	(34,   51.0, 1491.0)	(34,   82.0, 1682.0)	pi= 292.0	di=1985.0	wi=   0.7	Pal=   0.0	profit=292.000000
(33,   43.0, 1473.0)	(33,   75.0, 1566.0)	(33,    6.0, 1688.0)	pi= 140.0	di=1859.0	wi=   1.3	Pal=   0.0	profit=140.000000
(35,   39.0, 1512.0)	(35,   78.0, 1644.0)	(35,   18.0, 1706.0)	pi= 448.0	di=1712.0	wi=   1.2	Pal=   0.0	profit=448.000000
(28,   73.0, 1585.0)	(28,    5.0, 1649.0)	(28,   32.0, 1738.0)	pi= 379.0	di=1918.0	wi=   1.0	Pal=   0.0	profit=379.000000
(8,   33.0, 1618.0)	(8,   94.0, 1743.0)	(8,   28.0, 1771.0)	pi= 273.0	di=1817.0	wi=   0.5	Pal=   0.0	profit=273.000000
(66,   89.0, 1707.0)	(66,    1.0, 1744.0)	(66,   24.0, 1795.0)	pi= 161.0	di=2633.0	wi=   0.6	Pal=   0.0	profit=161.000000
(53,    4.0, 1711.0)	(53,   30.0, 1774.0)	(53,   45.0, 1840.0)	pi= 408.0	di=1884.0	wi=   1.5	Pal=   0.0	profit=408.000000
(75,   19.0, 1730.0)	(75,   27.0, 1801.0)	(75,   60.0, 1900.0)	pi= 404.0	di=2900.0	wi=   0.7	Pal=   0.0	profit=404.000000
(99,   31.0, 1761.0)	(99,   57.0, 1858.0)	(99,   57.0, 1957.0)	pi= 274.0	di=2093.0	wi=   1.2	Pal=   0.0	profit=274.000000
(3,   10.0, 1771.0)	(3,   62.0, 1920.0)	(3,   93.0, 2050.0)	pi=  65.0	di=2510.0	wi=   0.6	Pal=   0.0	profit=65.000000
(40,   91.0, 1862.0)	(40,   42.0, 1962.0)	(40,   61.0, 2111.0)	pi= 311.0	di=2591.0	wi=   1.4	Pal=   0.0	profit=311.000000
(14,   84.0, 1946.0)	(14,   35.0, 1997.0)	(14,   19.0, 2130.0)	pi= 474.0	di=2229.0	wi=   0.9	Pal=   0.0	profit=474.000000
(52,   25.0, 1971.0)	(52,   79.0, 2076.0)	(52,    9.0, 2139.0)	pi= 209.0	di=2247.0	wi=   1.0	Pal=   0.0	profit=209.000000
(16,   99.0, 2070.0)	(16,   84.0, 2160.0)	(16,   36.0, 2196.0)	pi= 491.0	di=2288.0	wi=   1.4	Pal=   0.0	profit=491.000000
(61,   24.0, 2094.0)	(61,   54.0, 2214.0)	(61,   12.0, 2226.0)	pi= 362.0	di=3056.0	wi=   0.8	Pal=   0.0	profit=362.000000
(49,   25.0, 2119.0)	(49,   40.0, 2254.0)	(49,   11.0, 2265.0)	pi= 183.0	di=3654.0	wi=   1.5	Pal=   0.0	profit=183.000000
(43,   87.0, 2206.0)	(43,   35.0, 2289.0)	(43,   93.0, 2382.0)	pi= 257.0	di=2539.0	wi=   1.3	Pal=   0.0	profit=257.000000
(44,   16.0, 2222.0)	(44,   83.0, 2372.0)	(44,   42.0, 2424.0)	pi= 412.0	di=3236.0	wi=   0.8	Pal=   0.0	profit=412.000000
(25,   32.0, 2254.0)	(25,   10.0, 2382.0)	(25,    2.0, 2426.0)	pi= 275.0	di=3054.0	wi=   1.3	Pal=   0.0	profit=275.000000
(93,   83.0, 2337.0)	(93,   21.0, 2403.0)	(93,   67.0, 2493.0)	pi= 432.0	di=2591.0	wi=   1.2	Pal=   0.0	profit=432.000000
(88,   37.0, 2374.0)	(88,   40.0, 2443.0)	(88,   44.0, 2537.0)	pi= 155.0	di=2575.0	wi=   1.1	Pal=   0.0	profit=155.000000
(97,   52.0, 2426.0)	(97,   96.0, 2539.0)	(97,   22.0, 2561.0)	pi= 287.0	di=2578.0	wi=   1.2	Pal=   0.0	profit=287.000000
(10,   83.0, 2509.0)	(10,   44.0, 2583.0)	(10,   22.0, 2605.0)	pi= 458.0	di=2718.0	wi=   1.2	Pal=   0.0	profit=458.000000
(32,   42.0, 2551.0)	(32,   31.0, 2614.0)	(32,   42.0, 2656.0)	pi=  94.0	di=3308.0	wi=   0.7	Pal=   0.0	profit=94.000000
(57,   21.0, 2572.0)	(57,   92.0, 2706.0)	(57,   69.0, 2775.0)	pi= 326.0	di=3255.0	wi=   0.6	Pal=   0.0	profit=326.000000
(12,   69.0, 2641.0)	(12,   39.0, 2745.0)	(12,   61.0, 2836.0)	pi= 251.0	di=2840.0	wi=   1.3	Pal=   0.0	profit=251.000000
(78,   91.0, 2732.0)	(78,  100.0, 2845.0)	(78,   32.0, 2877.0)	pi=  94.0	di=2889.0	wi=   1.2	Pal=   0.0	profit=94.000000
(4,   45.0, 2777.0)	(4,    5.0, 2850.0)	(4,   65.0, 2942.0)	pi= 347.0	di=3121.0	wi=   1.4	Pal=   0.0	profit=347.000000
(59,   67.0, 2844.0)	(59,   38.0, 2888.0)	(59,   83.0, 3025.0)	pi= 425.0	di=3118.0	wi=   0.8	Pal=   0.0	profit=425.000000
(41,   40.0, 2884.0)	(41,   86.0, 2974.0)	(41,   83.0, 3108.0)	pi= 403.0	di=3120.0	wi=   0.8	Pal=   0.0	profit=403.000000
(79,   60.0, 2944.0)	(79,   26.0, 3000.0)	(79,   47.0, 3155.0)	pi=  73.0	di=3194.0	wi=   0.6	Pal=   0.0	profit=73.000000
(5,   28.0, 2972.0)	(5,   73.0, 3073.0)	(5,   95.0, 3250.0)	pi= 425.0	di=3334.0	wi=   1.3	Pal=   0.0	profit=425.000000
(13,   15.0, 2987.0)	(13,   84.0, 3157.0)	(13,   64.0, 3314.0)	pi= 446.0	di=3318.0	wi=   1.2	Pal=   0.0	profit=446.000000
(2,   35.0, 3022.0)	(2,   12.0, 3169.0)	(2,   31.0, 3345.0)	pi= 286.0	di=3819.0	wi=   1.2	Pal=   0.0	profit=286.000000
(64,   47.0, 3069.0)	(64,   75.0, 3244.0)	(64,   22.0, 3367.0)	pi= 285.0	di=3444.0	wi=   1.0	Pal=   0.0	profit=285.000000
(1,   52.0, 3121.0)	(1,   53.0, 3297.0)	(1,   53.0, 3420.0)	pi= 184.0	di=3482.0	wi=   0.8	Pal=   0.0	profit=184.000000
(9,    1.0, 3122.0)	(9,   30.0, 3327.0)	(9,  100.0, 3520.0)	pi= 239.0	di=3825.0	wi=   1.5	Pal=   0.0	profit=239.000000
(38,   34.0, 3156.0)	(38,   98.0, 3425.0)	(38,   39.0, 3559.0)	pi= 208.0	di=3635.0	wi=   1.0	Pal=   0.0	profit=208.000000
(83,   14.0, 3170.0)	(83,   95.0, 3520.0)	(83,   22.0, 3581.0)	pi= 488.0	di=3858.0	wi=   0.7	Pal=   0.0	profit=488.000000
(7,    3.0, 3173.0)	(7,   72.0, 3592.0)	(7,   88.0, 3680.0)	pi= 200.0	di=4006.0	wi=   1.2	Pal=   0.0	profit=200.000000
(0,   95.0, 3268.0)	(0,   80.0, 3672.0)	(0,   80.0, 3760.0)	pi= 340.0	di=4013.0	wi=   1.4	Pal=   0.0	profit=340.000000
(85,   15.0, 3283.0)	(85,   26.0, 3698.0)	(85,    5.0, 3765.0)	pi= 176.0	di=3948.0	wi=   1.1	Pal=   0.0	profit=176.000000
(86,   57.0, 3340.0)	(86,   24.0, 3722.0)	(86,   36.0, 3801.0)	pi= 418.0	di=3840.0	wi=   1.5	Pal=   0.0	profit=418.000000
(39,  100.0, 3440.0)	(39,   70.0, 3792.0)	(39,   31.0, 3832.0)	pi=  39.0	di=3932.0	wi=   1.4	Pal=   0.0	profit=39.000000
(80,   71.0, 3511.0)	(80,   58.0, 3850.0)	(80,   31.0, 3881.0)	pi= 301.0	di=4044.0	wi=   0.9	Pal=   0.0	profit=301.000000
(42,    0.0, 3511.0)	(42,   36.0, 3886.0)	(42,   68.0, 3954.0)	pi= 426.0	di=4037.0	wi=   0.7	Pal=   0.0	profit=426.000000
(60,   34.0, 3545.0)	(60,   98.0, 3984.0)	(60,    0.0, 3984.0)	pi=  95.0	di=4022.0	wi=   0.8	Pal=   0.0	profit=95.000000
(72,   37.0, 3582.0)	(72,   61.0, 4045.0)	(72,   72.0, 4117.0)	pi= 293.0	di=4101.0	wi=   0.8	Pal=  12.8	profit=280.200000
max Profit=23199.300000 
