Order ID	Pi	di	wi	accepted	devery	delayed	Profit
0	 406.0	4700.0	   1.2	1	4143.0	0	406.000000
1	 202.0	1033.0	   0.8	1	1009.0	0	202.000000
2	 407.0	1450.0	   1.4	1	 142.0	0	407.000000
3	 230.0	2272.0	   1.2	0
4	 239.0	6296.0	   1.3	1	5866.0	0	239.000000
5	 237.0	4583.0	   0.7	1	4380.0	0	237.000000
6	 150.0	1946.0	   1.0	0
7	 165.0	2709.0	   1.1	0
8	 339.0	6420.0	   0.5	1	4389.0	0	339.000000
9	 260.0	1857.0	   1.4	1	 559.0	0	260.000000
10	 217.0	5175.0	   1.1	1	5057.0	0	217.000000
11	  58.0	4468.0	   1.2	0
12	  32.0	7106.0	   1.0	1	6787.0	0	32.000000
13	  49.0	4610.0	   1.0	0
14	 189.0	3190.0	   0.8	0
15	 265.0	4386.0	   0.6	1	4192.0	0	265.000000
16	 375.0	6914.0	   1.3	1	6415.0	0	375.000000
17	 157.0	5972.0	   1.1	1	5756.0	0	157.000000
18	 403.0	4099.0	   0.6	1	3855.0	0	403.000000
19	 258.0	3205.0	   1.0	1	2962.0	0	258.000000
20	 352.0	5012.0	   0.6	1	4650.0	0	352.000000
21	 360.0	6308.0	   1.3	1	6118.0	0	360.000000
22	 465.0	7045.0	   1.4	1	6971.0	0	465.000000
23	 315.0	5566.0	   0.5	1	5042.0	0	315.000000
24	  91.0	2343.0	   0.8	1	 968.0	0	91.000000
25	 143.0	3425.0	   1.4	1	3361.0	0	143.000000
26	 105.0	5392.0	   1.1	1	5279.0	0	105.000000
27	   9.0	4708.0	   1.2	0
28	  55.0	5744.0	   1.2	0
29	 310.0	1174.0	   1.0	1	1085.0	0	310.000000
30	 417.0	1463.0	   1.4	1	1184.0	0	417.000000
31	 221.0	7995.0	   0.8	1	7207.0	0	221.000000
32	 350.0	4028.0	   1.4	1	3873.0	0	350.000000
33	  91.0	4422.0	   1.5	0
34	 287.0	3859.0	   0.7	1	3664.0	0	287.000000
35	 179.0	7677.0	   0.8	1	7468.0	0	179.000000
36	  93.0	3911.0	   0.8	0
37	 356.0	5270.0	   0.6	1	4932.0	0	356.000000
38	  55.0	7121.0	   0.8	1	6894.0	0	55.000000
39	 246.0	2227.0	   0.7	1	2202.0	0	246.000000
40	 500.0	4591.0	   1.1	1	4032.0	0	500.000000
41	 279.0	2269.0	   1.2	1	2084.0	0	279.000000
42	 196.0	6767.0	   0.6	1	5059.0	0	196.000000
43	 434.0	5439.0	   1.0	1	4855.0	0	434.000000
44	 118.0	7056.0	   0.7	1	6644.0	0	118.000000
45	  86.0	 126.0	   1.0	0
46	  85.0	 252.0	   0.7	0
47	 403.0	1039.0	   0.7	1	 905.0	0	403.000000
48	 378.0	2527.0	   0.9	1	2447.0	0	378.000000
49	 227.0	7040.0	   1.1	1	6581.0	0	227.000000
50	 133.0	2294.0	   1.3	0
51	 402.0	1412.0	   1.1	1	1354.0	0	402.000000
52	 386.0	3334.0	   0.6	1	3059.0	0	386.000000
53	  90.0	1767.0	   1.2	0
54	 333.0	 508.0	   0.5	1	 502.0	0	333.000000
55	 404.0	4157.0	   1.4	1	2710.0	0	404.000000
56	 125.0	3194.0	   1.4	0
57	 111.0	2360.0	   0.8	0
58	  38.0	2800.0	   0.8	0
59	 413.0	5107.0	   1.2	1	3278.0	0	413.000000
60	 490.0	4022.0	   1.2	1	2858.0	0	490.000000
61	 397.0	3664.0	   0.6	1	3330.0	0	397.000000
62	 483.0	4048.0	   1.0	1	3891.0	0	483.000000
63	 176.0	 918.0	   0.8	0
64	 324.0	4431.0	   1.3	1	3654.0	0	324.000000
65	 218.0	5728.0	   0.6	1	3142.0	0	218.000000
66	 385.0	7132.0	   1.4	1	6234.0	0	385.000000
67	 289.0	 448.0	   0.9	1	 372.0	0	289.000000
68	 391.0	5046.0	   1.2	1	4488.0	0	391.000000
69	 471.0	6813.0	   1.3	1	6547.0	0	471.000000
70	 134.0	7847.0	   0.6	1	7707.0	0	134.000000
71	 431.0	2654.0	   1.1	1	2032.0	0	431.000000
72	 436.0	7802.0	   1.5	1	7057.0	0	436.000000
73	 485.0	2751.0	   1.1	1	2597.0	0	485.000000
74	 395.0	4943.0	   0.7	1	4801.0	0	395.000000
75	 202.0	1215.0	   1.0	0
76	 272.0	6937.0	   1.4	1	6871.0	0	272.000000
77	 273.0	5737.0	   1.3	1	5629.0	0	273.000000
78	 161.0	2237.0	   0.7	1	2233.0	0	161.000000
79	 311.0	6402.0	   1.2	1	6364.0	0	311.000000
80	  59.0	6263.0	   0.6	1	3249.0	0	59.000000
81	  85.0	1311.0	   1.1	0
82	  50.0	6644.0	   1.0	1	6470.0	0	50.000000
83	  94.0	5019.0	   1.2	1	4713.0	0	94.000000
84	 197.0	3012.0	   1.1	1	1437.0	0	197.000000
85	 383.0	4211.0	   1.3	1	3932.0	0	383.000000
86	 396.0	5465.0	   1.2	1	4962.0	0	396.000000
87	  88.0	4732.0	   1.3	0
88	 499.0	5656.0	   0.6	1	5475.0	0	499.000000
89	  83.0	 654.0	   1.4	0
90	 435.0	 578.0	   1.2	1	 570.0	0	435.000000
91	 163.0	1596.0	   1.3	0
92	  86.0	1382.0	   1.4	0
93	 187.0	3320.0	   1.4	1	1875.0	0	187.000000
94	 119.0	 880.0	   1.4	0
95	 426.0	 712.0	   1.3	1	 702.0	0	426.000000
96	 146.0	6228.0	   1.0	1	5806.0	0	146.000000
97	 154.0	6607.0	   1.0	1	6283.0	0	154.000000
98	 379.0	1417.0	   0.9	1	1054.0	0	379.000000
99	 401.0	2627.0	   1.2	1	2604.0	0	401.000000
100	   5.0	6975.0	   1.2	0
101	 126.0	2829.0	   1.3	1	1927.0	0	126.000000
102	 355.0	6347.0	   1.1	1	5570.0	0	355.000000
103	 205.0	3388.0	   1.1	1	3199.0	0	205.000000
104	 170.0	1571.0	   1.4	0
105	 361.0	2715.0	   0.9	1	2558.0	0	361.000000
106	 416.0	1189.0	   1.4	1	1187.0	0	416.000000
107	 209.0	2886.0	   1.2	1	2828.0	0	209.000000
108	 262.0	4601.0	   0.8	1	3724.0	0	262.000000
109	 500.0	7692.0	   0.9	1	7388.0	0	500.000000
110	 496.0	5283.0	   1.3	1	4674.0	0	496.000000
111	 417.0	3793.0	   1.5	1	2347.0	0	417.000000
112	  26.0	3190.0	   0.8	0
113	 497.0	 308.0	   1.1	1	 278.0	0	497.000000
114	  58.0	3327.0	   0.8	0
115	  60.0	3913.0	   0.6	0
116	 321.0	 426.0	   0.6	0
117	 352.0	6873.0	   1.1	1	5899.0	0	352.000000
118	 225.0	1716.0	   0.6	0
119	 110.0	5281.0	   0.6	1	4111.0	0	110.000000
120	 275.0	 501.0	   0.8	1	 478.0	0	275.000000
121	 488.0	3487.0	   1.4	1	3414.0	0	488.000000
122	 376.0	 341.0	   1.4	1	 311.0	0	376.000000
123	 237.0	1804.0	   0.6	1	1525.0	0	237.000000
124	  26.0	7078.0	   0.5	1	7020.0	0	26.000000
125	 392.0	6506.0	   0.8	1	6284.0	0	392.000000
126	 256.0	2576.0	   0.8	1	2520.0	0	256.000000
127	 405.0	1586.0	   1.4	1	1566.0	0	405.000000
128	 210.0	3843.0	   0.9	1	3226.0	0	210.000000
129	 363.0	3847.0	   1.0	1	3575.0	0	363.000000
130	 397.0	1718.0	   1.1	1	1623.0	0	397.000000
131	 124.0	4739.0	   1.5	0
132	 138.0	5181.0	   1.0	1	5068.0	0	138.000000
133	   3.0	2566.0	   1.1	0
134	 390.0	1002.0	   0.7	1	 686.0	0	390.000000
135	  70.0	1006.0	   0.7	0
136	 304.0	6525.0	   0.7	1	6277.0	0	304.000000
137	 281.0	4907.0	   0.6	1	4584.0	0	281.000000
138	 316.0	5449.0	   1.1	1	5367.0	0	316.000000
139	  67.0	6422.0	   1.1	1	5408.0	0	67.000000
140	 185.0	4307.0	   0.9	1	2960.0	0	185.000000
141	 300.0	7871.0	   1.2	1	7315.0	0	300.000000
142	 376.0	1685.0	   0.9	1	 683.0	0	376.000000
143	 163.0	6510.0	   1.5	1	6035.0	0	163.000000
144	 463.0	5289.0	   1.4	1	4361.0	0	463.000000
145	 122.0	2481.0	   0.8	0
146	  14.0	3375.0	   0.6	0
147	 290.0	5658.0	   0.9	1	5543.0	0	290.000000
148	 125.0	6559.0	   0.7	1	6545.0	0	125.000000
149	 250.0	2216.0	   1.3	1	2115.0	0	250.000000
150	  91.0	6221.0	   0.9	1	5920.0	0	91.000000
151	 229.0	 972.0	   1.4	0
152	  94.0	5410.0	   1.1	1	5241.0	0	94.000000
153	 144.0	2969.0	   0.9	1	2266.0	0	144.000000
154	 394.0	3961.0	   1.3	1	3791.0	0	394.000000
155	 380.0	6443.0	   0.8	1	6132.0	0	380.000000
156	 319.0	3972.0	   1.0	1	3481.0	0	319.000000
157	 361.0	2418.0	   0.7	1	1253.0	0	361.000000
158	  32.0	7708.0	   1.1	1	7668.0	0	32.000000
159	  63.0	3130.0	   1.0	1	2748.0	0	63.000000
160	 490.0	2208.0	   0.8	1	1774.0	0	490.000000
161	 197.0	5764.0	   0.7	1	4243.0	0	197.000000
162	  25.0	6897.0	   0.7	0
163	 332.0	6790.0	   1.1	1	6697.0	0	332.000000
164	 318.0	1551.0	   1.1	1	 827.0	0	318.000000
165	 427.0	6300.0	   1.4	1	5672.0	0	427.000000
166	 113.0	2749.0	   1.5	1	2109.0	0	113.000000
167	  42.0	5670.0	   1.2	0
168	  19.0	4595.0	   1.0	0
169	   6.0	7201.0	   0.9	0
170	 104.0	3323.0	   1.1	0
171	 155.0	 874.0	   1.4	0
172	 464.0	 319.0	   1.2	0
173	 343.0	7385.0	   1.2	1	7135.0	0	343.000000
174	 288.0	4492.0	   1.3	1	3762.0	0	288.000000
175	   7.0	 434.0	   1.1	0
176	 130.0	2241.0	   1.5	0
177	   8.0	1417.0	   1.4	0
178	 228.0	1677.0	   0.8	1	1279.0	0	228.000000
179	  42.0	2700.0	   1.1	0
180	 302.0	6002.0	   0.7	1	4621.0	0	302.000000
181	 473.0	6532.0	   1.2	1	6024.0	0	473.000000
182	 472.0	7495.0	   1.4	1	7302.0	0	472.000000
183	 218.0	 556.0	   0.5	0
184	 175.0	7566.0	   0.8	1	7451.0	0	175.000000
185	 259.0	2740.0	   1.4	1	1685.0	0	259.000000
186	 474.0	5365.0	   1.3	1	5322.0	0	474.000000
187	 104.0	1103.0	   0.6	0
188	 303.0	5932.0	   1.5	1	5548.0	0	303.000000
189	  87.0	4083.0	   0.7	1	2790.0	0	87.000000
190	 284.0	2805.0	   1.0	1	2699.0	0	284.000000
191	 367.0	2113.0	   1.0	1	1953.0	0	367.000000
192	  37.0	 359.0	   0.8	0
193	 401.0	7608.0	   1.4	1	3213.0	0	401.000000
194	 297.0	7871.0	   0.8	1	7575.0	0	297.000000
195	 164.0	1868.0	   0.6	1	1859.0	0	164.000000
196	 403.0	4380.0	   1.3	1	4287.0	0	403.000000
197	 364.0	5341.0	   0.8	1	5159.0	0	364.000000
198	 102.0	2279.0	   1.2	0
199	 153.0	 119.0	   1.0	0
------Order Sequence(ID)-------------------------------
2	2	2	2	2	
113	113	113	113	113	
122	122	122	122	122	
67	67	67	67	67	
120	120	120	120	120	
54	54	54	54	54	
9	9	9	9	9	
90	90	90	90	90	
142	142	142	142	142	
134	134	134	134	134	
95	95	95	95	95	
164	164	164	164	164	
47	47	47	47	47	
24	24	24	24	24	
1	1	1	1	1	
98	98	98	98	98	
29	29	29	29	29	
30	30	30	30	30	
106	106	106	106	106	
157	157	157	157	157	
178	178	178	178	178	
51	51	51	51	51	
84	84	84	84	84	
123	123	123	123	123	
127	127	127	127	127	
130	130	130	130	130	
185	185	185	185	185	
160	160	160	160	160	
195	195	195	195	195	
93	93	93	93	93	
101	101	101	101	101	
191	191	191	191	191	
71	71	71	71	71	
41	41	41	41	41	
166	166	166	166	166	
149	149	149	149	149	
39	39	39	39	39	
78	78	78	78	78	
153	153	153	153	153	
111	111	111	111	111	
48	48	48	48	48	
126	126	126	126	126	
105	105	105	105	105	
73	73	73	73	73	
99	99	99	99	99	
190	190	190	190	190	
55	55	55	55	55	
159	159	159	159	159	
189	189	189	189	189	
107	107	107	107	107	
60	60	60	60	60	
140	140	140	140	140	
19	19	19	19	19	
52	52	52	52	52	
65	65	65	65	65	
103	103	103	103	103	
193	193	193	193	193	
128	128	128	128	128	
80	80	80	80	80	
59	59	59	59	59	
61	61	61	61	61	
25	25	25	25	25	
121	121	121	121	121	
156	156	156	156	156	
129	129	129	129	129	
64	64	64	64	64	
34	34	34	34	34	
108	108	108	108	108	
174	174	174	174	174	
154	154	154	154	154	
18	18	18	18	18	
32	32	32	32	32	
62	62	62	62	62	
85	85	85	85	85	
40	40	40	40	40	
119	119	119	119	119	
0	0	0	0	0	
15	15	15	15	15	
161	161	161	161	161	
196	196	196	196	196	
144	144	144	144	144	
5	5	5	5	5	
8	8	8	8	8	
68	68	68	68	68	
137	137	137	137	137	
180	180	180	180	180	
20	20	20	20	20	
110	110	110	110	110	
83	83	83	83	83	
74	74	74	74	74	
43	43	43	43	43	
37	37	37	37	37	
86	86	86	86	86	
23	23	23	23	23	
10	10	10	10	10	
42	42	42	42	42	
132	132	132	132	132	
197	197	197	197	197	
152	152	152	152	152	
26	26	26	26	26	
186	186	186	186	186	
138	138	138	138	138	
139	139	139	139	139	
88	88	88	88	88	
147	147	147	147	147	
188	188	188	188	188	
102	102	102	102	102	
77	77	77	77	77	
165	165	165	165	165	
17	17	17	17	17	
96	96	96	96	96	
4	4	4	4	4	
117	117	117	117	117	
150	150	150	150	150	
181	181	181	181	181	
143	143	143	143	143	
21	21	21	21	21	
155	155	155	155	155	
66	66	66	66	66	
136	136	136	136	136	
97	97	97	97	97	
125	125	125	125	125	
79	79	79	79	79	
16	16	16	16	16	
82	82	82	82	82	
148	148	148	148	148	
69	69	69	69	69	
49	49	49	49	49	
44	44	44	44	44	
163	163	163	163	163	
12	12	12	12	12	
76	76	76	76	76	
38	38	38	38	38	
22	22	22	22	22	
124	124	124	124	124	
72	72	72	72	72	
173	173	173	173	173	
31	31	31	31	31	
182	182	182	182	182	
141	141	141	141	141	
109	109	109	109	109	
184	184	184	184	184	
35	35	35	35	35	
194	194	194	194	194	
158	158	158	158	158	
70	70	70	70	70	
------Finished time(ID)-------------------------------
(2,   14.0,   14.0)	(2,   23.0,   37.0)	(2,   17.0,   54.0)	(2,   18.0,   72.0)	(2,   70.0,  142.0)	pi= 407.0	di=1450.0	wi=   1.4	Pal=   0.0	profit=407.000000
(113,   22.0,   36.0)	(113,   62.0,   99.0)	(113,    8.0,  107.0)	(113,   77.0,  184.0)	(113,   94.0,  278.0)	pi= 497.0	di= 308.0	wi=   1.1	Pal=   0.0	profit=497.000000
(122,   18.0,   54.0)	(122,   49.0,  148.0)	(122,   67.0,  215.0)	(122,   63.0,  278.0)	(122,   33.0,  311.0)	pi= 376.0	di= 341.0	wi=   1.4	Pal=   0.0	profit=376.000000
(67,   84.0,  138.0)	(67,   35.0,  183.0)	(67,   20.0,  235.0)	(67,   48.0,  326.0)	(67,   46.0,  372.0)	pi= 289.0	di= 448.0	wi=   0.9	Pal=   0.0	profit=289.000000
(120,   53.0,  191.0)	(120,   49.0,  240.0)	(120,   40.0,  280.0)	(120,   73.0,  399.0)	(120,   79.0,  478.0)	pi= 275.0	di= 501.0	wi=   0.8	Pal=   0.0	profit=275.000000
(54,   51.0,  242.0)	(54,   63.0,  305.0)	(54,   29.0,  334.0)	(54,   45.0,  444.0)	(54,   24.0,  502.0)	pi= 333.0	di= 508.0	wi=   0.5	Pal=   0.0	profit=333.000000
(9,   21.0,  263.0)	(9,   21.0,  326.0)	(9,   74.0,  408.0)	(9,   17.0,  461.0)	(9,   57.0,  559.0)	pi= 260.0	di=1857.0	wi=   1.4	Pal=   0.0	profit=260.000000
(90,   69.0,  332.0)	(90,   69.0,  401.0)	(90,   60.0,  468.0)	(90,   29.0,  497.0)	(90,   11.0,  570.0)	pi= 435.0	di= 578.0	wi=   1.2	Pal=   0.0	profit=435.000000
(142,   35.0,  367.0)	(142,   47.0,  448.0)	(142,   92.0,  560.0)	(142,   32.0,  592.0)	(142,   91.0,  683.0)	pi= 376.0	di=1685.0	wi=   0.9	Pal=   0.0	profit=376.000000
(134,   41.0,  408.0)	(134,   59.0,  507.0)	(134,   31.0,  591.0)	(134,   87.0,  679.0)	(134,    3.0,  686.0)	pi= 390.0	di=1002.0	wi=   0.7	Pal=   0.0	profit=390.000000
(95,   40.0,  448.0)	(95,   93.0,  600.0)	(95,   59.0,  659.0)	(95,   22.0,  701.0)	(95,    1.0,  702.0)	pi= 426.0	di= 712.0	wi=   1.3	Pal=   0.0	profit=426.000000
(164,    4.0,  452.0)	(164,   60.0,  660.0)	(164,   45.0,  705.0)	(164,   33.0,  738.0)	(164,   89.0,  827.0)	pi= 318.0	di=1551.0	wi=   1.1	Pal=   0.0	profit=318.000000
(47,   98.0,  550.0)	(47,    0.0,  660.0)	(47,   38.0,  743.0)	(47,   28.0,  771.0)	(47,   78.0,  905.0)	pi= 403.0	di=1039.0	wi=   0.7	Pal=   0.0	profit=403.000000
(24,   13.0,  563.0)	(24,    2.0,  662.0)	(24,   19.0,  762.0)	(24,   98.0,  869.0)	(24,   63.0,  968.0)	pi=  91.0	di=2343.0	wi=   0.8	Pal=   0.0	profit=91.000000
(1,   38.0,  601.0)	(1,   58.0,  720.0)	(1,   64.0,  826.0)	(1,   48.0,  917.0)	(1,   41.0, 1009.0)	pi= 202.0	di=1033.0	wi=   0.8	Pal=   0.0	profit=202.000000
(98,   70.0,  671.0)	(98,   23.0,  743.0)	(98,   64.0,  890.0)	(98,   93.0, 1010.0)	(98,   44.0, 1054.0)	pi= 379.0	di=1417.0	wi=   0.9	Pal=   0.0	profit=379.000000
(29,   60.0,  731.0)	(29,   78.0,  821.0)	(29,   66.0,  956.0)	(29,   19.0, 1029.0)	(29,   31.0, 1085.0)	pi= 310.0	di=1174.0	wi=   1.0	Pal=   0.0	profit=310.000000
(30,   64.0,  795.0)	(30,   38.0,  859.0)	(30,    5.0,  961.0)	(30,   61.0, 1090.0)	(30,   94.0, 1184.0)	pi= 417.0	di=1463.0	wi=   1.4	Pal=   0.0	profit=417.000000
(106,   56.0,  851.0)	(106,   89.0,  948.0)	(106,   97.0, 1058.0)	(106,    3.0, 1093.0)	(106,    3.0, 1187.0)	pi= 416.0	di=1189.0	wi=   1.4	Pal=   0.0	profit=416.000000
(157,   29.0,  880.0)	(157,    4.0,  952.0)	(157,   36.0, 1094.0)	(157,   92.0, 1186.0)	(157,   66.0, 1253.0)	pi= 361.0	di=2418.0	wi=   0.7	Pal=   0.0	profit=361.000000
(178,    9.0,  889.0)	(178,   39.0,  991.0)	(178,   48.0, 1142.0)	(178,   52.0, 1238.0)	(178,   26.0, 1279.0)	pi= 228.0	di=1677.0	wi=   0.8	Pal=   0.0	profit=228.000000
(51,   81.0,  970.0)	(51,   80.0, 1071.0)	(51,   68.0, 1210.0)	(51,    1.0, 1239.0)	(51,   75.0, 1354.0)	pi= 402.0	di=1412.0	wi=   1.1	Pal=   0.0	profit=402.000000
(84,   70.0, 1040.0)	(84,    7.0, 1078.0)	(84,    6.0, 1216.0)	(84,   31.0, 1270.0)	(84,   83.0, 1437.0)	pi= 197.0	di=3012.0	wi=   1.1	Pal=   0.0	profit=197.000000
(123,   68.0, 1108.0)	(123,   35.0, 1143.0)	(123,   54.0, 1270.0)	(123,   76.0, 1346.0)	(123,   88.0, 1525.0)	pi= 237.0	di=1804.0	wi=   0.6	Pal=   0.0	profit=237.000000
(127,   17.0, 1125.0)	(127,   99.0, 1242.0)	(127,   82.0, 1352.0)	(127,   75.0, 1427.0)	(127,   41.0, 1566.0)	pi= 405.0	di=1586.0	wi=   1.4	Pal=   0.0	profit=405.000000
(130,    6.0, 1131.0)	(130,   62.0, 1304.0)	(130,   91.0, 1443.0)	(130,   42.0, 1485.0)	(130,   57.0, 1623.0)	pi= 397.0	di=1718.0	wi=   1.1	Pal=   0.0	profit=397.000000
(185,   74.0, 1205.0)	(185,   41.0, 1345.0)	(185,    6.0, 1449.0)	(185,   58.0, 1543.0)	(185,   62.0, 1685.0)	pi= 259.0	di=2740.0	wi=   1.4	Pal=   0.0	profit=259.000000
(160,   39.0, 1244.0)	(160,    9.0, 1354.0)	(160,   63.0, 1512.0)	(160,   21.0, 1564.0)	(160,   89.0, 1774.0)	pi= 490.0	di=2208.0	wi=   0.8	Pal=   0.0	profit=490.000000
(195,    5.0, 1249.0)	(195,   81.0, 1435.0)	(195,   58.0, 1570.0)	(195,   95.0, 1665.0)	(195,   85.0, 1859.0)	pi= 164.0	di=1868.0	wi=   0.6	Pal=   0.0	profit=164.000000
(93,    8.0, 1257.0)	(93,   91.0, 1526.0)	(93,   33.0, 1603.0)	(93,   71.0, 1736.0)	(93,   16.0, 1875.0)	pi= 187.0	di=3320.0	wi=   1.4	Pal=   0.0	profit=187.000000
(101,   86.0, 1343.0)	(101,    2.0, 1528.0)	(101,   46.0, 1649.0)	(101,   47.0, 1783.0)	(101,   52.0, 1927.0)	pi= 126.0	di=2829.0	wi=   1.3	Pal=   0.0	profit=126.000000
(191,   99.0, 1442.0)	(191,   78.0, 1606.0)	(191,   75.0, 1724.0)	(191,   92.0, 1875.0)	(191,   26.0, 1953.0)	pi= 367.0	di=2113.0	wi=   1.0	Pal=   0.0	profit=367.000000
(71,   45.0, 1487.0)	(71,   93.0, 1699.0)	(71,   84.0, 1808.0)	(71,   73.0, 1948.0)	(71,   79.0, 2032.0)	pi= 431.0	di=2654.0	wi=   1.1	Pal=   0.0	profit=431.000000
(41,   60.0, 1547.0)	(41,   20.0, 1719.0)	(41,   93.0, 1901.0)	(41,   18.0, 1966.0)	(41,   52.0, 2084.0)	pi= 279.0	di=2269.0	wi=   1.2	Pal=   0.0	profit=279.000000
(166,    3.0, 1550.0)	(166,   13.0, 1732.0)	(166,   61.0, 1962.0)	(166,    1.0, 1967.0)	(166,   25.0, 2109.0)	pi= 113.0	di=2749.0	wi=   1.5	Pal=   0.0	profit=113.000000
(149,    2.0, 1552.0)	(149,   86.0, 1818.0)	(149,   30.0, 1992.0)	(149,   95.0, 2087.0)	(149,    6.0, 2115.0)	pi= 250.0	di=2216.0	wi=   1.3	Pal=   0.0	profit=250.000000
(39,   40.0, 1592.0)	(39,   29.0, 1847.0)	(39,    3.0, 1995.0)	(39,   23.0, 2110.0)	(39,   87.0, 2202.0)	pi= 246.0	di=2227.0	wi=   0.7	Pal=   0.0	profit=246.000000
(78,   34.0, 1626.0)	(78,   15.0, 1862.0)	(78,   81.0, 2076.0)	(78,   35.0, 2145.0)	(78,   31.0, 2233.0)	pi= 161.0	di=2237.0	wi=   0.7	Pal=   0.0	profit=161.000000
(153,   33.0, 1659.0)	(153,   75.0, 1937.0)	(153,    9.0, 2085.0)	(153,   29.0, 2174.0)	(153,   33.0, 2266.0)	pi= 144.0	di=2969.0	wi=   0.9	Pal=   0.0	profit=144.000000
(111,   63.0, 1722.0)	(111,   84.0, 2021.0)	(111,   55.0, 2140.0)	(111,   74.0, 2248.0)	(111,   81.0, 2347.0)	pi= 417.0	di=3793.0	wi=   1.5	Pal=   0.0	profit=417.000000
(48,   44.0, 1766.0)	(48,   29.0, 2050.0)	(48,   71.0, 2211.0)	(48,   60.0, 2308.0)	(48,  100.0, 2447.0)	pi= 378.0	di=2527.0	wi=   0.9	Pal=   0.0	profit=378.000000
(126,   27.0, 1793.0)	(126,   65.0, 2115.0)	(126,   48.0, 2259.0)	(126,   45.0, 2353.0)	(126,   73.0, 2520.0)	pi= 256.0	di=2576.0	wi=   0.8	Pal=   0.0	profit=256.000000
(105,   36.0, 1829.0)	(105,   18.0, 2133.0)	(105,   54.0, 2313.0)	(105,   88.0, 2441.0)	(105,   38.0, 2558.0)	pi= 361.0	di=2715.0	wi=   0.9	Pal=   0.0	profit=361.000000
(73,   94.0, 1923.0)	(73,   26.0, 2159.0)	(73,   24.0, 2337.0)	(73,   86.0, 2527.0)	(73,   39.0, 2597.0)	pi= 485.0	di=2751.0	wi=   1.1	Pal=   0.0	profit=485.000000
(99,   53.0, 1976.0)	(99,   62.0, 2221.0)	(99,   11.0, 2348.0)	(99,   33.0, 2560.0)	(99,    7.0, 2604.0)	pi= 401.0	di=2627.0	wi=   1.2	Pal=   0.0	profit=401.000000
(190,   77.0, 2053.0)	(190,   39.0, 2260.0)	(190,   82.0, 2430.0)	(190,   30.0, 2590.0)	(190,   95.0, 2699.0)	pi= 284.0	di=2805.0	wi=   1.0	Pal=   0.0	profit=284.000000
(55,   57.0, 2110.0)	(55,   65.0, 2325.0)	(55,   12.0, 2442.0)	(55,   18.0, 2608.0)	(55,   11.0, 2710.0)	pi= 404.0	di=4157.0	wi=   1.4	Pal=   0.0	profit=404.000000
(159,   47.0, 2157.0)	(159,   21.0, 2346.0)	(159,   28.0, 2470.0)	(159,   33.0, 2641.0)	(159,   38.0, 2748.0)	pi=  63.0	di=3130.0	wi=   1.0	Pal=   0.0	profit=63.000000
(189,   23.0, 2180.0)	(189,   71.0, 2417.0)	(189,   88.0, 2558.0)	(189,   19.0, 2660.0)	(189,   42.0, 2790.0)	pi=  87.0	di=4083.0	wi=   0.7	Pal=   0.0	profit=87.000000
(107,   48.0, 2228.0)	(107,   11.0, 2428.0)	(107,   80.0, 2638.0)	(107,   97.0, 2757.0)	(107,   38.0, 2828.0)	pi= 209.0	di=2886.0	wi=   1.2	Pal=   0.0	profit=209.000000
(60,   17.0, 2245.0)	(60,   95.0, 2523.0)	(60,   22.0, 2660.0)	(60,   73.0, 2830.0)	(60,   28.0, 2858.0)	pi= 490.0	di=4022.0	wi=   1.2	Pal=   0.0	profit=490.000000
(140,    8.0, 2253.0)	(140,   52.0, 2575.0)	(140,   48.0, 2708.0)	(140,   40.0, 2870.0)	(140,   90.0, 2960.0)	pi= 185.0	di=4307.0	wi=   0.9	Pal=   0.0	profit=185.000000
(19,   90.0, 2343.0)	(19,   10.0, 2585.0)	(19,   16.0, 2724.0)	(19,   60.0, 2930.0)	(19,    2.0, 2962.0)	pi= 258.0	di=3205.0	wi=   1.0	Pal=   0.0	profit=258.000000
(52,   69.0, 2412.0)	(52,   96.0, 2681.0)	(52,   92.0, 2816.0)	(52,    7.0, 2937.0)	(52,   97.0, 3059.0)	pi= 386.0	di=3334.0	wi=   0.6	Pal=   0.0	profit=386.000000
(65,    6.0, 2418.0)	(65,   19.0, 2700.0)	(65,   10.0, 2826.0)	(65,   30.0, 2967.0)	(65,   83.0, 3142.0)	pi= 218.0	di=5728.0	wi=   0.6	Pal=   0.0	profit=218.000000
(103,   69.0, 2487.0)	(103,   31.0, 2731.0)	(103,   40.0, 2866.0)	(103,   78.0, 3045.0)	(103,   57.0, 3199.0)	pi= 205.0	di=3388.0	wi=   1.1	Pal=   0.0	profit=205.000000
(193,   19.0, 2506.0)	(193,    8.0, 2739.0)	(193,   19.0, 2885.0)	(193,   14.0, 3059.0)	(193,   14.0, 3213.0)	pi= 401.0	di=7608.0	wi=   1.4	Pal=   0.0	profit=401.000000
(128,   32.0, 2538.0)	(128,   49.0, 2788.0)	(128,   18.0, 2903.0)	(128,   46.0, 3105.0)	(128,   13.0, 3226.0)	pi= 210.0	di=3843.0	wi=   0.9	Pal=   0.0	profit=210.000000
(80,   57.0, 2595.0)	(80,   14.0, 2802.0)	(80,   20.0, 2923.0)	(80,   87.0, 3192.0)	(80,   23.0, 3249.0)	pi=  59.0	di=6263.0	wi=   0.6	Pal=   0.0	profit=59.000000
(59,   55.0, 2650.0)	(59,   35.0, 2837.0)	(59,    7.0, 2930.0)	(59,    8.0, 3200.0)	(59,   29.0, 3278.0)	pi= 413.0	di=5107.0	wi=   1.2	Pal=   0.0	profit=413.000000
(61,   62.0, 2712.0)	(61,   48.0, 2885.0)	(61,   15.0, 2945.0)	(61,   24.0, 3224.0)	(61,   52.0, 3330.0)	pi= 397.0	di=3664.0	wi=   0.6	Pal=   0.0	profit=397.000000
(25,   42.0, 2754.0)	(25,    6.0, 2891.0)	(25,   82.0, 3027.0)	(25,   87.0, 3311.0)	(25,   31.0, 3361.0)	pi= 143.0	di=3425.0	wi=   1.4	Pal=   0.0	profit=143.000000
(121,   30.0, 2784.0)	(121,   70.0, 2961.0)	(121,  100.0, 3127.0)	(121,   27.0, 3338.0)	(121,   53.0, 3414.0)	pi= 488.0	di=3487.0	wi=   1.4	Pal=   0.0	profit=488.000000
(156,   53.0, 2837.0)	(156,   70.0, 3031.0)	(156,   85.0, 3212.0)	(156,    9.0, 3347.0)	(156,   67.0, 3481.0)	pi= 319.0	di=3972.0	wi=   1.0	Pal=   0.0	profit=319.000000
(129,   33.0, 2870.0)	(129,   38.0, 3069.0)	(129,   91.0, 3303.0)	(129,    1.0, 3348.0)	(129,   94.0, 3575.0)	pi= 363.0	di=3847.0	wi=   1.0	Pal=   0.0	profit=363.000000
(64,   44.0, 2914.0)	(64,    6.0, 3075.0)	(64,   19.0, 3322.0)	(64,   38.0, 3386.0)	(64,   79.0, 3654.0)	pi= 324.0	di=4431.0	wi=   1.3	Pal=   0.0	profit=324.000000
(34,    4.0, 2918.0)	(34,   86.0, 3161.0)	(34,    6.0, 3328.0)	(34,   70.0, 3456.0)	(34,   10.0, 3664.0)	pi= 287.0	di=3859.0	wi=   0.7	Pal=   0.0	profit=287.000000
(108,   24.0, 2942.0)	(108,   27.0, 3188.0)	(108,    3.0, 3331.0)	(108,   60.0, 3516.0)	(108,   60.0, 3724.0)	pi= 262.0	di=4601.0	wi=   0.8	Pal=   0.0	profit=262.000000
(174,  100.0, 3042.0)	(174,   99.0, 3287.0)	(174,   64.0, 3395.0)	(174,   70.0, 3586.0)	(174,   38.0, 3762.0)	pi= 288.0	di=4492.0	wi=   1.3	Pal=   0.0	profit=288.000000
(154,   90.0, 3132.0)	(154,   87.0, 3374.0)	(154,   31.0, 3426.0)	(154,   33.0, 3619.0)	(154,   29.0, 3791.0)	pi= 394.0	di=3961.0	wi=   1.3	Pal=   0.0	profit=394.000000
(18,   57.0, 3189.0)	(18,   35.0, 3409.0)	(18,   27.0, 3453.0)	(18,   55.0, 3674.0)	(18,   64.0, 3855.0)	pi= 403.0	di=4099.0	wi=   0.6	Pal=   0.0	profit=403.000000
(32,   90.0, 3279.0)	(32,   97.0, 3506.0)	(32,  100.0, 3606.0)	(32,   56.0, 3730.0)	(32,   18.0, 3873.0)	pi= 350.0	di=4028.0	wi=   1.4	Pal=   0.0	profit=350.000000
(62,   90.0, 3369.0)	(62,   12.0, 3518.0)	(62,   89.0, 3695.0)	(62,   19.0, 3749.0)	(62,   18.0, 3891.0)	pi= 483.0	di=4048.0	wi=   1.0	Pal=   0.0	profit=483.000000
(85,   19.0, 3388.0)	(85,   69.0, 3587.0)	(85,   95.0, 3790.0)	(85,   93.0, 3883.0)	(85,   41.0, 3932.0)	pi= 383.0	di=4211.0	wi=   1.3	Pal=   0.0	profit=383.000000
(40,   37.0, 3425.0)	(40,   85.0, 3672.0)	(40,   42.0, 3832.0)	(40,   10.0, 3893.0)	(40,  100.0, 4032.0)	pi= 500.0	di=4591.0	wi=   1.1	Pal=   0.0	profit=500.000000
(119,    7.0, 3432.0)	(119,   39.0, 3711.0)	(119,   20.0, 3852.0)	(119,    1.0, 3894.0)	(119,   79.0, 4111.0)	pi= 110.0	di=5281.0	wi=   0.6	Pal=   0.0	profit=110.000000
(0,   29.0, 3461.0)	(0,   56.0, 3767.0)	(0,   14.0, 3866.0)	(0,   43.0, 3937.0)	(0,   32.0, 4143.0)	pi= 406.0	di=4700.0	wi=   1.2	Pal=   0.0	profit=406.000000
(15,   63.0, 3524.0)	(15,   98.0, 3865.0)	(15,   22.0, 3888.0)	(15,   13.0, 3950.0)	(15,   49.0, 4192.0)	pi= 265.0	di=4386.0	wi=   0.6	Pal=   0.0	profit=265.000000
(161,    7.0, 3531.0)	(161,   13.0, 3878.0)	(161,   83.0, 3971.0)	(161,   24.0, 3995.0)	(161,   51.0, 4243.0)	pi= 197.0	di=5764.0	wi=   0.7	Pal=   0.0	profit=197.000000
(196,   50.0, 3581.0)	(196,    5.0, 3883.0)	(196,   57.0, 4028.0)	(196,   67.0, 4095.0)	(196,   44.0, 4287.0)	pi= 403.0	di=4380.0	wi=   1.3	Pal=   0.0	profit=403.000000
(144,   84.0, 3665.0)	(144,   23.0, 3906.0)	(144,   68.0, 4096.0)	(144,    2.0, 4098.0)	(144,   74.0, 4361.0)	pi= 463.0	di=5289.0	wi=   1.4	Pal=   0.0	profit=463.000000
(5,   30.0, 3695.0)	(5,   74.0, 3980.0)	(5,    0.0, 4096.0)	(5,   27.0, 4125.0)	(5,   19.0, 4380.0)	pi= 237.0	di=4583.0	wi=   0.7	Pal=   0.0	profit=237.000000
(8,   31.0, 3726.0)	(8,   10.0, 3990.0)	(8,   18.0, 4114.0)	(8,   81.0, 4206.0)	(8,    9.0, 4389.0)	pi= 339.0	di=6420.0	wi=   0.5	Pal=   0.0	profit=339.000000
(68,   68.0, 3794.0)	(68,   33.0, 4023.0)	(68,   52.0, 4166.0)	(68,   93.0, 4299.0)	(68,   99.0, 4488.0)	pi= 391.0	di=5046.0	wi=   1.2	Pal=   0.0	profit=391.000000
(137,   81.0, 3875.0)	(137,   42.0, 4065.0)	(137,   71.0, 4237.0)	(137,   83.0, 4382.0)	(137,   96.0, 4584.0)	pi= 281.0	di=4907.0	wi=   0.6	Pal=   0.0	profit=281.000000
(180,   88.0, 3963.0)	(180,   36.0, 4101.0)	(180,   64.0, 4301.0)	(180,   65.0, 4447.0)	(180,   37.0, 4621.0)	pi= 302.0	di=6002.0	wi=   0.7	Pal=   0.0	profit=302.000000
(20,   47.0, 4010.0)	(20,   77.0, 4178.0)	(20,    8.0, 4309.0)	(20,   68.0, 4515.0)	(20,   29.0, 4650.0)	pi= 352.0	di=5012.0	wi=   0.6	Pal=   0.0	profit=352.000000
(110,   59.0, 4069.0)	(110,   56.0, 4234.0)	(110,   62.0, 4371.0)	(110,    0.0, 4515.0)	(110,   24.0, 4674.0)	pi= 496.0	di=5283.0	wi=   1.3	Pal=   0.0	profit=496.000000
(83,   35.0, 4104.0)	(83,   46.0, 4280.0)	(83,   53.0, 4424.0)	(83,   62.0, 4577.0)	(83,   39.0, 4713.0)	pi=  94.0	di=5019.0	wi=   1.2	Pal=   0.0	profit=94.000000
(74,   94.0, 4198.0)	(74,   65.0, 4345.0)	(74,   77.0, 4501.0)	(74,   36.0, 4613.0)	(74,   88.0, 4801.0)	pi= 395.0	di=4943.0	wi=   0.7	Pal=   0.0	profit=395.000000
(43,   88.0, 4286.0)	(43,   73.0, 4418.0)	(43,    3.0, 4504.0)	(43,   63.0, 4676.0)	(43,   54.0, 4855.0)	pi= 434.0	di=5439.0	wi=   1.0	Pal=   0.0	profit=434.000000
(37,   67.0, 4353.0)	(37,   85.0, 4503.0)	(37,   47.0, 4551.0)	(37,   40.0, 4716.0)	(37,   77.0, 4932.0)	pi= 356.0	di=5270.0	wi=   0.6	Pal=   0.0	profit=356.000000
(86,   22.0, 4375.0)	(86,   85.0, 4588.0)	(86,   65.0, 4653.0)	(86,   19.0, 4735.0)	(86,   30.0, 4962.0)	pi= 396.0	di=5465.0	wi=   1.2	Pal=   0.0	profit=396.000000
(23,   60.0, 4435.0)	(23,   35.0, 4623.0)	(23,   66.0, 4719.0)	(23,   75.0, 4810.0)	(23,   80.0, 5042.0)	pi= 315.0	di=5566.0	wi=   0.5	Pal=   0.0	profit=315.000000
(10,   63.0, 4498.0)	(10,    8.0, 4631.0)	(10,   19.0, 4738.0)	(10,   87.0, 4897.0)	(10,   15.0, 5057.0)	pi= 217.0	di=5175.0	wi=   1.1	Pal=   0.0	profit=217.000000
(42,   50.0, 4548.0)	(42,   14.0, 4645.0)	(42,   28.0, 4766.0)	(42,   75.0, 4972.0)	(42,    2.0, 5059.0)	pi= 196.0	di=6767.0	wi=   0.6	Pal=   0.0	profit=196.000000
(132,   86.0, 4634.0)	(132,    2.0, 4647.0)	(132,   63.0, 4829.0)	(132,   27.0, 4999.0)	(132,    9.0, 5068.0)	pi= 138.0	di=5181.0	wi=   1.0	Pal=   0.0	profit=138.000000
(197,   50.0, 4684.0)	(197,   80.0, 4764.0)	(197,   20.0, 4849.0)	(197,   55.0, 5054.0)	(197,   91.0, 5159.0)	pi= 364.0	di=5341.0	wi=   0.8	Pal=   0.0	profit=364.000000
(152,    0.0, 4684.0)	(152,   89.0, 4853.0)	(152,   95.0, 4948.0)	(152,   20.0, 5074.0)	(152,   82.0, 5241.0)	pi=  94.0	di=5410.0	wi=   1.1	Pal=   0.0	profit=94.000000
(26,   99.0, 4783.0)	(26,   93.0, 4946.0)	(26,   86.0, 5034.0)	(26,   54.0, 5128.0)	(26,   38.0, 5279.0)	pi= 105.0	di=5392.0	wi=   1.1	Pal=   0.0	profit=105.000000
(186,   35.0, 4818.0)	(186,   48.0, 4994.0)	(186,   85.0, 5119.0)	(186,   67.0, 5195.0)	(186,   43.0, 5322.0)	pi= 474.0	di=5365.0	wi=   1.3	Pal=   0.0	profit=474.000000
(138,   20.0, 4838.0)	(138,   71.0, 5065.0)	(138,   59.0, 5178.0)	(138,   85.0, 5280.0)	(138,   45.0, 5367.0)	pi= 316.0	di=5449.0	wi=   1.1	Pal=   0.0	profit=316.000000
(139,   76.0, 4914.0)	(139,   29.0, 5094.0)	(139,   56.0, 5234.0)	(139,    5.0, 5285.0)	(139,   41.0, 5408.0)	pi=  67.0	di=6422.0	wi=   1.1	Pal=   0.0	profit=67.000000
(88,    5.0, 4919.0)	(88,   55.0, 5149.0)	(88,    6.0, 5240.0)	(88,   78.0, 5363.0)	(88,   67.0, 5475.0)	pi= 499.0	di=5656.0	wi=   0.6	Pal=   0.0	profit=499.000000
(147,   25.0, 4944.0)	(147,    7.0, 5156.0)	(147,   23.0, 5263.0)	(147,   31.0, 5394.0)	(147,   68.0, 5543.0)	pi= 290.0	di=5658.0	wi=   0.9	Pal=   0.0	profit=290.000000
(188,   70.0, 5014.0)	(188,   52.0, 5208.0)	(188,   82.0, 5345.0)	(188,   60.0, 5454.0)	(188,    5.0, 5548.0)	pi= 303.0	di=5932.0	wi=   1.5	Pal=   0.0	profit=303.000000
(102,   62.0, 5076.0)	(102,   52.0, 5260.0)	(102,   76.0, 5421.0)	(102,    6.0, 5460.0)	(102,   22.0, 5570.0)	pi= 355.0	di=6347.0	wi=   1.1	Pal=   0.0	profit=355.000000
(77,   36.0, 5112.0)	(77,   13.0, 5273.0)	(77,   22.0, 5443.0)	(77,   84.0, 5544.0)	(77,   59.0, 5629.0)	pi= 273.0	di=5737.0	wi=   1.3	Pal=   0.0	profit=273.000000
(165,   61.0, 5173.0)	(165,   95.0, 5368.0)	(165,   92.0, 5535.0)	(165,   13.0, 5557.0)	(165,   43.0, 5672.0)	pi= 427.0	di=6300.0	wi=   1.4	Pal=   0.0	profit=427.000000
(17,   46.0, 5219.0)	(17,   16.0, 5384.0)	(17,   31.0, 5566.0)	(17,   81.0, 5647.0)	(17,   84.0, 5756.0)	pi= 157.0	di=5972.0	wi=   1.1	Pal=   0.0	profit=157.000000
(96,   44.0, 5263.0)	(96,   57.0, 5441.0)	(96,   84.0, 5650.0)	(96,   86.0, 5736.0)	(96,   50.0, 5806.0)	pi= 146.0	di=6228.0	wi=   1.0	Pal=   0.0	profit=146.000000
(4,   85.0, 5348.0)	(4,   32.0, 5473.0)	(4,   17.0, 5667.0)	(4,   85.0, 5821.0)	(4,   45.0, 5866.0)	pi= 239.0	di=6296.0	wi=   1.3	Pal=   0.0	profit=239.000000
(117,   87.0, 5435.0)	(117,    0.0, 5473.0)	(117,   40.0, 5707.0)	(117,   17.0, 5838.0)	(117,   33.0, 5899.0)	pi= 352.0	di=6873.0	wi=   1.1	Pal=   0.0	profit=352.000000
(150,   96.0, 5531.0)	(150,   84.0, 5615.0)	(150,   23.0, 5730.0)	(150,   23.0, 5861.0)	(150,   21.0, 5920.0)	pi=  91.0	di=6221.0	wi=   0.9	Pal=   0.0	profit=91.000000
(181,   70.0, 5601.0)	(181,   37.0, 5652.0)	(181,   50.0, 5780.0)	(181,   99.0, 5960.0)	(181,   64.0, 6024.0)	pi= 473.0	di=6532.0	wi=   1.2	Pal=   0.0	profit=473.000000
(143,   20.0, 5621.0)	(143,   33.0, 5685.0)	(143,   95.0, 5875.0)	(143,   37.0, 5997.0)	(143,   11.0, 6035.0)	pi= 163.0	di=6510.0	wi=   1.5	Pal=   0.0	profit=163.000000
(21,   57.0, 5678.0)	(21,   87.0, 5772.0)	(21,   71.0, 5946.0)	(21,    3.0, 6000.0)	(21,   83.0, 6118.0)	pi= 360.0	di=6308.0	wi=   1.3	Pal=   0.0	profit=360.000000
(155,   74.0, 5752.0)	(155,   92.0, 5864.0)	(155,   82.0, 6028.0)	(155,   20.0, 6048.0)	(155,   14.0, 6132.0)	pi= 380.0	di=6443.0	wi=   0.8	Pal=   0.0	profit=380.000000
(66,   66.0, 5818.0)	(66,   17.0, 5881.0)	(66,   52.0, 6080.0)	(66,   61.0, 6141.0)	(66,   93.0, 6234.0)	pi= 385.0	di=7132.0	wi=   1.4	Pal=   0.0	profit=385.000000
(136,    0.0, 5818.0)	(136,   71.0, 5952.0)	(136,   15.0, 6095.0)	(136,   19.0, 6160.0)	(136,   43.0, 6277.0)	pi= 304.0	di=6525.0	wi=   0.7	Pal=   0.0	profit=304.000000
(97,   54.0, 5872.0)	(97,   85.0, 6037.0)	(97,    9.0, 6104.0)	(97,   17.0, 6177.0)	(97,    6.0, 6283.0)	pi= 154.0	di=6607.0	wi=   1.0	Pal=   0.0	profit=154.000000
(125,   16.0, 5888.0)	(125,   79.0, 6116.0)	(125,   21.0, 6137.0)	(125,   75.0, 6252.0)	(125,    1.0, 6284.0)	pi= 392.0	di=6506.0	wi=   0.8	Pal=   0.0	profit=392.000000
(79,   69.0, 5957.0)	(79,    7.0, 6123.0)	(79,    5.0, 6142.0)	(79,    3.0, 6255.0)	(79,   80.0, 6364.0)	pi= 311.0	di=6402.0	wi=   1.2	Pal=   0.0	profit=311.000000
(16,   41.0, 5998.0)	(16,   33.0, 6156.0)	(16,    9.0, 6165.0)	(16,    5.0, 6260.0)	(16,   51.0, 6415.0)	pi= 375.0	di=6914.0	wi=   1.3	Pal=   0.0	profit=375.000000
(82,   15.0, 6013.0)	(82,   18.0, 6174.0)	(82,   65.0, 6239.0)	(82,   82.0, 6342.0)	(82,   55.0, 6470.0)	pi=  50.0	di=6644.0	wi=   1.0	Pal=   0.0	profit=50.000000
(148,   45.0, 6058.0)	(148,    5.0, 6179.0)	(148,   33.0, 6272.0)	(148,   11.0, 6353.0)	(148,   75.0, 6545.0)	pi= 125.0	di=6559.0	wi=   0.7	Pal=   0.0	profit=125.000000
(69,   91.0, 6149.0)	(69,   69.0, 6248.0)	(69,   62.0, 6334.0)	(69,   73.0, 6426.0)	(69,    2.0, 6547.0)	pi= 471.0	di=6813.0	wi=   1.3	Pal=   0.0	profit=471.000000
(49,   62.0, 6211.0)	(49,   73.0, 6321.0)	(49,   61.0, 6395.0)	(49,   48.0, 6474.0)	(49,   34.0, 6581.0)	pi= 227.0	di=7040.0	wi=   1.1	Pal=   0.0	profit=227.000000
(44,   68.0, 6279.0)	(44,   16.0, 6337.0)	(44,   83.0, 6478.0)	(44,   54.0, 6532.0)	(44,   63.0, 6644.0)	pi= 118.0	di=7056.0	wi=   0.7	Pal=   0.0	profit=118.000000
(163,   61.0, 6340.0)	(163,   17.0, 6357.0)	(163,   55.0, 6533.0)	(163,    5.0, 6538.0)	(163,   53.0, 6697.0)	pi= 332.0	di=6790.0	wi=   1.1	Pal=   0.0	profit=332.000000
(12,   54.0, 6394.0)	(12,    5.0, 6399.0)	(12,   29.0, 6562.0)	(12,   13.0, 6575.0)	(12,   90.0, 6787.0)	pi=  32.0	di=7106.0	wi=   1.0	Pal=   0.0	profit=32.000000
(76,   75.0, 6469.0)	(76,  100.0, 6569.0)	(76,   73.0, 6642.0)	(76,   34.0, 6676.0)	(76,   84.0, 6871.0)	pi= 272.0	di=6937.0	wi=   1.4	Pal=   0.0	profit=272.000000
(38,   79.0, 6548.0)	(38,  100.0, 6669.0)	(38,   30.0, 6699.0)	(38,    0.0, 6699.0)	(38,   23.0, 6894.0)	pi=  55.0	di=7121.0	wi=   0.8	Pal=   0.0	profit=55.000000
(22,   86.0, 6634.0)	(22,    4.0, 6673.0)	(22,   61.0, 6760.0)	(22,   10.0, 6770.0)	(22,   77.0, 6971.0)	pi= 465.0	di=7045.0	wi=   1.4	Pal=   0.0	profit=465.000000
(124,   32.0, 6666.0)	(124,   82.0, 6755.0)	(124,   46.0, 6806.0)	(124,   70.0, 6876.0)	(124,   49.0, 7020.0)	pi=  26.0	di=7078.0	wi=   0.5	Pal=   0.0	profit=26.000000
(72,   95.0, 6761.0)	(72,   37.0, 6798.0)	(72,   29.0, 6835.0)	(72,   54.0, 6930.0)	(72,   37.0, 7057.0)	pi= 436.0	di=7802.0	wi=   1.5	Pal=   0.0	profit=436.000000
(173,   39.0, 6800.0)	(173,   11.0, 6811.0)	(173,   76.0, 6911.0)	(173,   85.0, 7015.0)	(173,   78.0, 7135.0)	pi= 343.0	di=7385.0	wi=   1.2	Pal=   0.0	profit=343.000000
(31,   32.0, 6832.0)	(31,   68.0, 6900.0)	(31,   73.0, 6984.0)	(31,   68.0, 7083.0)	(31,   72.0, 7207.0)	pi= 221.0	di=7995.0	wi=   0.8	Pal=   0.0	profit=221.000000
(182,   66.0, 6898.0)	(182,    5.0, 6905.0)	(182,   69.0, 7053.0)	(182,   38.0, 7121.0)	(182,   95.0, 7302.0)	pi= 472.0	di=7495.0	wi=   1.4	Pal=   0.0	profit=472.000000
(141,    6.0, 6904.0)	(141,   83.0, 6988.0)	(141,   56.0, 7109.0)	(141,   24.0, 7145.0)	(141,   13.0, 7315.0)	pi= 300.0	di=7871.0	wi=   1.2	Pal=   0.0	profit=300.000000
(109,   25.0, 6929.0)	(109,   66.0, 7054.0)	(109,  100.0, 7209.0)	(109,   83.0, 7292.0)	(109,   73.0, 7388.0)	pi= 500.0	di=7692.0	wi=   0.9	Pal=   0.0	profit=500.000000
(184,    9.0, 6938.0)	(184,   12.0, 7066.0)	(184,   86.0, 7295.0)	(184,    0.0, 7295.0)	(184,   63.0, 7451.0)	pi= 175.0	di=7566.0	wi=   0.8	Pal=   0.0	profit=175.000000
(35,   38.0, 6976.0)	(35,   38.0, 7104.0)	(35,   31.0, 7326.0)	(35,   89.0, 7415.0)	(35,   17.0, 7468.0)	pi= 179.0	di=7677.0	wi=   0.8	Pal=   0.0	profit=179.000000
(194,    8.0, 6984.0)	(194,   36.0, 7140.0)	(194,   87.0, 7413.0)	(194,   95.0, 7510.0)	(194,   65.0, 7575.0)	pi= 297.0	di=7871.0	wi=   0.8	Pal=   0.0	profit=297.000000
(158,   86.0, 7070.0)	(158,   57.0, 7197.0)	(158,   34.0, 7447.0)	(158,   33.0, 7543.0)	(158,   93.0, 7668.0)	pi=  32.0	di=7708.0	wi=   1.1	Pal=   0.0	profit=32.000000
(70,   81.0, 7151.0)	(70,   22.0, 7219.0)	(70,   82.0, 7529.0)	(70,   66.0, 7609.0)	(70,   39.0, 7707.0)	pi= 134.0	di=7847.0	wi=   0.6	Pal=   0.0	profit=134.000000
max Profit=43492.000000 
