Order ID	Pi	di	wi	accepted	devery	delayed	Profit
0	 345.0	6205.0	   1.1	1	5523.0	0	345.000000
1	 388.0	4892.0	   0.8	1	4379.0	0	388.000000
2	 494.0	6501.0	   0.7	1	3755.0	0	494.000000
3	   9.0	1857.0	   0.5	0
4	 484.0	7964.0	   1.2	1	7580.0	0	484.000000
5	 130.0	9072.0	   0.6	1	8773.0	0	130.000000
6	 135.0	8448.0	   0.9	1	7015.0	0	135.000000
7	 191.0	4197.0	   0.8	1	3561.0	0	191.000000
8	 471.0	8594.0	   0.8	1	8100.0	0	471.000000
9	 197.0	6688.0	   0.5	1	5288.0	0	197.000000
10	 117.0	 477.0	   1.4	1	 454.0	0	117.000000
11	 168.0	9978.0	   0.9	1	9028.0	0	168.000000
12	 178.0	7252.0	   0.9	1	6927.0	0	178.000000
13	 384.0	7020.0	   1.4	1	4471.0	0	384.000000
14	 166.0	10148.0	   1.0	1	6593.0	0	166.000000
15	 451.0	3126.0	   1.1	1	2856.0	0	451.000000
16	 328.0	9795.0	   1.2	1	9481.0	0	328.000000
17	 176.0	8662.0	   0.7	1	5877.0	0	176.000000
18	 145.0	9585.0	   0.5	1	7859.0	0	145.000000
19	 180.0	1068.0	   1.2	1	 908.0	0	180.000000
20	 473.0	4903.0	   1.0	1	4295.0	0	473.000000
21	 218.0	1017.0	   1.5	1	 965.0	0	218.000000
22	 246.0	8452.0	   1.2	1	7054.0	0	246.000000
23	 362.0	7073.0	   0.8	1	4774.0	0	362.000000
24	  50.0	3814.0	   1.0	1	3049.0	0	50.000000
25	 119.0	4101.0	   0.9	1	2461.0	0	119.000000
26	  95.0	5478.0	   1.5	1	4870.0	0	95.000000
27	 203.0	5822.0	   1.2	1	5679.0	0	203.000000
28	 473.0	8872.0	   0.6	1	4129.0	0	473.000000
29	 202.0	 459.0	   0.6	1	 283.0	0	202.000000
30	 300.0	1225.0	   1.5	1	1205.0	0	300.000000
31	 301.0	 633.0	   0.9	1	 584.0	0	301.000000
32	 407.0	4454.0	   1.2	1	3307.0	0	407.000000
33	  60.0	3712.0	   0.8	0
34	 249.0	5799.0	   1.4	1	4453.0	0	249.000000
35	 162.0	4473.0	   0.9	1	3156.0	0	162.000000
36	 163.0	8031.0	   0.9	1	6044.0	0	163.000000
37	  26.0	5897.0	   0.9	1	3402.0	0	26.000000
38	 204.0	 586.0	   0.9	0
39	 275.0	3476.0	   1.1	1	2365.0	0	275.000000
40	 375.0	 865.0	   1.5	1	 519.0	0	375.000000
41	 423.0	7514.0	   1.3	1	6532.0	0	423.000000
42	 485.0	 877.0	   1.2	1	 366.0	0	485.000000
43	 240.0	8104.0	   1.5	1	3907.0	0	240.000000
44	 387.0	9563.0	   1.0	1	7332.0	0	387.000000
45	 186.0	4398.0	   0.8	1	3992.0	0	186.000000
46	 286.0	5908.0	   1.1	1	5793.0	0	286.000000
47	 180.0	7663.0	   1.0	1	7219.0	0	180.000000
48	  18.0	5724.0	   1.0	0
49	 242.0	3371.0	   1.3	1	 851.0	0	242.000000
50	 432.0	3481.0	   1.1	1	2727.0	0	432.000000
51	 414.0	4214.0	   1.0	1	3637.0	0	414.000000
52	 132.0	6566.0	   1.2	1	6119.0	0	132.000000
53	 230.0	1699.0	   0.6	1	1391.0	0	230.000000
54	 118.0	8537.0	   1.4	1	7931.0	0	118.000000
55	 133.0	2503.0	   1.4	1	2311.0	0	133.000000
56	 177.0	3167.0	   0.8	1	2944.0	0	177.000000
57	 440.0	2316.0	   0.7	1	2090.0	0	440.000000
58	 421.0	8502.0	   1.4	1	8059.0	0	421.000000
59	  67.0	10124.0	   0.9	1	8948.0	0	67.000000
60	 127.0	7833.0	   0.7	1	5622.0	0	127.000000
61	  71.0	9959.0	   0.7	1	4081.0	0	71.000000
62	 139.0	7928.0	   1.0	1	6634.0	0	139.000000
63	 360.0	5763.0	   0.5	1	4284.0	0	360.000000
64	 480.0	9660.0	   0.5	1	9307.0	0	480.000000
65	 169.0	9174.0	   0.6	1	8684.0	0	169.000000
66	 258.0	4646.0	   0.9	1	4080.0	0	258.000000
67	 159.0	 778.0	   0.7	1	 761.0	0	159.000000
68	 258.0	7989.0	   1.0	1	5222.0	0	258.000000
69	 357.0	1246.0	   1.3	1	 934.0	0	357.000000
70	  78.0	8751.0	   1.0	1	7662.0	0	78.000000
71	 141.0	9858.0	   1.5	1	9187.0	0	141.000000
72	 158.0	4168.0	   1.5	1	3907.0	0	158.000000
73	 214.0	9677.0	   0.7	1	9274.0	0	214.000000
74	 313.0	7699.0	   0.9	1	6868.0	0	313.000000
75	 456.0	5283.0	   0.9	1	3432.0	0	456.000000
76	 291.0	9664.0	   1.2	1	6841.0	0	291.000000
77	 410.0	9476.0	   0.8	1	5351.0	0	410.000000
78	 197.0	9116.0	   1.3	1	8741.0	0	197.000000
79	 334.0	5448.0	   0.8	1	5297.0	0	334.000000
80	 177.0	1710.0	   0.6	1	1172.0	0	177.000000
81	 464.0	4517.0	   1.1	1	1560.0	0	464.000000
82	 409.0	3714.0	   1.1	1	2969.0	0	409.000000
83	 328.0	6803.0	   0.9	1	4994.0	0	328.000000
84	 410.0	6317.0	   0.8	1	6225.0	0	410.000000
85	 223.0	5242.0	   0.9	1	3725.0	0	223.000000
86	 343.0	 215.0	   1.3	0
87	 441.0	1214.0	   1.2	1	1043.0	0	441.000000
88	 181.0	6374.0	   1.3	1	5375.0	0	181.000000
89	 437.0	9156.0	   0.6	1	8857.0	0	437.000000
90	  39.0	5111.0	   0.5	1	 460.0	0	39.000000
91	 103.0	1034.0	   0.9	0
92	  64.0	6942.0	   0.6	1	6444.0	0	64.000000
93	  19.0	 293.0	   1.2	0
94	 312.0	7834.0	   0.6	1	7264.0	0	312.000000
95	 253.0	9398.0	   1.1	1	6328.0	0	253.000000
96	 249.0	6199.0	   1.1	1	6002.0	0	249.000000
97	 373.0	9213.0	   0.7	1	7937.0	0	373.000000
98	 379.0	6547.0	   1.1	1	3959.0	0	379.000000
99	 491.0	 136.0	   1.4	1	 214.0	1	381.800000
100	 134.0	1138.0	   1.4	0
101	 375.0	6090.0	   1.3	1	6048.0	0	375.000000
102	  29.0	3185.0	   1.4	1	1313.0	0	29.000000
103	  50.0	7215.0	   1.1	1	5510.0	0	50.000000
104	 460.0	9935.0	   0.9	1	8543.0	0	460.000000
105	 389.0	3408.0	   0.7	1	1444.0	0	389.000000
106	 130.0	2960.0	   0.6	1	1749.0	0	130.000000
107	  63.0	2395.0	   0.6	1	1967.0	0	63.000000
108	 400.0	6641.0	   0.8	1	4760.0	0	400.000000
109	 407.0	8879.0	   1.2	1	7429.0	0	407.000000
110	  35.0	7855.0	   1.3	1	5061.0	0	35.000000
111	 362.0	6122.0	   1.5	1	4959.0	0	362.000000
112	 278.0	3858.0	   1.2	1	3202.0	0	278.000000
113	 194.0	2096.0	   1.3	1	1838.0	0	194.000000
114	 159.0	8875.0	   1.2	1	6797.0	0	159.000000
115	 297.0	8840.0	   1.2	1	8188.0	0	297.000000
116	 338.0	6491.0	   1.1	1	1720.0	0	338.000000
117	  21.0	1840.0	   1.1	0
118	 295.0	7173.0	   0.6	1	7012.0	0	295.000000
119	 300.0	5632.0	   0.7	1	3819.0	0	300.000000
120	 242.0	1220.0	   1.1	1	1138.0	0	242.000000
121	 373.0	1691.0	   1.1	1	 908.0	0	373.000000
122	 459.0	7930.0	   1.1	1	7192.0	0	459.000000
123	 189.0	5599.0	   0.7	1	3351.0	0	189.000000
124	 210.0	9251.0	   0.8	1	8822.0	0	210.000000
125	 219.0	3283.0	   1.4	1	3223.0	0	219.000000
126	 306.0	6947.0	   1.0	1	5459.0	0	306.000000
127	 439.0	4211.0	   0.6	1	3655.0	0	439.000000
128	 476.0	1603.0	   1.0	1	1519.0	0	476.000000
129	 221.0	6035.0	   1.3	1	5815.0	0	221.000000
130	 423.0	5177.0	   1.4	1	2247.0	0	423.000000
131	 414.0	3348.0	   1.0	1	2838.0	0	414.000000
132	 484.0	9002.0	   1.2	1	8443.0	0	484.000000
133	 475.0	10148.0	   0.6	1	8205.0	0	475.000000
134	  32.0	 122.0	   0.5	0
135	 274.0	6376.0	   0.9	1	6030.0	0	274.000000
136	   1.0	2304.0	   1.0	0
137	 156.0	3367.0	   0.7	1	1801.0	0	156.000000
138	 425.0	9594.0	   0.6	1	8584.0	0	425.000000
139	  69.0	1905.0	   0.6	0
140	  52.0	7510.0	   1.4	1	7414.0	0	52.000000
141	 170.0	8584.0	   0.6	1	8412.0	0	170.000000
142	 140.0	5750.0	   0.9	1	4595.0	0	140.000000
143	 231.0	5691.0	   0.7	1	2587.0	0	231.000000
144	 372.0	 824.0	   0.7	1	 643.0	0	372.000000
145	 177.0	 379.0	   1.1	0
146	 218.0	7719.0	   0.6	1	7636.0	0	218.000000
147	 461.0	1770.0	   1.4	1	1661.0	0	461.000000
148	 273.0	7206.0	   1.2	1	5697.0	0	273.000000
149	  89.0	1034.0	   0.8	0
150	  51.0	7741.0	   1.5	1	6711.0	0	51.000000
151	 244.0	4545.0	   1.2	1	2499.0	0	244.000000
152	 118.0	8795.0	   0.8	1	7775.0	0	118.000000
153	 402.0	1716.0	   0.7	1	1624.0	0	402.000000
154	 143.0	9602.0	   0.9	1	9395.0	0	143.000000
155	 467.0	1702.0	   1.4	1	1263.0	0	467.000000
156	 316.0	5438.0	   1.2	1	4752.0	0	316.000000
157	 483.0	9205.0	   1.5	1	7309.0	0	483.000000
158	 313.0	6513.0	   1.0	1	6261.0	0	313.000000
159	 392.0	9835.0	   0.5	1	2973.0	0	392.000000
160	   1.0	6257.0	   1.1	0
161	 153.0	5973.0	   1.1	1	3010.0	0	153.000000
162	 151.0	4677.0	   1.0	1	3140.0	0	151.000000
163	 451.0	2650.0	   0.6	1	2587.0	0	451.000000
164	 331.0	 138.0	   1.2	1	  81.0	0	331.000000
165	 192.0	2186.0	   0.8	1	2149.0	0	192.000000
166	 268.0	 886.0	   0.9	1	 739.0	0	268.000000
167	 105.0	4535.0	   0.5	1	1710.0	0	105.000000
168	  77.0	8868.0	   0.7	1	8257.0	0	77.000000
169	 115.0	8034.0	   0.7	1	7714.0	0	115.000000
170	 134.0	 104.0	   1.1	0
171	 253.0	7865.0	   0.8	1	7026.0	0	253.000000
172	 414.0	6915.0	   1.2	1	6423.0	0	414.000000
173	 330.0	3462.0	   0.8	1	3084.0	0	330.000000
174	  53.0	1669.0	   0.9	0
175	 422.0	6816.0	   1.0	1	5496.0	0	422.000000
176	  88.0	4422.0	   1.0	1	4328.0	0	88.000000
177	  47.0	7757.0	   0.5	1	5917.0	0	47.000000
178	  76.0	9623.0	   1.3	1	9092.0	0	76.000000
179	 225.0	9071.0	   1.3	1	8976.0	0	225.000000
180	 400.0	6358.0	   1.4	1	4494.0	0	400.000000
181	  31.0	1267.0	   1.5	0
182	 393.0	5940.0	   0.8	1	4671.0	0	393.000000
183	 319.0	3549.0	   0.8	1	3367.0	0	319.000000
184	 146.0	2295.0	   0.8	1	1932.0	0	146.000000
185	  69.0	4698.0	   0.8	0
186	   7.0	3087.0	   1.4	0
187	 347.0	9414.0	   1.1	1	6880.0	0	347.000000
188	 463.0	4264.0	   1.1	1	4210.0	0	463.000000
189	 264.0	7379.0	   0.8	1	5154.0	0	264.000000
190	 225.0	3022.0	   0.7	1	2050.0	0	225.000000
191	 101.0	1814.0	   1.3	0
192	 242.0	2951.0	   1.3	1	2687.0	0	242.000000
193	 499.0	9330.0	   1.3	1	7964.0	0	499.000000
194	 280.0	9504.0	   0.5	1	9237.0	0	280.000000
195	 391.0	2014.0	   0.6	1	1932.0	0	391.000000
196	  24.0	1783.0	   1.3	0
197	 202.0	 470.0	   0.5	1	 419.0	0	202.000000
198	 119.0	2045.0	   1.2	1	2027.0	0	119.000000
199	 348.0	5545.0	   1.4	1	2822.0	0	348.000000
------Order Sequence(ID)-------------------------------
164	164	164	
99	99	99	
29	29	29	
42	42	42	
197	197	197	
10	10	10	
90	90	90	
40	40	40	
31	31	31	
144	144	144	
166	166	166	
67	67	67	
49	49	49	
121	121	121	
19	19	19	
69	69	69	
21	21	21	
87	87	87	
120	120	120	
80	80	80	
30	30	30	
155	155	155	
102	102	102	
53	53	53	
105	105	105	
128	128	128	
81	81	81	
153	153	153	
147	147	147	
167	167	167	
116	116	116	
106	106	106	
137	137	137	
113	113	113	
195	195	195	
184	184	184	
107	107	107	
198	198	198	
190	190	190	
57	57	57	
165	165	165	
130	130	130	
55	55	55	
39	39	39	
25	25	25	
151	151	151	
143	143	143	
163	163	163	
192	192	192	
50	50	50	
199	199	199	
131	131	131	
15	15	15	
56	56	56	
82	82	82	
159	159	159	
161	161	161	
24	24	24	
173	173	173	
162	162	162	
35	35	35	
112	112	112	
125	125	125	
32	32	32	
123	123	123	
183	183	183	
37	37	37	
75	75	75	
7	7	7	
51	51	51	
127	127	127	
85	85	85	
2	2	2	
119	119	119	
72	72	72	
43	43	43	
98	98	98	
45	45	45	
66	66	66	
61	61	61	
28	28	28	
188	188	188	
63	63	63	
20	20	20	
176	176	176	
1	1	1	
34	34	34	
13	13	13	
180	180	180	
142	142	142	
182	182	182	
156	156	156	
108	108	108	
23	23	23	
26	26	26	
111	111	111	
83	83	83	
110	110	110	
189	189	189	
68	68	68	
9	9	9	
79	79	79	
77	77	77	
88	88	88	
126	126	126	
175	175	175	
103	103	103	
0	0	0	
60	60	60	
27	27	27	
148	148	148	
46	46	46	
129	129	129	
17	17	17	
177	177	177	
96	96	96	
135	135	135	
36	36	36	
101	101	101	
52	52	52	
84	84	84	
158	158	158	
95	95	95	
172	172	172	
92	92	92	
41	41	41	
14	14	14	
62	62	62	
150	150	150	
114	114	114	
76	76	76	
74	74	74	
187	187	187	
12	12	12	
118	118	118	
6	6	6	
171	171	171	
22	22	22	
122	122	122	
47	47	47	
94	94	94	
157	157	157	
44	44	44	
140	140	140	
109	109	109	
4	4	4	
146	146	146	
70	70	70	
169	169	169	
152	152	152	
18	18	18	
54	54	54	
97	97	97	
193	193	193	
58	58	58	
8	8	8	
115	115	115	
133	133	133	
168	168	168	
141	141	141	
132	132	132	
104	104	104	
138	138	138	
65	65	65	
78	78	78	
5	5	5	
124	124	124	
89	89	89	
59	59	59	
179	179	179	
11	11	11	
178	178	178	
71	71	71	
194	194	194	
73	73	73	
64	64	64	
154	154	154	
16	16	16	
------Finished time(ID)-------------------------------
(164,   34.0,   34.0)	(164,   19.0,   53.0)	(164,   28.0,   81.0)	pi= 331.0	di= 138.0	wi=   1.2	Pal=   0.0	profit=331.000000
(99,   71.0,  105.0)	(99,   94.0,  199.0)	(99,   15.0,  214.0)	pi= 491.0	di= 136.0	wi=   1.4	Pal= 109.2	profit=381.800000
(29,   94.0,  199.0)	(29,   20.0,  219.0)	(29,   64.0,  283.0)	pi= 202.0	di= 459.0	wi=   0.6	Pal=   0.0	profit=202.000000
(42,    3.0,  202.0)	(42,    7.0,  226.0)	(42,   83.0,  366.0)	pi= 485.0	di= 877.0	wi=   1.2	Pal=   0.0	profit=485.000000
(197,   13.0,  215.0)	(197,   38.0,  264.0)	(197,   53.0,  419.0)	pi= 202.0	di= 470.0	wi=   0.5	Pal=   0.0	profit=202.000000
(10,   32.0,  247.0)	(10,   39.0,  303.0)	(10,   35.0,  454.0)	pi= 117.0	di= 477.0	wi=   1.4	Pal=   0.0	profit=117.000000
(90,   24.0,  271.0)	(90,   37.0,  340.0)	(90,    6.0,  460.0)	pi=  39.0	di=5111.0	wi=   0.5	Pal=   0.0	profit=39.000000
(40,   28.0,  299.0)	(40,   16.0,  356.0)	(40,   59.0,  519.0)	pi= 375.0	di= 865.0	wi=   1.5	Pal=   0.0	profit=375.000000
(31,   27.0,  326.0)	(31,   97.0,  453.0)	(31,   65.0,  584.0)	pi= 301.0	di= 633.0	wi=   0.9	Pal=   0.0	profit=301.000000
(144,   13.0,  339.0)	(144,   48.0,  501.0)	(144,   59.0,  643.0)	pi= 372.0	di= 824.0	wi=   0.7	Pal=   0.0	profit=372.000000
(166,   38.0,  377.0)	(166,   35.0,  536.0)	(166,   96.0,  739.0)	pi= 268.0	di= 886.0	wi=   0.9	Pal=   0.0	profit=268.000000
(67,   40.0,  417.0)	(67,   69.0,  605.0)	(67,   22.0,  761.0)	pi= 159.0	di= 778.0	wi=   0.7	Pal=   0.0	profit=159.000000
(49,   23.0,  440.0)	(49,   17.0,  622.0)	(49,   90.0,  851.0)	pi= 242.0	di=3371.0	wi=   1.3	Pal=   0.0	profit=242.000000
(121,   92.0,  532.0)	(121,   43.0,  665.0)	(121,   57.0,  908.0)	pi= 373.0	di=1691.0	wi=   1.1	Pal=   0.0	profit=373.000000
(19,    5.0,  537.0)	(19,   97.0,  762.0)	(19,    0.0,  908.0)	pi= 180.0	di=1068.0	wi=   1.2	Pal=   0.0	profit=180.000000
(69,   46.0,  583.0)	(69,   52.0,  814.0)	(69,   26.0,  934.0)	pi= 357.0	di=1246.0	wi=   1.3	Pal=   0.0	profit=357.000000
(21,   99.0,  682.0)	(21,   64.0,  878.0)	(21,   31.0,  965.0)	pi= 218.0	di=1017.0	wi=   1.5	Pal=   0.0	profit=218.000000
(87,   66.0,  748.0)	(87,   49.0,  927.0)	(87,   78.0, 1043.0)	pi= 441.0	di=1214.0	wi=   1.2	Pal=   0.0	profit=441.000000
(120,   75.0,  823.0)	(120,    7.0,  934.0)	(120,   95.0, 1138.0)	pi= 242.0	di=1220.0	wi=   1.1	Pal=   0.0	profit=242.000000
(80,   64.0,  887.0)	(80,   80.0, 1014.0)	(80,   34.0, 1172.0)	pi= 177.0	di=1710.0	wi=   0.6	Pal=   0.0	profit=177.000000
(30,   84.0,  971.0)	(30,   55.0, 1069.0)	(30,   33.0, 1205.0)	pi= 300.0	di=1225.0	wi=   1.5	Pal=   0.0	profit=300.000000
(155,   68.0, 1039.0)	(155,   61.0, 1130.0)	(155,   58.0, 1263.0)	pi= 467.0	di=1702.0	wi=   1.4	Pal=   0.0	profit=467.000000
(102,   17.0, 1056.0)	(102,   98.0, 1228.0)	(102,   50.0, 1313.0)	pi=  29.0	di=3185.0	wi=   1.4	Pal=   0.0	profit=29.000000
(53,   52.0, 1108.0)	(53,   40.0, 1268.0)	(53,   78.0, 1391.0)	pi= 230.0	di=1699.0	wi=   0.6	Pal=   0.0	profit=230.000000
(105,   36.0, 1144.0)	(105,   39.0, 1307.0)	(105,   53.0, 1444.0)	pi= 389.0	di=3408.0	wi=   0.7	Pal=   0.0	profit=389.000000
(128,   83.0, 1227.0)	(128,   92.0, 1399.0)	(128,   75.0, 1519.0)	pi= 476.0	di=1603.0	wi=   1.0	Pal=   0.0	profit=476.000000
(81,    9.0, 1236.0)	(81,   72.0, 1471.0)	(81,   41.0, 1560.0)	pi= 464.0	di=4517.0	wi=   1.1	Pal=   0.0	profit=464.000000
(153,   69.0, 1305.0)	(153,   11.0, 1482.0)	(153,   64.0, 1624.0)	pi= 402.0	di=1716.0	wi=   0.7	Pal=   0.0	profit=402.000000
(147,   75.0, 1380.0)	(147,    2.0, 1484.0)	(147,   37.0, 1661.0)	pi= 461.0	di=1770.0	wi=   1.4	Pal=   0.0	profit=461.000000
(167,   33.0, 1413.0)	(167,   95.0, 1579.0)	(167,   49.0, 1710.0)	pi= 105.0	di=4535.0	wi=   0.5	Pal=   0.0	profit=105.000000
(116,   18.0, 1431.0)	(116,   16.0, 1595.0)	(116,   10.0, 1720.0)	pi= 338.0	di=6491.0	wi=   1.1	Pal=   0.0	profit=338.000000
(106,   19.0, 1450.0)	(106,   28.0, 1623.0)	(106,   29.0, 1749.0)	pi= 130.0	di=2960.0	wi=   0.6	Pal=   0.0	profit=130.000000
(137,   27.0, 1477.0)	(137,   22.0, 1645.0)	(137,   52.0, 1801.0)	pi= 156.0	di=3367.0	wi=   0.7	Pal=   0.0	profit=156.000000
(113,   87.0, 1564.0)	(113,   84.0, 1729.0)	(113,   37.0, 1838.0)	pi= 194.0	di=2096.0	wi=   1.3	Pal=   0.0	profit=194.000000
(195,   87.0, 1651.0)	(195,    2.0, 1731.0)	(195,   94.0, 1932.0)	pi= 391.0	di=2014.0	wi=   0.6	Pal=   0.0	profit=391.000000
(184,   21.0, 1672.0)	(184,   35.0, 1766.0)	(184,    0.0, 1932.0)	pi= 146.0	di=2295.0	wi=   0.8	Pal=   0.0	profit=146.000000
(107,   35.0, 1707.0)	(107,   67.0, 1833.0)	(107,   35.0, 1967.0)	pi=  63.0	di=2395.0	wi=   0.6	Pal=   0.0	profit=63.000000
(198,   80.0, 1787.0)	(198,    8.0, 1841.0)	(198,   60.0, 2027.0)	pi= 119.0	di=2045.0	wi=   1.2	Pal=   0.0	profit=119.000000
(190,   24.0, 1811.0)	(190,   71.0, 1912.0)	(190,   23.0, 2050.0)	pi= 225.0	di=3022.0	wi=   0.7	Pal=   0.0	profit=225.000000
(57,   37.0, 1848.0)	(57,   75.0, 1987.0)	(57,   40.0, 2090.0)	pi= 440.0	di=2316.0	wi=   0.7	Pal=   0.0	profit=440.000000
(165,   80.0, 1928.0)	(165,   23.0, 2010.0)	(165,   59.0, 2149.0)	pi= 192.0	di=2186.0	wi=   0.8	Pal=   0.0	profit=192.000000
(130,   35.0, 1963.0)	(130,   87.0, 2097.0)	(130,   98.0, 2247.0)	pi= 423.0	di=5177.0	wi=   1.4	Pal=   0.0	profit=423.000000
(55,   25.0, 1988.0)	(55,   21.0, 2118.0)	(55,   64.0, 2311.0)	pi= 133.0	di=2503.0	wi=   1.4	Pal=   0.0	profit=133.000000
(39,    6.0, 1994.0)	(39,   69.0, 2187.0)	(39,   54.0, 2365.0)	pi= 275.0	di=3476.0	wi=   1.1	Pal=   0.0	profit=275.000000
(25,   33.0, 2027.0)	(25,    2.0, 2189.0)	(25,   96.0, 2461.0)	pi= 119.0	di=4101.0	wi=   0.9	Pal=   0.0	profit=119.000000
(151,   36.0, 2063.0)	(151,   67.0, 2256.0)	(151,   38.0, 2499.0)	pi= 244.0	di=4545.0	wi=   1.2	Pal=   0.0	profit=244.000000
(143,   48.0, 2111.0)	(143,   23.0, 2279.0)	(143,   88.0, 2587.0)	pi= 231.0	di=5691.0	wi=   0.7	Pal=   0.0	profit=231.000000
(163,   50.0, 2161.0)	(163,   69.0, 2348.0)	(163,    0.0, 2587.0)	pi= 451.0	di=2650.0	wi=   0.6	Pal=   0.0	profit=451.000000
(192,   64.0, 2225.0)	(192,   98.0, 2446.0)	(192,  100.0, 2687.0)	pi= 242.0	di=2951.0	wi=   1.3	Pal=   0.0	profit=242.000000
(50,   32.0, 2257.0)	(50,   99.0, 2545.0)	(50,   40.0, 2727.0)	pi= 432.0	di=3481.0	wi=   1.1	Pal=   0.0	profit=432.000000
(199,   45.0, 2302.0)	(199,   60.0, 2605.0)	(199,   95.0, 2822.0)	pi= 348.0	di=5545.0	wi=   1.4	Pal=   0.0	profit=348.000000
(131,   14.0, 2316.0)	(131,   15.0, 2620.0)	(131,   16.0, 2838.0)	pi= 414.0	di=3348.0	wi=   1.0	Pal=   0.0	profit=414.000000
(15,   85.0, 2401.0)	(15,   47.0, 2667.0)	(15,   18.0, 2856.0)	pi= 451.0	di=3126.0	wi=   1.1	Pal=   0.0	profit=451.000000
(56,  100.0, 2501.0)	(56,   91.0, 2758.0)	(56,   88.0, 2944.0)	pi= 177.0	di=3167.0	wi=   0.8	Pal=   0.0	profit=177.000000
(82,   45.0, 2546.0)	(82,    7.0, 2765.0)	(82,   25.0, 2969.0)	pi= 409.0	di=3714.0	wi=   1.1	Pal=   0.0	profit=409.000000
(159,   10.0, 2556.0)	(159,   48.0, 2813.0)	(159,    4.0, 2973.0)	pi= 392.0	di=9835.0	wi=   0.5	Pal=   0.0	profit=392.000000
(161,   83.0, 2639.0)	(161,    9.0, 2822.0)	(161,   37.0, 3010.0)	pi= 153.0	di=5973.0	wi=   1.1	Pal=   0.0	profit=153.000000
(24,   72.0, 2711.0)	(24,   77.0, 2899.0)	(24,   39.0, 3049.0)	pi=  50.0	di=3814.0	wi=   1.0	Pal=   0.0	profit=50.000000
(173,   14.0, 2725.0)	(173,  100.0, 2999.0)	(173,   35.0, 3084.0)	pi= 330.0	di=3462.0	wi=   0.8	Pal=   0.0	profit=330.000000
(162,   98.0, 2823.0)	(162,   26.0, 3025.0)	(162,   56.0, 3140.0)	pi= 151.0	di=4677.0	wi=   1.0	Pal=   0.0	profit=151.000000
(35,   68.0, 2891.0)	(35,   23.0, 3048.0)	(35,   16.0, 3156.0)	pi= 162.0	di=4473.0	wi=   0.9	Pal=   0.0	profit=162.000000
(112,   76.0, 2967.0)	(112,   83.0, 3131.0)	(112,   46.0, 3202.0)	pi= 278.0	di=3858.0	wi=   1.2	Pal=   0.0	profit=278.000000
(125,   19.0, 2986.0)	(125,   23.0, 3154.0)	(125,   21.0, 3223.0)	pi= 219.0	di=3283.0	wi=   1.4	Pal=   0.0	profit=219.000000
(32,    8.0, 2994.0)	(32,   64.0, 3218.0)	(32,   84.0, 3307.0)	pi= 407.0	di=4454.0	wi=   1.2	Pal=   0.0	profit=407.000000
(123,   71.0, 3065.0)	(123,   30.0, 3248.0)	(123,   44.0, 3351.0)	pi= 189.0	di=5599.0	wi=   0.7	Pal=   0.0	profit=189.000000
(183,    1.0, 3066.0)	(183,   97.0, 3345.0)	(183,   16.0, 3367.0)	pi= 319.0	di=3549.0	wi=   0.8	Pal=   0.0	profit=319.000000
(37,   11.0, 3077.0)	(37,   42.0, 3387.0)	(37,   15.0, 3402.0)	pi=  26.0	di=5897.0	wi=   0.9	Pal=   0.0	profit=26.000000
(75,   93.0, 3170.0)	(75,    2.0, 3389.0)	(75,   30.0, 3432.0)	pi= 456.0	di=5283.0	wi=   0.9	Pal=   0.0	profit=456.000000
(7,    8.0, 3178.0)	(7,   86.0, 3475.0)	(7,   86.0, 3561.0)	pi= 191.0	di=4197.0	wi=   0.8	Pal=   0.0	profit=191.000000
(51,   93.0, 3271.0)	(51,   57.0, 3532.0)	(51,   76.0, 3637.0)	pi= 414.0	di=4214.0	wi=   1.0	Pal=   0.0	profit=414.000000
(127,   64.0, 3335.0)	(127,   31.0, 3563.0)	(127,   18.0, 3655.0)	pi= 439.0	di=4211.0	wi=   0.6	Pal=   0.0	profit=439.000000
(85,   21.0, 3356.0)	(85,   68.0, 3631.0)	(85,   70.0, 3725.0)	pi= 223.0	di=5242.0	wi=   0.9	Pal=   0.0	profit=223.000000
(2,   44.0, 3400.0)	(2,   81.0, 3712.0)	(2,   30.0, 3755.0)	pi= 494.0	di=6501.0	wi=   0.7	Pal=   0.0	profit=494.000000
(119,   26.0, 3426.0)	(119,   35.0, 3747.0)	(119,   64.0, 3819.0)	pi= 300.0	di=5632.0	wi=   0.7	Pal=   0.0	profit=300.000000
(72,    5.0, 3431.0)	(72,   27.0, 3774.0)	(72,   88.0, 3907.0)	pi= 158.0	di=4168.0	wi=   1.5	Pal=   0.0	profit=158.000000
(43,   26.0, 3457.0)	(43,   62.0, 3836.0)	(43,    0.0, 3907.0)	pi= 240.0	di=8104.0	wi=   1.5	Pal=   0.0	profit=240.000000
(98,   95.0, 3552.0)	(98,   29.0, 3865.0)	(98,   52.0, 3959.0)	pi= 379.0	di=6547.0	wi=   1.1	Pal=   0.0	profit=379.000000
(45,   28.0, 3580.0)	(45,   39.0, 3904.0)	(45,   33.0, 3992.0)	pi= 186.0	di=4398.0	wi=   0.8	Pal=   0.0	profit=186.000000
(66,   67.0, 3647.0)	(66,    4.0, 3908.0)	(66,   88.0, 4080.0)	pi= 258.0	di=4646.0	wi=   0.9	Pal=   0.0	profit=258.000000
(61,   77.0, 3724.0)	(61,   28.0, 3936.0)	(61,    1.0, 4081.0)	pi=  71.0	di=9959.0	wi=   0.7	Pal=   0.0	profit=71.000000
(28,   44.0, 3768.0)	(28,   84.0, 4020.0)	(28,   48.0, 4129.0)	pi= 473.0	di=8872.0	wi=   0.6	Pal=   0.0	profit=473.000000
(188,   33.0, 3801.0)	(188,   60.0, 4080.0)	(188,   81.0, 4210.0)	pi= 463.0	di=4264.0	wi=   1.1	Pal=   0.0	profit=463.000000
(63,   20.0, 3821.0)	(63,   39.0, 4119.0)	(63,   74.0, 4284.0)	pi= 360.0	di=5763.0	wi=   0.5	Pal=   0.0	profit=360.000000
(20,   71.0, 3892.0)	(20,   21.0, 4140.0)	(20,   11.0, 4295.0)	pi= 473.0	di=4903.0	wi=   1.0	Pal=   0.0	profit=473.000000
(176,   66.0, 3958.0)	(176,   81.0, 4221.0)	(176,   33.0, 4328.0)	pi=  88.0	di=4422.0	wi=   1.0	Pal=   0.0	profit=88.000000
(1,   67.0, 4025.0)	(1,   98.0, 4319.0)	(1,   51.0, 4379.0)	pi= 388.0	di=4892.0	wi=   0.8	Pal=   0.0	profit=388.000000
(34,    9.0, 4034.0)	(34,   70.0, 4389.0)	(34,   64.0, 4453.0)	pi= 249.0	di=5799.0	wi=   1.4	Pal=   0.0	profit=249.000000
(13,   40.0, 4074.0)	(13,    0.0, 4389.0)	(13,   18.0, 4471.0)	pi= 384.0	di=7020.0	wi=   1.4	Pal=   0.0	profit=384.000000
(180,   93.0, 4167.0)	(180,   96.0, 4485.0)	(180,    9.0, 4494.0)	pi= 400.0	di=6358.0	wi=   1.4	Pal=   0.0	profit=400.000000
(142,   18.0, 4185.0)	(142,   25.0, 4510.0)	(142,   85.0, 4595.0)	pi= 140.0	di=5750.0	wi=   0.9	Pal=   0.0	profit=140.000000
(182,   68.0, 4253.0)	(182,   47.0, 4557.0)	(182,   76.0, 4671.0)	pi= 393.0	di=5940.0	wi=   0.8	Pal=   0.0	profit=393.000000
(156,   29.0, 4282.0)	(156,   12.0, 4569.0)	(156,   81.0, 4752.0)	pi= 316.0	di=5438.0	wi=   1.2	Pal=   0.0	profit=316.000000
(108,   71.0, 4353.0)	(108,   95.0, 4664.0)	(108,    8.0, 4760.0)	pi= 400.0	di=6641.0	wi=   0.8	Pal=   0.0	profit=400.000000
(23,   54.0, 4407.0)	(23,   29.0, 4693.0)	(23,   14.0, 4774.0)	pi= 362.0	di=7073.0	wi=   0.8	Pal=   0.0	profit=362.000000
(26,  100.0, 4507.0)	(26,   41.0, 4734.0)	(26,   96.0, 4870.0)	pi=  95.0	di=5478.0	wi=   1.5	Pal=   0.0	profit=95.000000
(111,   16.0, 4523.0)	(111,    4.0, 4738.0)	(111,   89.0, 4959.0)	pi= 362.0	di=6122.0	wi=   1.5	Pal=   0.0	profit=362.000000
(83,   37.0, 4560.0)	(83,   18.0, 4756.0)	(83,   35.0, 4994.0)	pi= 328.0	di=6803.0	wi=   0.9	Pal=   0.0	profit=328.000000
(110,   63.0, 4623.0)	(110,    6.0, 4762.0)	(110,   67.0, 5061.0)	pi=  35.0	di=7855.0	wi=   1.3	Pal=   0.0	profit=35.000000
(189,   63.0, 4686.0)	(189,   92.0, 4854.0)	(189,   93.0, 5154.0)	pi= 264.0	di=7379.0	wi=   0.8	Pal=   0.0	profit=264.000000
(68,   14.0, 4700.0)	(68,    8.0, 4862.0)	(68,   68.0, 5222.0)	pi= 258.0	di=7989.0	wi=   1.0	Pal=   0.0	profit=258.000000
(9,   60.0, 4760.0)	(9,   62.0, 4924.0)	(9,   66.0, 5288.0)	pi= 197.0	di=6688.0	wi=   0.5	Pal=   0.0	profit=197.000000
(79,   97.0, 4857.0)	(79,   47.0, 4971.0)	(79,    9.0, 5297.0)	pi= 334.0	di=5448.0	wi=   0.8	Pal=   0.0	profit=334.000000
(77,   31.0, 4888.0)	(77,   87.0, 5058.0)	(77,   54.0, 5351.0)	pi= 410.0	di=9476.0	wi=   0.8	Pal=   0.0	profit=410.000000
(88,   20.0, 4908.0)	(88,   87.0, 5145.0)	(88,   24.0, 5375.0)	pi= 181.0	di=6374.0	wi=   1.3	Pal=   0.0	profit=181.000000
(126,   89.0, 4997.0)	(126,   88.0, 5233.0)	(126,   84.0, 5459.0)	pi= 306.0	di=6947.0	wi=   1.0	Pal=   0.0	profit=306.000000
(175,   68.0, 5065.0)	(175,   52.0, 5285.0)	(175,   37.0, 5496.0)	pi= 422.0	di=6816.0	wi=   1.0	Pal=   0.0	profit=422.000000
(103,   31.0, 5096.0)	(103,   87.0, 5372.0)	(103,   14.0, 5510.0)	pi=  50.0	di=7215.0	wi=   1.1	Pal=   0.0	profit=50.000000
(0,   49.0, 5145.0)	(0,   92.0, 5464.0)	(0,   13.0, 5523.0)	pi= 345.0	di=6205.0	wi=   1.1	Pal=   0.0	profit=345.000000
(60,   47.0, 5192.0)	(60,   24.0, 5488.0)	(60,   99.0, 5622.0)	pi= 127.0	di=7833.0	wi=   0.7	Pal=   0.0	profit=127.000000
(27,   30.0, 5222.0)	(27,   69.0, 5557.0)	(27,   57.0, 5679.0)	pi= 203.0	di=5822.0	wi=   1.2	Pal=   0.0	profit=203.000000
(148,   16.0, 5238.0)	(148,   64.0, 5621.0)	(148,   18.0, 5697.0)	pi= 273.0	di=7206.0	wi=   1.2	Pal=   0.0	profit=273.000000
(46,   17.0, 5255.0)	(46,   77.0, 5698.0)	(46,   95.0, 5793.0)	pi= 286.0	di=5908.0	wi=   1.1	Pal=   0.0	profit=286.000000
(129,   90.0, 5345.0)	(129,   25.0, 5723.0)	(129,   22.0, 5815.0)	pi= 221.0	di=6035.0	wi=   1.3	Pal=   0.0	profit=221.000000
(17,   41.0, 5386.0)	(17,    0.0, 5723.0)	(17,   62.0, 5877.0)	pi= 176.0	di=8662.0	wi=   0.7	Pal=   0.0	profit=176.000000
(177,   21.0, 5407.0)	(177,   53.0, 5776.0)	(177,   40.0, 5917.0)	pi=  47.0	di=7757.0	wi=   0.5	Pal=   0.0	profit=47.000000
(96,   16.0, 5423.0)	(96,   66.0, 5842.0)	(96,   85.0, 6002.0)	pi= 249.0	di=6199.0	wi=   1.1	Pal=   0.0	profit=249.000000
(135,   61.0, 5484.0)	(135,   65.0, 5907.0)	(135,   28.0, 6030.0)	pi= 274.0	di=6376.0	wi=   0.9	Pal=   0.0	profit=274.000000
(36,   23.0, 5507.0)	(36,   93.0, 6000.0)	(36,   14.0, 6044.0)	pi= 163.0	di=8031.0	wi=   0.9	Pal=   0.0	profit=163.000000
(101,   92.0, 5599.0)	(101,   18.0, 6018.0)	(101,    4.0, 6048.0)	pi= 375.0	di=6090.0	wi=   1.3	Pal=   0.0	profit=375.000000
(52,    8.0, 5607.0)	(52,   33.0, 6051.0)	(52,   68.0, 6119.0)	pi= 132.0	di=6566.0	wi=   1.2	Pal=   0.0	profit=132.000000
(84,   27.0, 5634.0)	(84,   99.0, 6150.0)	(84,   75.0, 6225.0)	pi= 410.0	di=6317.0	wi=   0.8	Pal=   0.0	profit=410.000000
(158,   87.0, 5721.0)	(158,   71.0, 6221.0)	(158,   36.0, 6261.0)	pi= 313.0	di=6513.0	wi=   1.0	Pal=   0.0	profit=313.000000
(95,   46.0, 5767.0)	(95,   17.0, 6238.0)	(95,   67.0, 6328.0)	pi= 253.0	di=9398.0	wi=   1.1	Pal=   0.0	profit=253.000000
(172,   13.0, 5780.0)	(172,   72.0, 6310.0)	(172,   95.0, 6423.0)	pi= 414.0	di=6915.0	wi=   1.2	Pal=   0.0	profit=414.000000
(92,   11.0, 5791.0)	(92,   42.0, 6352.0)	(92,   21.0, 6444.0)	pi=  64.0	di=6942.0	wi=   0.6	Pal=   0.0	profit=64.000000
(41,   40.0, 5831.0)	(41,   24.0, 6376.0)	(41,   88.0, 6532.0)	pi= 423.0	di=7514.0	wi=   1.3	Pal=   0.0	profit=423.000000
(14,   62.0, 5893.0)	(14,   10.0, 6386.0)	(14,   61.0, 6593.0)	pi= 166.0	di=10148.0	wi=   1.0	Pal=   0.0	profit=166.000000
(62,   78.0, 5971.0)	(62,   85.0, 6471.0)	(62,   41.0, 6634.0)	pi= 139.0	di=7928.0	wi=   1.0	Pal=   0.0	profit=139.000000
(150,   59.0, 6030.0)	(150,   13.0, 6484.0)	(150,   77.0, 6711.0)	pi=  51.0	di=7741.0	wi=   1.5	Pal=   0.0	profit=51.000000
(114,   79.0, 6109.0)	(114,   90.0, 6574.0)	(114,   86.0, 6797.0)	pi= 159.0	di=8875.0	wi=   1.2	Pal=   0.0	profit=159.000000
(76,  100.0, 6209.0)	(76,    9.0, 6583.0)	(76,   44.0, 6841.0)	pi= 291.0	di=9664.0	wi=   1.2	Pal=   0.0	profit=291.000000
(74,   81.0, 6290.0)	(74,    2.0, 6585.0)	(74,   27.0, 6868.0)	pi= 313.0	di=7699.0	wi=   0.9	Pal=   0.0	profit=313.000000
(187,   74.0, 6364.0)	(187,   56.0, 6641.0)	(187,   12.0, 6880.0)	pi= 347.0	di=9414.0	wi=   1.1	Pal=   0.0	profit=347.000000
(12,   82.0, 6446.0)	(12,   97.0, 6738.0)	(12,   47.0, 6927.0)	pi= 178.0	di=7252.0	wi=   0.9	Pal=   0.0	profit=178.000000
(118,   64.0, 6510.0)	(118,   58.0, 6796.0)	(118,   85.0, 7012.0)	pi= 295.0	di=7173.0	wi=   0.6	Pal=   0.0	profit=295.000000
(6,    6.0, 6516.0)	(6,   99.0, 6895.0)	(6,    3.0, 7015.0)	pi= 135.0	di=8448.0	wi=   0.9	Pal=   0.0	profit=135.000000
(171,   65.0, 6581.0)	(171,   17.0, 6912.0)	(171,   11.0, 7026.0)	pi= 253.0	di=7865.0	wi=   0.8	Pal=   0.0	profit=253.000000
(22,   71.0, 6652.0)	(22,   84.0, 6996.0)	(22,   28.0, 7054.0)	pi= 246.0	di=8452.0	wi=   1.2	Pal=   0.0	profit=246.000000
(122,   64.0, 6716.0)	(122,   97.0, 7093.0)	(122,   99.0, 7192.0)	pi= 459.0	di=7930.0	wi=   1.1	Pal=   0.0	profit=459.000000
(47,   93.0, 6809.0)	(47,   67.0, 7160.0)	(47,   27.0, 7219.0)	pi= 180.0	di=7663.0	wi=   1.0	Pal=   0.0	profit=180.000000
(94,   68.0, 6877.0)	(94,   36.0, 7196.0)	(94,   45.0, 7264.0)	pi= 312.0	di=7834.0	wi=   0.6	Pal=   0.0	profit=312.000000
(157,   37.0, 6914.0)	(157,   86.0, 7282.0)	(157,   27.0, 7309.0)	pi= 483.0	di=9205.0	wi=   1.5	Pal=   0.0	profit=483.000000
(44,   68.0, 6982.0)	(44,    7.0, 7289.0)	(44,   23.0, 7332.0)	pi= 387.0	di=9563.0	wi=   1.0	Pal=   0.0	profit=387.000000
(140,   17.0, 6999.0)	(140,   33.0, 7322.0)	(140,   82.0, 7414.0)	pi=  52.0	di=7510.0	wi=   1.4	Pal=   0.0	profit=52.000000
(109,   27.0, 7026.0)	(109,   89.0, 7411.0)	(109,   15.0, 7429.0)	pi= 407.0	di=8879.0	wi=   1.2	Pal=   0.0	profit=407.000000
(4,   20.0, 7046.0)	(4,   73.0, 7484.0)	(4,   96.0, 7580.0)	pi= 484.0	di=7964.0	wi=   1.2	Pal=   0.0	profit=484.000000
(146,    9.0, 7055.0)	(146,   91.0, 7575.0)	(146,   56.0, 7636.0)	pi= 218.0	di=7719.0	wi=   0.6	Pal=   0.0	profit=218.000000
(70,   45.0, 7100.0)	(70,   64.0, 7639.0)	(70,   23.0, 7662.0)	pi=  78.0	di=8751.0	wi=   1.0	Pal=   0.0	profit=78.000000
(169,   83.0, 7183.0)	(169,   44.0, 7683.0)	(169,   31.0, 7714.0)	pi= 115.0	di=8034.0	wi=   0.7	Pal=   0.0	profit=115.000000
(152,    0.0, 7183.0)	(152,   24.0, 7707.0)	(152,   61.0, 7775.0)	pi= 118.0	di=8795.0	wi=   0.8	Pal=   0.0	profit=118.000000
(18,   29.0, 7212.0)	(18,   19.0, 7726.0)	(18,   84.0, 7859.0)	pi= 145.0	di=9585.0	wi=   0.5	Pal=   0.0	profit=145.000000
(54,   43.0, 7255.0)	(54,   98.0, 7824.0)	(54,   72.0, 7931.0)	pi= 118.0	di=8537.0	wi=   1.4	Pal=   0.0	profit=118.000000
(97,   91.0, 7346.0)	(97,   49.0, 7873.0)	(97,    6.0, 7937.0)	pi= 373.0	di=9213.0	wi=   0.7	Pal=   0.0	profit=373.000000
(193,   38.0, 7384.0)	(193,   74.0, 7947.0)	(193,   17.0, 7964.0)	pi= 499.0	di=9330.0	wi=   1.3	Pal=   0.0	profit=499.000000
(58,   49.0, 7433.0)	(58,   37.0, 7984.0)	(58,   75.0, 8059.0)	pi= 421.0	di=8502.0	wi=   1.4	Pal=   0.0	profit=421.000000
(8,   29.0, 7462.0)	(8,   89.0, 8073.0)	(8,   27.0, 8100.0)	pi= 471.0	di=8594.0	wi=   0.8	Pal=   0.0	profit=471.000000
(115,   75.0, 7537.0)	(115,   42.0, 8115.0)	(115,   73.0, 8188.0)	pi= 297.0	di=8840.0	wi=   1.2	Pal=   0.0	profit=297.000000
(133,   38.0, 7575.0)	(133,   44.0, 8159.0)	(133,   17.0, 8205.0)	pi= 475.0	di=10148.0	wi=   0.6	Pal=   0.0	profit=475.000000
(168,   48.0, 7623.0)	(168,   90.0, 8249.0)	(168,    8.0, 8257.0)	pi=  77.0	di=8868.0	wi=   0.7	Pal=   0.0	profit=77.000000
(141,   95.0, 7718.0)	(141,   84.0, 8333.0)	(141,   79.0, 8412.0)	pi= 170.0	di=8584.0	wi=   0.6	Pal=   0.0	profit=170.000000
(132,   88.0, 7806.0)	(132,   45.0, 8378.0)	(132,   31.0, 8443.0)	pi= 484.0	di=9002.0	wi=   1.2	Pal=   0.0	profit=484.000000
(104,   10.0, 7816.0)	(104,   51.0, 8429.0)	(104,  100.0, 8543.0)	pi= 460.0	di=9935.0	wi=   0.9	Pal=   0.0	profit=460.000000
(138,   43.0, 7859.0)	(138,   92.0, 8521.0)	(138,   41.0, 8584.0)	pi= 425.0	di=9594.0	wi=   0.6	Pal=   0.0	profit=425.000000
(65,   70.0, 7929.0)	(65,   55.0, 8576.0)	(65,  100.0, 8684.0)	pi= 169.0	di=9174.0	wi=   0.6	Pal=   0.0	profit=169.000000
(78,   59.0, 7988.0)	(78,   58.0, 8634.0)	(78,   57.0, 8741.0)	pi= 197.0	di=9116.0	wi=   1.3	Pal=   0.0	profit=197.000000
(5,  100.0, 8088.0)	(5,   76.0, 8710.0)	(5,   32.0, 8773.0)	pi= 130.0	di=9072.0	wi=   0.6	Pal=   0.0	profit=130.000000
(124,    4.0, 8092.0)	(124,   18.0, 8728.0)	(124,   49.0, 8822.0)	pi= 210.0	di=9251.0	wi=   0.8	Pal=   0.0	profit=210.000000
(89,   78.0, 8170.0)	(89,   33.0, 8761.0)	(89,   35.0, 8857.0)	pi= 437.0	di=9156.0	wi=   0.6	Pal=   0.0	profit=437.000000
(59,   74.0, 8244.0)	(59,   44.0, 8805.0)	(59,   91.0, 8948.0)	pi=  67.0	di=10124.0	wi=   0.9	Pal=   0.0	profit=67.000000
(179,   29.0, 8273.0)	(179,   92.0, 8897.0)	(179,   28.0, 8976.0)	pi= 225.0	di=9071.0	wi=   1.3	Pal=   0.0	profit=225.000000
(11,   42.0, 8315.0)	(11,   50.0, 8947.0)	(11,   52.0, 9028.0)	pi= 168.0	di=9978.0	wi=   0.9	Pal=   0.0	profit=168.000000
(178,   79.0, 8394.0)	(178,   61.0, 9008.0)	(178,   64.0, 9092.0)	pi=  76.0	di=9623.0	wi=   1.3	Pal=   0.0	profit=76.000000
(71,   26.0, 8420.0)	(71,   39.0, 9047.0)	(71,   95.0, 9187.0)	pi= 141.0	di=9858.0	wi=   1.5	Pal=   0.0	profit=141.000000
(194,   57.0, 8477.0)	(194,   97.0, 9144.0)	(194,   50.0, 9237.0)	pi= 280.0	di=9504.0	wi=   0.5	Pal=   0.0	profit=280.000000
(73,   95.0, 8572.0)	(73,   69.0, 9213.0)	(73,   37.0, 9274.0)	pi= 214.0	di=9677.0	wi=   0.7	Pal=   0.0	profit=214.000000
(64,   77.0, 8649.0)	(64,   61.0, 9274.0)	(64,   33.0, 9307.0)	pi= 480.0	di=9660.0	wi=   0.5	Pal=   0.0	profit=480.000000
(154,   74.0, 8723.0)	(154,   75.0, 9349.0)	(154,   46.0, 9395.0)	pi= 143.0	di=9602.0	wi=   0.9	Pal=   0.0	profit=143.000000
(16,    5.0, 8728.0)	(16,   84.0, 9433.0)	(16,   48.0, 9481.0)	pi= 328.0	di=9795.0	wi=   1.2	Pal=   0.0	profit=328.000000
max Profit=48438.800000 
