Order ID	Pi	di	wi	accepted	devery	delayed	Profit
0	  11.0	5452.0	   0.7	1	4816.0	0	11.000000
1	 181.0	4736.0	   1.3	1	2556.0	0	181.000000
2	 310.0	7090.0	   1.4	1	6851.0	0	310.000000
3	 228.0	4864.0	   1.3	1	4152.0	0	228.000000
4	  68.0	6454.0	   0.5	1	6335.0	0	68.000000
5	 222.0	3033.0	   0.9	1	2081.0	0	222.000000
6	 163.0	2470.0	   0.8	1	 667.0	0	163.000000
7	 417.0	3597.0	   1.0	1	3594.0	0	417.000000
8	 244.0	3084.0	   0.8	1	2510.0	0	244.000000
9	 357.0	10027.0	   1.2	1	8652.0	0	357.000000
10	 251.0	 243.0	   0.8	0
11	 251.0	2256.0	   0.8	1	2120.0	0	251.000000
12	 362.0	  34.0	   0.5	1	 331.0	1	213.500000
13	 104.0	1628.0	   0.7	0
14	 151.0	6306.0	   1.0	1	3991.0	0	151.000000
15	 389.0	8900.0	   1.1	1	8752.0	0	389.000000
16	 195.0	2996.0	   1.3	1	2617.0	0	195.000000
17	 374.0	1388.0	   0.6	1	 949.0	0	374.000000
18	 454.0	7286.0	   1.1	1	3546.0	0	454.000000
19	 173.0	1856.0	   1.1	1	1612.0	0	173.000000
20	 175.0	9996.0	   1.5	1	9460.0	0	175.000000
21	 499.0	2969.0	   1.0	1	2899.0	0	499.000000
22	 165.0	4932.0	   1.2	1	3379.0	0	165.000000
23	 271.0	1780.0	   0.6	1	1734.0	0	271.000000
24	 380.0	4202.0	   1.4	1	2993.0	0	380.000000
25	  48.0	6905.0	   1.2	1	4620.0	0	48.000000
26	 200.0	8883.0	   0.6	1	8332.0	0	200.000000
27	 365.0	6729.0	   0.8	1	6586.0	0	365.000000
28	 236.0	6798.0	   1.1	1	4427.0	0	236.000000
29	  12.0	3485.0	   1.0	0
30	  22.0	8005.0	   1.4	1	5087.0	0	22.000000
31	 122.0	3887.0	   1.2	0
32	  92.0	7691.0	   1.4	1	4631.0	0	92.000000
33	 244.0	5232.0	   0.6	1	2169.0	0	244.000000
34	 204.0	7079.0	   0.8	1	3476.0	0	204.000000
35	 432.0	10217.0	   1.5	1	9350.0	0	432.000000
36	 104.0	6894.0	   1.2	1	6828.0	0	104.000000
37	 242.0	1803.0	   0.5	1	1501.0	0	242.000000
38	 480.0	5544.0	   0.6	1	3929.0	0	480.000000
39	 151.0	7191.0	   0.6	1	7100.0	0	151.000000
40	  87.0	4852.0	   0.9	1	3694.0	0	87.000000
41	 151.0	2268.0	   1.2	1	1091.0	0	151.000000
42	  73.0	5081.0	   1.3	1	2257.0	0	73.000000
43	 322.0	8871.0	   1.1	1	8658.0	0	322.000000
44	 268.0	 303.0	   1.2	1	 307.0	1	263.200000
45	  86.0	6875.0	   0.5	1	4899.0	0	86.000000
46	 345.0	4727.0	   1.0	1	3626.0	0	345.000000
47	 118.0	5488.0	   0.8	1	5163.0	0	118.000000
48	  98.0	8187.0	   1.1	1	8095.0	0	98.000000
49	 127.0	1483.0	   1.4	1	1416.0	0	127.000000
50	  76.0	8822.0	   0.6	1	7491.0	0	76.000000
51	 496.0	1291.0	   1.1	1	1234.0	0	496.000000
52	  62.0	2459.0	   0.9	1	2420.0	0	62.000000
53	 118.0	1268.0	   1.4	1	1237.0	0	118.000000
54	 403.0	6466.0	   1.2	1	5633.0	0	403.000000
55	 276.0	1569.0	   0.5	1	1067.0	0	276.000000
56	 146.0	1300.0	   0.6	0
57	 101.0	1160.0	   1.3	0
58	 232.0	9299.0	   1.2	1	7042.0	0	232.000000
59	 159.0	3618.0	   1.4	1	1432.0	0	159.000000
60	 386.0	4845.0	   0.6	1	3513.0	0	386.000000
61	  21.0	3094.0	   0.9	0
62	 160.0	3767.0	   1.1	1	3035.0	0	160.000000
63	 388.0	 295.0	   0.9	1	 294.0	0	388.000000
64	 176.0	2921.0	   0.9	1	2381.0	0	176.000000
65	  40.0	8286.0	   1.0	1	6715.0	0	40.000000
66	 205.0	7202.0	   1.3	1	5007.0	0	205.000000
67	  58.0	9941.0	   1.2	1	9522.0	0	58.000000
68	 246.0	8906.0	   0.7	1	8420.0	0	246.000000
69	  85.0	1118.0	   0.6	0
70	 395.0	1870.0	   0.9	1	1478.0	0	395.000000
71	 303.0	8072.0	   1.0	1	7208.0	0	303.000000
72	 498.0	9210.0	   1.3	1	9078.0	0	498.000000
73	 480.0	7603.0	   1.2	1	4943.0	0	480.000000
74	  11.0	8066.0	   0.8	0
75	 337.0	 100.0	   0.6	0
76	 102.0	9990.0	   1.0	1	9103.0	0	102.000000
77	 271.0	9002.0	   1.0	1	8994.0	0	271.000000
78	  24.0	8916.0	   1.4	0
79	  96.0	7993.0	   0.6	1	7420.0	0	96.000000
80	  44.0	9091.0	   0.7	1	8501.0	0	44.000000
81	 116.0	8813.0	   0.5	1	8564.0	0	116.000000
82	  39.0	8458.0	   1.0	1	8288.0	0	39.000000
83	 457.0	5150.0	   0.8	1	4553.0	0	457.000000
84	  30.0	3078.0	   0.8	0
85	 329.0	2969.0	   0.8	1	2639.0	0	329.000000
86	 276.0	7407.0	   1.1	1	3116.0	0	276.000000
87	 267.0	2874.0	   1.4	1	2767.0	0	267.000000
88	 434.0	 866.0	   0.6	1	 507.0	0	434.000000
89	 458.0	7942.0	   0.9	1	7562.0	0	458.000000
90	 391.0	3946.0	   1.1	1	3844.0	0	391.000000
91	 178.0	4984.0	   0.5	1	3736.0	0	178.000000
92	 197.0	  37.0	   0.5	0
93	 488.0	9366.0	   1.4	1	8623.0	0	488.000000
94	 190.0	8930.0	   1.4	1	4482.0	0	190.000000
95	   4.0	3205.0	   0.6	0
96	 361.0	10118.0	   0.5	1	8800.0	0	361.000000
97	  46.0	6357.0	   0.7	1	5885.0	0	46.000000
98	  21.0	8597.0	   0.6	1	7746.0	0	21.000000
99	 106.0	6607.0	   1.0	1	5474.0	0	106.000000
100	 150.0	7162.0	   0.8	1	5618.0	0	150.000000
101	 201.0	3890.0	   0.7	1	2932.0	0	201.000000
102	 408.0	7680.0	   1.1	1	7667.0	0	408.000000
103	  14.0	1004.0	   0.8	0
104	 281.0	6386.0	   1.0	1	5241.0	0	281.000000
105	 231.0	5439.0	   1.0	1	5393.0	0	231.000000
106	 199.0	4008.0	   0.9	1	2298.0	0	199.000000
107	 299.0	5819.0	   1.2	1	5732.0	0	299.000000
108	 412.0	3990.0	   0.7	1	3746.0	0	412.000000
109	 457.0	1709.0	   0.5	1	1513.0	0	457.000000
110	 300.0	7000.0	   0.9	1	6421.0	0	300.000000
111	 405.0	1329.0	   0.6	1	1014.0	0	405.000000
112	 419.0	5624.0	   1.4	1	5470.0	0	419.000000
113	  14.0	7671.0	   1.3	0
114	 279.0	2367.0	   0.9	1	1189.0	0	279.000000
115	 438.0	6555.0	   1.1	1	6044.0	0	438.000000
116	 397.0	5406.0	   0.5	1	5024.0	0	397.000000
117	 153.0	 252.0	   0.8	0
118	 385.0	6210.0	   0.5	1	4238.0	0	385.000000
119	 143.0	8945.0	   1.2	1	8195.0	0	143.000000
120	  89.0	9945.0	   0.8	1	9658.0	0	89.000000
121	 454.0	3616.0	   0.8	1	3346.0	0	454.000000
122	 287.0	8296.0	   1.2	1	7934.0	0	287.000000
123	  57.0	5629.0	   1.3	0
124	 133.0	2022.0	   0.7	1	1906.0	0	133.000000
125	  33.0	 146.0	   1.4	0
126	  74.0	9217.0	   1.4	1	9057.0	0	74.000000
127	  62.0	 892.0	   1.4	0
128	 324.0	10142.0	   1.4	1	9229.0	0	324.000000
129	 132.0	6318.0	   1.3	1	6282.0	0	132.000000
130	 313.0	2473.0	   1.3	1	2030.0	0	313.000000
131	 339.0	4385.0	   0.8	1	4349.0	0	339.000000
132	 299.0	4342.0	   0.8	1	4238.0	0	299.000000
133	 179.0	1817.0	   0.9	1	1692.0	0	179.000000
134	 221.0	3654.0	   1.1	1	3605.0	0	221.000000
135	 441.0	7974.0	   0.7	1	7165.0	0	441.000000
136	 319.0	9991.0	   0.8	1	9286.0	0	319.000000
137	 183.0	10098.0	   1.1	1	9495.0	0	183.000000
138	 225.0	8542.0	   0.6	1	1319.0	0	225.000000
139	 477.0	6256.0	   1.3	1	6171.0	0	477.000000
140	  77.0	6202.0	   1.5	1	6003.0	0	77.000000
141	  81.0	8486.0	   0.6	1	7256.0	0	81.000000
142	 490.0	2798.0	   0.9	1	2474.0	0	490.000000
143	 144.0	7885.0	   0.6	1	7651.0	0	144.000000
144	 189.0	 588.0	   1.3	1	 476.0	0	189.000000
145	 385.0	7012.0	   0.7	1	6221.0	0	385.000000
146	 184.0	7545.0	   0.7	1	7324.0	0	184.000000
147	  87.0	 228.0	   0.6	0
148	 311.0	 750.0	   1.1	1	 625.0	0	311.000000
149	 250.0	4836.0	   1.4	1	4765.0	0	250.000000
150	  34.0	6776.0	   1.3	0
151	 320.0	9259.0	   1.0	1	9197.0	0	320.000000
152	  32.0	7714.0	   1.4	1	5909.0	0	32.000000
153	 312.0	9710.0	   1.2	1	6442.0	0	312.000000
154	 484.0	7392.0	   0.7	1	4693.0	0	484.000000
155	 197.0	1957.0	   1.1	1	1748.0	0	197.000000
156	 483.0	7954.0	   0.5	1	7807.0	0	483.000000
157	 412.0	3570.0	   0.9	1	2890.0	0	412.000000
158	 480.0	6047.0	   1.2	1	5811.0	0	480.000000
159	 167.0	8861.0	   0.9	1	7242.0	0	167.000000
160	 318.0	7233.0	   0.7	1	6812.0	0	318.000000
161	  58.0	8960.0	   1.2	1	8896.0	0	58.000000
162	 197.0	 860.0	   0.5	1	 793.0	0	197.000000
163	 289.0	9049.0	   1.5	1	6973.0	0	289.000000
164	   2.0	 883.0	   1.1	0
165	 250.0	6138.0	   1.0	1	4509.0	0	250.000000
166	 239.0	6665.0	   1.3	1	3244.0	0	239.000000
167	 257.0	6448.0	   1.0	1	5468.0	0	257.000000
168	  74.0	5768.0	   1.4	1	5045.0	0	74.000000
169	   8.0	9316.0	   0.5	0
170	 128.0	6870.0	   0.5	1	5750.0	0	128.000000
171	 404.0	3742.0	   1.3	1	3153.0	0	404.000000
172	 300.0	7534.0	   0.9	1	5538.0	0	300.000000
173	 220.0	 614.0	   0.7	1	 585.0	0	220.000000
174	 113.0	5579.0	   0.6	1	4232.0	0	113.000000
175	 427.0	5527.0	   1.3	1	5245.0	0	427.000000
176	 397.0	9915.0	   0.5	1	7653.0	0	397.000000
177	 183.0	9707.0	   1.3	1	9307.0	0	183.000000
178	  94.0	 306.0	   1.4	0
179	 317.0	2992.0	   0.8	1	 885.0	0	317.000000
180	 246.0	8929.0	   0.7	1	5969.0	0	246.000000
181	 419.0	6979.0	   1.5	1	4058.0	0	419.000000
182	 230.0	8203.0	   1.3	1	8023.0	0	230.000000
183	 228.0	  20.0	   0.5	0
184	 265.0	6984.0	   0.7	1	6663.0	0	265.000000
185	 149.0	 667.0	   0.8	1	 607.0	0	149.000000
186	 499.0	7099.0	   0.8	1	6514.0	0	499.000000
187	 267.0	2224.0	   0.6	1	1999.0	0	267.000000
188	 369.0	2495.0	   0.8	1	1567.0	0	369.000000
189	  23.0	5810.0	   1.1	0
190	 280.0	6284.0	   1.4	1	2702.0	0	280.000000
191	 441.0	8340.0	   0.7	1	7410.0	0	441.000000
192	 177.0	8516.0	   1.4	1	6490.0	0	177.000000
193	 473.0	8982.0	   1.0	1	8483.0	0	473.000000
194	 238.0	5856.0	   1.2	1	2843.0	0	238.000000
195	 250.0	7474.0	   1.4	1	6934.0	0	250.000000
196	 400.0	5233.0	   0.7	1	4262.0	0	400.000000
197	 285.0	6631.0	   0.9	1	5318.0	0	285.000000
198	  71.0	8284.0	   1.4	1	7626.0	0	71.000000
199	 150.0	1119.0	   0.7	1	 890.0	0	150.000000
------Order Sequence(ID)-------------------------------
63	63	63	63	63	
44	44	44	44	44	
12	12	12	12	12	
144	144	144	144	144	
88	88	88	88	88	
173	173	173	173	173	
185	185	185	185	185	
148	148	148	148	148	
6	6	6	6	6	
162	162	162	162	162	
179	179	179	179	179	
199	199	199	199	199	
17	17	17	17	17	
111	111	111	111	111	
55	55	55	55	55	
41	41	41	41	41	
114	114	114	114	114	
51	51	51	51	51	
53	53	53	53	53	
138	138	138	138	138	
49	49	49	49	49	
59	59	59	59	59	
70	70	70	70	70	
37	37	37	37	37	
109	109	109	109	109	
188	188	188	188	188	
19	19	19	19	19	
133	133	133	133	133	
23	23	23	23	23	
155	155	155	155	155	
124	124	124	124	124	
187	187	187	187	187	
130	130	130	130	130	
5	5	5	5	5	
11	11	11	11	11	
33	33	33	33	33	
42	42	42	42	42	
106	106	106	106	106	
64	64	64	64	64	
52	52	52	52	52	
142	142	142	142	142	
8	8	8	8	8	
1	1	1	1	1	
16	16	16	16	16	
85	85	85	85	85	
190	190	190	190	190	
87	87	87	87	87	
194	194	194	194	194	
157	157	157	157	157	
21	21	21	21	21	
101	101	101	101	101	
24	24	24	24	24	
62	62	62	62	62	
86	86	86	86	86	
171	171	171	171	171	
166	166	166	166	166	
121	121	121	121	121	
22	22	22	22	22	
34	34	34	34	34	
60	60	60	60	60	
18	18	18	18	18	
7	7	7	7	7	
134	134	134	134	134	
46	46	46	46	46	
40	40	40	40	40	
91	91	91	91	91	
108	108	108	108	108	
90	90	90	90	90	
38	38	38	38	38	
14	14	14	14	14	
181	181	181	181	181	
3	3	3	3	3	
174	174	174	174	174	
132	132	132	132	132	
118	118	118	118	118	
196	196	196	196	196	
131	131	131	131	131	
28	28	28	28	28	
94	94	94	94	94	
165	165	165	165	165	
83	83	83	83	83	
25	25	25	25	25	
32	32	32	32	32	
154	154	154	154	154	
149	149	149	149	149	
0	0	0	0	0	
45	45	45	45	45	
73	73	73	73	73	
66	66	66	66	66	
116	116	116	116	116	
168	168	168	168	168	
30	30	30	30	30	
47	47	47	47	47	
104	104	104	104	104	
175	175	175	175	175	
197	197	197	197	197	
105	105	105	105	105	
167	167	167	167	167	
112	112	112	112	112	
99	99	99	99	99	
172	172	172	172	172	
100	100	100	100	100	
54	54	54	54	54	
107	107	107	107	107	
170	170	170	170	170	
158	158	158	158	158	
97	97	97	97	97	
152	152	152	152	152	
180	180	180	180	180	
140	140	140	140	140	
115	115	115	115	115	
139	139	139	139	139	
145	145	145	145	145	
129	129	129	129	129	
4	4	4	4	4	
110	110	110	110	110	
153	153	153	153	153	
192	192	192	192	192	
186	186	186	186	186	
27	27	27	27	27	
184	184	184	184	184	
65	65	65	65	65	
160	160	160	160	160	
36	36	36	36	36	
2	2	2	2	2	
195	195	195	195	195	
163	163	163	163	163	
58	58	58	58	58	
39	39	39	39	39	
135	135	135	135	135	
71	71	71	71	71	
159	159	159	159	159	
141	141	141	141	141	
146	146	146	146	146	
191	191	191	191	191	
79	79	79	79	79	
50	50	50	50	50	
89	89	89	89	89	
198	198	198	198	198	
143	143	143	143	143	
176	176	176	176	176	
102	102	102	102	102	
98	98	98	98	98	
156	156	156	156	156	
122	122	122	122	122	
182	182	182	182	182	
48	48	48	48	48	
119	119	119	119	119	
82	82	82	82	82	
26	26	26	26	26	
68	68	68	68	68	
193	193	193	193	193	
80	80	80	80	80	
81	81	81	81	81	
93	93	93	93	93	
9	9	9	9	9	
43	43	43	43	43	
15	15	15	15	15	
96	96	96	96	96	
161	161	161	161	161	
77	77	77	77	77	
126	126	126	126	126	
72	72	72	72	72	
76	76	76	76	76	
151	151	151	151	151	
128	128	128	128	128	
136	136	136	136	136	
177	177	177	177	177	
35	35	35	35	35	
20	20	20	20	20	
137	137	137	137	137	
67	67	67	67	67	
120	120	120	120	120	
------Finished time(ID)-------------------------------
(63,   66.0,   66.0)	(63,    9.0,   75.0)	(63,   87.0,  162.0)	(63,   35.0,  197.0)	(63,   97.0,  294.0)	pi= 388.0	di= 295.0	wi=   0.9	Pal=   0.0	profit=388.000000
(44,   59.0,  125.0)	(44,   11.0,  136.0)	(44,   63.0,  225.0)	(44,    0.0,  225.0)	(44,   13.0,  307.0)	pi= 268.0	di= 303.0	wi=   1.2	Pal=   4.8	profit=263.200000
(12,    4.0,  129.0)	(12,   89.0,  225.0)	(12,   47.0,  272.0)	(12,   37.0,  309.0)	(12,   22.0,  331.0)	pi= 362.0	di=  34.0	wi=   0.5	Pal= 148.5	profit=213.500000
(144,   56.0,  185.0)	(144,   16.0,  241.0)	(144,   74.0,  346.0)	(144,   60.0,  406.0)	(144,   70.0,  476.0)	pi= 189.0	di= 588.0	wi=   1.3	Pal=   0.0	profit=189.000000
(88,   31.0,  216.0)	(88,   34.0,  275.0)	(88,   24.0,  370.0)	(88,   95.0,  501.0)	(88,    6.0,  507.0)	pi= 434.0	di= 866.0	wi=   0.6	Pal=   0.0	profit=434.000000
(173,   54.0,  270.0)	(173,   80.0,  355.0)	(173,   67.0,  437.0)	(173,   17.0,  518.0)	(173,   67.0,  585.0)	pi= 220.0	di= 614.0	wi=   0.7	Pal=   0.0	profit=220.000000
(185,   20.0,  290.0)	(185,   11.0,  366.0)	(185,   59.0,  496.0)	(185,   62.0,  580.0)	(185,   22.0,  607.0)	pi= 149.0	di= 667.0	wi=   0.8	Pal=   0.0	profit=149.000000
(148,   63.0,  353.0)	(148,   23.0,  389.0)	(148,   39.0,  535.0)	(148,    2.0,  582.0)	(148,   18.0,  625.0)	pi= 311.0	di= 750.0	wi=   1.1	Pal=   0.0	profit=311.000000
(6,   23.0,  376.0)	(6,   84.0,  473.0)	(6,   61.0,  596.0)	(6,   47.0,  643.0)	(6,   24.0,  667.0)	pi= 163.0	di=2470.0	wi=   0.8	Pal=   0.0	profit=163.000000
(162,   30.0,  406.0)	(162,   25.0,  498.0)	(162,   68.0,  664.0)	(162,   60.0,  724.0)	(162,   69.0,  793.0)	pi= 197.0	di= 860.0	wi=   0.5	Pal=   0.0	profit=197.000000
(179,   30.0,  436.0)	(179,   10.0,  508.0)	(179,   97.0,  761.0)	(179,   59.0,  820.0)	(179,   65.0,  885.0)	pi= 317.0	di=2992.0	wi=   0.8	Pal=   0.0	profit=317.000000
(199,   32.0,  468.0)	(199,   73.0,  581.0)	(199,   25.0,  786.0)	(199,   46.0,  866.0)	(199,    5.0,  890.0)	pi= 150.0	di=1119.0	wi=   0.7	Pal=   0.0	profit=150.000000
(17,   30.0,  498.0)	(17,   92.0,  673.0)	(17,    1.0,  787.0)	(17,   23.0,  889.0)	(17,   59.0,  949.0)	pi= 374.0	di=1388.0	wi=   0.6	Pal=   0.0	profit=374.000000
(111,   55.0,  553.0)	(111,   77.0,  750.0)	(111,   76.0,  863.0)	(111,   80.0,  969.0)	(111,   45.0, 1014.0)	pi= 405.0	di=1329.0	wi=   0.6	Pal=   0.0	profit=405.000000
(55,   29.0,  582.0)	(55,    5.0,  755.0)	(55,   31.0,  894.0)	(55,   14.0,  983.0)	(55,   53.0, 1067.0)	pi= 276.0	di=1569.0	wi=   0.5	Pal=   0.0	profit=276.000000
(41,   46.0,  628.0)	(41,   61.0,  816.0)	(41,   65.0,  959.0)	(41,   76.0, 1059.0)	(41,   24.0, 1091.0)	pi= 151.0	di=2268.0	wi=   1.2	Pal=   0.0	profit=151.000000
(114,   17.0,  645.0)	(114,   78.0,  894.0)	(114,   70.0, 1029.0)	(114,   78.0, 1137.0)	(114,   52.0, 1189.0)	pi= 279.0	di=2367.0	wi=   0.9	Pal=   0.0	profit=279.000000
(51,   31.0,  676.0)	(51,   64.0,  958.0)	(51,   69.0, 1098.0)	(51,   63.0, 1200.0)	(51,   34.0, 1234.0)	pi= 496.0	di=1291.0	wi=   1.1	Pal=   0.0	profit=496.000000
(53,   83.0,  759.0)	(53,   87.0, 1045.0)	(53,   14.0, 1112.0)	(53,   27.0, 1227.0)	(53,    3.0, 1237.0)	pi= 118.0	di=1268.0	wi=   1.4	Pal=   0.0	profit=118.000000
(138,   95.0,  854.0)	(138,    3.0, 1048.0)	(138,   92.0, 1204.0)	(138,    9.0, 1236.0)	(138,   82.0, 1319.0)	pi= 225.0	di=8542.0	wi=   0.6	Pal=   0.0	profit=225.000000
(49,    7.0,  861.0)	(49,   26.0, 1074.0)	(49,   15.0, 1219.0)	(49,   84.0, 1320.0)	(49,   96.0, 1416.0)	pi= 127.0	di=1483.0	wi=   1.4	Pal=   0.0	profit=127.000000
(59,   18.0,  879.0)	(59,   38.0, 1112.0)	(59,   85.0, 1304.0)	(59,   52.0, 1372.0)	(59,   16.0, 1432.0)	pi= 159.0	di=3618.0	wi=   1.4	Pal=   0.0	profit=159.000000
(70,   27.0,  906.0)	(70,   73.0, 1185.0)	(70,    2.0, 1306.0)	(70,   36.0, 1408.0)	(70,   46.0, 1478.0)	pi= 395.0	di=1870.0	wi=   0.9	Pal=   0.0	profit=395.000000
(37,   87.0,  993.0)	(37,   33.0, 1218.0)	(37,    8.0, 1314.0)	(37,   25.0, 1433.0)	(37,   23.0, 1501.0)	pi= 242.0	di=1803.0	wi=   0.5	Pal=   0.0	profit=242.000000
(109,   20.0, 1013.0)	(109,   59.0, 1277.0)	(109,   17.0, 1331.0)	(109,   34.0, 1467.0)	(109,   12.0, 1513.0)	pi= 457.0	di=1709.0	wi=   0.5	Pal=   0.0	profit=457.000000
(188,   61.0, 1074.0)	(188,   82.0, 1359.0)	(188,   55.0, 1414.0)	(188,   32.0, 1499.0)	(188,   54.0, 1567.0)	pi= 369.0	di=2495.0	wi=   0.8	Pal=   0.0	profit=369.000000
(19,   65.0, 1139.0)	(19,   90.0, 1449.0)	(19,   29.0, 1478.0)	(19,   95.0, 1594.0)	(19,   18.0, 1612.0)	pi= 173.0	di=1856.0	wi=   1.1	Pal=   0.0	profit=173.000000
(133,   40.0, 1179.0)	(133,   65.0, 1514.0)	(133,   58.0, 1572.0)	(133,   98.0, 1692.0)	(133,    0.0, 1692.0)	pi= 179.0	di=1817.0	wi=   0.9	Pal=   0.0	profit=179.000000
(23,   40.0, 1219.0)	(23,   49.0, 1563.0)	(23,   68.0, 1640.0)	(23,   11.0, 1703.0)	(23,   31.0, 1734.0)	pi= 271.0	di=1780.0	wi=   0.6	Pal=   0.0	profit=271.000000
(155,   23.0, 1242.0)	(155,   46.0, 1609.0)	(155,   74.0, 1714.0)	(155,    4.0, 1718.0)	(155,   14.0, 1748.0)	pi= 197.0	di=1957.0	wi=   1.1	Pal=   0.0	profit=197.000000
(124,   35.0, 1277.0)	(124,    9.0, 1618.0)	(124,   30.0, 1744.0)	(124,  100.0, 1844.0)	(124,   62.0, 1906.0)	pi= 133.0	di=2022.0	wi=   0.7	Pal=   0.0	profit=133.000000
(187,   98.0, 1375.0)	(187,   41.0, 1659.0)	(187,   59.0, 1803.0)	(187,   54.0, 1898.0)	(187,   93.0, 1999.0)	pi= 267.0	di=2224.0	wi=   0.6	Pal=   0.0	profit=267.000000
(130,   41.0, 1416.0)	(130,   80.0, 1739.0)	(130,   64.0, 1867.0)	(130,   48.0, 1946.0)	(130,   31.0, 2030.0)	pi= 313.0	di=2473.0	wi=   1.3	Pal=   0.0	profit=313.000000
(5,   11.0, 1427.0)	(5,   33.0, 1772.0)	(5,   46.0, 1913.0)	(5,   22.0, 1968.0)	(5,   51.0, 2081.0)	pi= 222.0	di=3033.0	wi=   0.9	Pal=   0.0	profit=222.000000
(11,   32.0, 1459.0)	(11,   60.0, 1832.0)	(11,    6.0, 1919.0)	(11,   59.0, 2027.0)	(11,   39.0, 2120.0)	pi= 251.0	di=2256.0	wi=   0.8	Pal=   0.0	profit=251.000000
(33,   71.0, 1530.0)	(33,   18.0, 1850.0)	(33,   12.0, 1931.0)	(33,   22.0, 2049.0)	(33,   49.0, 2169.0)	pi= 244.0	di=5232.0	wi=   0.6	Pal=   0.0	profit=244.000000
(42,   25.0, 1555.0)	(42,   45.0, 1895.0)	(42,   62.0, 1993.0)	(42,    5.0, 2054.0)	(42,   88.0, 2257.0)	pi=  73.0	di=5081.0	wi=   1.3	Pal=   0.0	profit=73.000000
(106,   20.0, 1575.0)	(106,    2.0, 1897.0)	(106,   31.0, 2024.0)	(106,   74.0, 2128.0)	(106,   41.0, 2298.0)	pi= 199.0	di=4008.0	wi=   0.9	Pal=   0.0	profit=199.000000
(64,   95.0, 1670.0)	(64,   79.0, 1976.0)	(64,   54.0, 2078.0)	(64,   19.0, 2147.0)	(64,   83.0, 2381.0)	pi= 176.0	di=2921.0	wi=   0.9	Pal=   0.0	profit=176.000000
(52,   58.0, 1728.0)	(52,   36.0, 2012.0)	(52,   22.0, 2100.0)	(52,   46.0, 2193.0)	(52,   39.0, 2420.0)	pi=  62.0	di=2459.0	wi=   0.9	Pal=   0.0	profit=62.000000
(142,   54.0, 1782.0)	(142,   12.0, 2024.0)	(142,   79.0, 2179.0)	(142,   78.0, 2271.0)	(142,   54.0, 2474.0)	pi= 490.0	di=2798.0	wi=   0.9	Pal=   0.0	profit=490.000000
(8,   61.0, 1843.0)	(8,   20.0, 2044.0)	(8,   15.0, 2194.0)	(8,   47.0, 2318.0)	(8,   36.0, 2510.0)	pi= 244.0	di=3084.0	wi=   0.8	Pal=   0.0	profit=244.000000
(1,   53.0, 1896.0)	(1,   70.0, 2114.0)	(1,   49.0, 2243.0)	(1,   81.0, 2399.0)	(1,   46.0, 2556.0)	pi= 181.0	di=4736.0	wi=   1.3	Pal=   0.0	profit=181.000000
(16,   92.0, 1988.0)	(16,   81.0, 2195.0)	(16,   85.0, 2328.0)	(16,   57.0, 2456.0)	(16,   61.0, 2617.0)	pi= 195.0	di=2996.0	wi=   1.3	Pal=   0.0	profit=195.000000
(85,   45.0, 2033.0)	(85,   88.0, 2283.0)	(85,   86.0, 2414.0)	(85,   77.0, 2533.0)	(85,   22.0, 2639.0)	pi= 329.0	di=2969.0	wi=   0.8	Pal=   0.0	profit=329.000000
(190,   53.0, 2086.0)	(190,   77.0, 2360.0)	(190,   14.0, 2428.0)	(190,   57.0, 2590.0)	(190,   63.0, 2702.0)	pi= 280.0	di=6284.0	wi=   1.4	Pal=   0.0	profit=280.000000
(87,   73.0, 2159.0)	(87,   67.0, 2427.0)	(87,   74.0, 2502.0)	(87,    0.0, 2590.0)	(87,   65.0, 2767.0)	pi= 267.0	di=2874.0	wi=   1.4	Pal=   0.0	profit=267.000000
(194,    7.0, 2166.0)	(194,   37.0, 2464.0)	(194,   88.0, 2590.0)	(194,   87.0, 2677.0)	(194,   76.0, 2843.0)	pi= 238.0	di=5856.0	wi=   1.2	Pal=   0.0	profit=238.000000
(157,   34.0, 2200.0)	(157,   12.0, 2476.0)	(157,   78.0, 2668.0)	(157,   68.0, 2745.0)	(157,   47.0, 2890.0)	pi= 412.0	di=3570.0	wi=   0.9	Pal=   0.0	profit=412.000000
(21,   92.0, 2292.0)	(21,   70.0, 2546.0)	(21,   94.0, 2762.0)	(21,   16.0, 2778.0)	(21,    9.0, 2899.0)	pi= 499.0	di=2969.0	wi=   1.0	Pal=   0.0	profit=499.000000
(101,   34.0, 2326.0)	(101,   23.0, 2569.0)	(101,   18.0, 2780.0)	(101,   26.0, 2806.0)	(101,   33.0, 2932.0)	pi= 201.0	di=3890.0	wi=   0.7	Pal=   0.0	profit=201.000000
(24,   18.0, 2344.0)	(24,   62.0, 2631.0)	(24,   38.0, 2818.0)	(24,   87.0, 2905.0)	(24,   61.0, 2993.0)	pi= 380.0	di=4202.0	wi=   1.4	Pal=   0.0	profit=380.000000
(62,   70.0, 2414.0)	(62,   65.0, 2696.0)	(62,   98.0, 2916.0)	(62,   55.0, 2971.0)	(62,   42.0, 3035.0)	pi= 160.0	di=3767.0	wi=   1.1	Pal=   0.0	profit=160.000000
(86,   49.0, 2463.0)	(86,   79.0, 2775.0)	(86,    3.0, 2919.0)	(86,   95.0, 3066.0)	(86,   50.0, 3116.0)	pi= 276.0	di=7407.0	wi=   1.1	Pal=   0.0	profit=276.000000
(171,   51.0, 2514.0)	(171,   31.0, 2806.0)	(171,   55.0, 2974.0)	(171,   36.0, 3102.0)	(171,   37.0, 3153.0)	pi= 404.0	di=3742.0	wi=   1.3	Pal=   0.0	profit=404.000000
(166,   11.0, 2525.0)	(166,   95.0, 2901.0)	(166,   37.0, 3011.0)	(166,   65.0, 3167.0)	(166,   77.0, 3244.0)	pi= 239.0	di=6665.0	wi=   1.3	Pal=   0.0	profit=239.000000
(121,    2.0, 2527.0)	(121,   15.0, 2916.0)	(121,   62.0, 3073.0)	(121,   88.0, 3255.0)	(121,   91.0, 3346.0)	pi= 454.0	di=3616.0	wi=   0.8	Pal=   0.0	profit=454.000000
(22,   78.0, 2605.0)	(22,   92.0, 3008.0)	(22,   56.0, 3129.0)	(22,   12.0, 3267.0)	(22,   33.0, 3379.0)	pi= 165.0	di=4932.0	wi=   1.2	Pal=   0.0	profit=165.000000
(34,   41.0, 2646.0)	(34,   64.0, 3072.0)	(34,    7.0, 3136.0)	(34,   65.0, 3332.0)	(34,   97.0, 3476.0)	pi= 204.0	di=7079.0	wi=   0.8	Pal=   0.0	profit=204.000000
(60,    4.0, 2650.0)	(60,    0.0, 3072.0)	(60,   76.0, 3212.0)	(60,   82.0, 3414.0)	(60,   37.0, 3513.0)	pi= 386.0	di=4845.0	wi=   0.6	Pal=   0.0	profit=386.000000
(18,   46.0, 2696.0)	(18,   54.0, 3126.0)	(18,    5.0, 3217.0)	(18,   21.0, 3435.0)	(18,   33.0, 3546.0)	pi= 454.0	di=7286.0	wi=   1.1	Pal=   0.0	profit=454.000000
(7,   61.0, 2757.0)	(7,   56.0, 3182.0)	(7,   64.0, 3281.0)	(7,    0.0, 3435.0)	(7,   48.0, 3594.0)	pi= 417.0	di=3597.0	wi=   1.0	Pal=   0.0	profit=417.000000
(134,   34.0, 2791.0)	(134,   32.0, 3214.0)	(134,    1.0, 3282.0)	(134,   68.0, 3503.0)	(134,   11.0, 3605.0)	pi= 221.0	di=3654.0	wi=   1.1	Pal=   0.0	profit=221.000000
(46,   70.0, 2861.0)	(46,   57.0, 3271.0)	(46,   97.0, 3379.0)	(46,   97.0, 3600.0)	(46,   21.0, 3626.0)	pi= 345.0	di=4727.0	wi=   1.0	Pal=   0.0	profit=345.000000
(40,   62.0, 2923.0)	(40,   50.0, 3321.0)	(40,   52.0, 3431.0)	(40,    0.0, 3600.0)	(40,   68.0, 3694.0)	pi=  87.0	di=4852.0	wi=   0.9	Pal=   0.0	profit=87.000000
(91,   42.0, 2965.0)	(91,   95.0, 3416.0)	(91,   61.0, 3492.0)	(91,    6.0, 3606.0)	(91,   42.0, 3736.0)	pi= 178.0	di=4984.0	wi=   0.5	Pal=   0.0	profit=178.000000
(108,   17.0, 2982.0)	(108,   35.0, 3451.0)	(108,   92.0, 3584.0)	(108,   45.0, 3651.0)	(108,   10.0, 3746.0)	pi= 412.0	di=3990.0	wi=   0.7	Pal=   0.0	profit=412.000000
(90,   68.0, 3050.0)	(90,   34.0, 3485.0)	(90,   72.0, 3656.0)	(90,   75.0, 3731.0)	(90,   98.0, 3844.0)	pi= 391.0	di=3946.0	wi=   1.1	Pal=   0.0	profit=391.000000
(38,    6.0, 3056.0)	(38,  100.0, 3585.0)	(38,   22.0, 3678.0)	(38,    5.0, 3736.0)	(38,   85.0, 3929.0)	pi= 480.0	di=5544.0	wi=   0.6	Pal=   0.0	profit=480.000000
(14,   76.0, 3132.0)	(14,    4.0, 3589.0)	(14,   99.0, 3777.0)	(14,   34.0, 3811.0)	(14,   62.0, 3991.0)	pi= 151.0	di=6306.0	wi=   1.0	Pal=   0.0	profit=151.000000
(181,   64.0, 3196.0)	(181,   39.0, 3628.0)	(181,   26.0, 3803.0)	(181,   17.0, 3828.0)	(181,   67.0, 4058.0)	pi= 419.0	di=6979.0	wi=   1.5	Pal=   0.0	profit=419.000000
(3,   99.0, 3295.0)	(3,   97.0, 3725.0)	(3,   18.0, 3821.0)	(3,   86.0, 3914.0)	(3,   94.0, 4152.0)	pi= 228.0	di=4864.0	wi=   1.3	Pal=   0.0	profit=228.000000
(174,   37.0, 3332.0)	(174,   49.0, 3774.0)	(174,   64.0, 3885.0)	(174,   66.0, 3980.0)	(174,   80.0, 4232.0)	pi= 113.0	di=5579.0	wi=   0.6	Pal=   0.0	profit=113.000000
(132,   47.0, 3379.0)	(132,    8.0, 3782.0)	(132,   42.0, 3927.0)	(132,   83.0, 4063.0)	(132,    6.0, 4238.0)	pi= 299.0	di=4342.0	wi=   0.8	Pal=   0.0	profit=299.000000
(118,   37.0, 3416.0)	(118,   88.0, 3870.0)	(118,   61.0, 3988.0)	(118,   45.0, 4108.0)	(118,    0.0, 4238.0)	pi= 385.0	di=6210.0	wi=   0.5	Pal=   0.0	profit=385.000000
(196,   47.0, 3463.0)	(196,   50.0, 3920.0)	(196,   92.0, 4080.0)	(196,   41.0, 4149.0)	(196,   24.0, 4262.0)	pi= 400.0	di=5233.0	wi=   0.7	Pal=   0.0	profit=400.000000
(131,   81.0, 3544.0)	(131,   64.0, 3984.0)	(131,   81.0, 4161.0)	(131,   86.0, 4247.0)	(131,   87.0, 4349.0)	pi= 339.0	di=4385.0	wi=   0.8	Pal=   0.0	profit=339.000000
(28,   61.0, 3605.0)	(28,   83.0, 4067.0)	(28,   20.0, 4181.0)	(28,    7.0, 4254.0)	(28,   78.0, 4427.0)	pi= 236.0	di=6798.0	wi=   1.1	Pal=   0.0	profit=236.000000
(94,   28.0, 3633.0)	(94,   24.0, 4091.0)	(94,   82.0, 4263.0)	(94,   48.0, 4311.0)	(94,   55.0, 4482.0)	pi= 190.0	di=8930.0	wi=   1.4	Pal=   0.0	profit=190.000000
(165,   35.0, 3668.0)	(165,   99.0, 4190.0)	(165,   38.0, 4301.0)	(165,   99.0, 4410.0)	(165,   27.0, 4509.0)	pi= 250.0	di=6138.0	wi=   1.0	Pal=   0.0	profit=250.000000
(83,   64.0, 3732.0)	(83,   78.0, 4268.0)	(83,   65.0, 4366.0)	(83,   33.0, 4443.0)	(83,   44.0, 4553.0)	pi= 457.0	di=5150.0	wi=   0.8	Pal=   0.0	profit=457.000000
(25,   68.0, 3800.0)	(25,   48.0, 4316.0)	(25,   90.0, 4456.0)	(25,   12.0, 4468.0)	(25,   67.0, 4620.0)	pi=  48.0	di=6905.0	wi=   1.2	Pal=   0.0	profit=48.000000
(32,   80.0, 3880.0)	(32,   48.0, 4364.0)	(32,    4.0, 4460.0)	(32,  100.0, 4568.0)	(32,   11.0, 4631.0)	pi=  92.0	di=7691.0	wi=   1.4	Pal=   0.0	profit=92.000000
(154,   83.0, 3963.0)	(154,   68.0, 4432.0)	(154,  100.0, 4560.0)	(154,    4.0, 4572.0)	(154,   62.0, 4693.0)	pi= 484.0	di=7392.0	wi=   0.7	Pal=   0.0	profit=484.000000
(149,   78.0, 4041.0)	(149,   64.0, 4496.0)	(149,   15.0, 4575.0)	(149,   74.0, 4649.0)	(149,   72.0, 4765.0)	pi= 250.0	di=4836.0	wi=   1.4	Pal=   0.0	profit=250.000000
(0,   95.0, 4136.0)	(0,   28.0, 4524.0)	(0,   17.0, 4592.0)	(0,   18.0, 4667.0)	(0,   51.0, 4816.0)	pi=  11.0	di=5452.0	wi=   0.7	Pal=   0.0	profit=11.000000
(45,   50.0, 4186.0)	(45,   18.0, 4542.0)	(45,   20.0, 4612.0)	(45,   17.0, 4684.0)	(45,   83.0, 4899.0)	pi=  86.0	di=6875.0	wi=   0.5	Pal=   0.0	profit=86.000000
(73,   41.0, 4227.0)	(73,   53.0, 4595.0)	(73,   16.0, 4628.0)	(73,   41.0, 4725.0)	(73,   44.0, 4943.0)	pi= 480.0	di=7603.0	wi=   1.2	Pal=   0.0	profit=480.000000
(66,   87.0, 4314.0)	(66,    2.0, 4597.0)	(66,   47.0, 4675.0)	(66,   36.0, 4761.0)	(66,   64.0, 5007.0)	pi= 205.0	di=7202.0	wi=   1.3	Pal=   0.0	profit=205.000000
(116,   31.0, 4345.0)	(116,   95.0, 4692.0)	(116,   99.0, 4791.0)	(116,   88.0, 4879.0)	(116,   17.0, 5024.0)	pi= 397.0	di=5406.0	wi=   0.5	Pal=   0.0	profit=397.000000
(168,    7.0, 4352.0)	(168,   26.0, 4718.0)	(168,   60.0, 4851.0)	(168,   17.0, 4896.0)	(168,   21.0, 5045.0)	pi=  74.0	di=5768.0	wi=   1.4	Pal=   0.0	profit=74.000000
(30,   60.0, 4412.0)	(30,   26.0, 4744.0)	(30,   63.0, 4914.0)	(30,   88.0, 5002.0)	(30,   42.0, 5087.0)	pi=  22.0	di=8005.0	wi=   1.4	Pal=   0.0	profit=22.000000
(47,   81.0, 4493.0)	(47,   43.0, 4787.0)	(47,   43.0, 4957.0)	(47,   85.0, 5087.0)	(47,   76.0, 5163.0)	pi= 118.0	di=5488.0	wi=   0.8	Pal=   0.0	profit=118.000000
(104,   90.0, 4583.0)	(104,    4.0, 4791.0)	(104,    9.0, 4966.0)	(104,   40.0, 5127.0)	(104,   78.0, 5241.0)	pi= 281.0	di=6386.0	wi=   1.0	Pal=   0.0	profit=281.000000
(175,   60.0, 4643.0)	(175,   70.0, 4861.0)	(175,   78.0, 5044.0)	(175,   20.0, 5147.0)	(175,    4.0, 5245.0)	pi= 427.0	di=5527.0	wi=   1.3	Pal=   0.0	profit=427.000000
(197,   57.0, 4700.0)	(197,   39.0, 4900.0)	(197,   36.0, 5080.0)	(197,   18.0, 5165.0)	(197,   73.0, 5318.0)	pi= 285.0	di=6631.0	wi=   0.9	Pal=   0.0	profit=285.000000
(105,   41.0, 4741.0)	(105,   97.0, 4997.0)	(105,   21.0, 5101.0)	(105,   24.0, 5189.0)	(105,   75.0, 5393.0)	pi= 231.0	di=5439.0	wi=   1.0	Pal=   0.0	profit=231.000000
(167,   24.0, 4765.0)	(167,   68.0, 5065.0)	(167,   29.0, 5130.0)	(167,   76.0, 5265.0)	(167,   75.0, 5468.0)	pi= 257.0	di=6448.0	wi=   1.0	Pal=   0.0	profit=257.000000
(112,   42.0, 4807.0)	(112,   55.0, 5120.0)	(112,    0.0, 5130.0)	(112,   59.0, 5324.0)	(112,    2.0, 5470.0)	pi= 419.0	di=5624.0	wi=   1.4	Pal=   0.0	profit=419.000000
(99,   21.0, 4828.0)	(99,   72.0, 5192.0)	(99,   96.0, 5288.0)	(99,   63.0, 5387.0)	(99,    4.0, 5474.0)	pi= 106.0	di=6607.0	wi=   1.0	Pal=   0.0	profit=106.000000
(172,   39.0, 4867.0)	(172,   65.0, 5257.0)	(172,   10.0, 5298.0)	(172,   94.0, 5481.0)	(172,   57.0, 5538.0)	pi= 300.0	di=7534.0	wi=   0.9	Pal=   0.0	profit=300.000000
(100,   16.0, 4883.0)	(100,   36.0, 5293.0)	(100,   66.0, 5364.0)	(100,   80.0, 5561.0)	(100,   57.0, 5618.0)	pi= 150.0	di=7162.0	wi=   0.8	Pal=   0.0	profit=150.000000
(54,   56.0, 4939.0)	(54,   42.0, 5335.0)	(54,   58.0, 5422.0)	(54,   24.0, 5585.0)	(54,   15.0, 5633.0)	pi= 403.0	di=6466.0	wi=   1.2	Pal=   0.0	profit=403.000000
(107,   74.0, 5013.0)	(107,   62.0, 5397.0)	(107,    3.0, 5425.0)	(107,   23.0, 5608.0)	(107,   99.0, 5732.0)	pi= 299.0	di=5819.0	wi=   1.2	Pal=   0.0	profit=299.000000
(170,    1.0, 5014.0)	(170,   43.0, 5440.0)	(170,   30.0, 5470.0)	(170,   28.0, 5636.0)	(170,   18.0, 5750.0)	pi= 128.0	di=6870.0	wi=   0.5	Pal=   0.0	profit=128.000000
(158,   88.0, 5102.0)	(158,    1.0, 5441.0)	(158,    0.0, 5470.0)	(158,   92.0, 5728.0)	(158,   61.0, 5811.0)	pi= 480.0	di=6047.0	wi=   1.2	Pal=   0.0	profit=480.000000
(97,   97.0, 5199.0)	(97,   18.0, 5459.0)	(97,    7.0, 5477.0)	(97,   69.0, 5797.0)	(97,   74.0, 5885.0)	pi=  46.0	di=6357.0	wi=   0.7	Pal=   0.0	profit=46.000000
(152,   97.0, 5296.0)	(152,   34.0, 5493.0)	(152,   73.0, 5566.0)	(152,   79.0, 5876.0)	(152,   24.0, 5909.0)	pi=  32.0	di=7714.0	wi=   1.4	Pal=   0.0	profit=32.000000
(180,   42.0, 5338.0)	(180,   65.0, 5558.0)	(180,   74.0, 5640.0)	(180,   38.0, 5914.0)	(180,   55.0, 5969.0)	pi= 246.0	di=8929.0	wi=   0.7	Pal=   0.0	profit=246.000000
(140,   50.0, 5388.0)	(140,   98.0, 5656.0)	(140,   70.0, 5726.0)	(140,   79.0, 5993.0)	(140,   10.0, 6003.0)	pi=  77.0	di=6202.0	wi=   1.5	Pal=   0.0	profit=77.000000
(115,   28.0, 5416.0)	(115,   62.0, 5718.0)	(115,   53.0, 5779.0)	(115,   17.0, 6010.0)	(115,   34.0, 6044.0)	pi= 438.0	di=6555.0	wi=   1.1	Pal=   0.0	profit=438.000000
(139,   23.0, 5439.0)	(139,   60.0, 5778.0)	(139,    3.0, 5782.0)	(139,   63.0, 6073.0)	(139,   98.0, 6171.0)	pi= 477.0	di=6256.0	wi=   1.3	Pal=   0.0	profit=477.000000
(145,   53.0, 5492.0)	(145,   59.0, 5837.0)	(145,   56.0, 5893.0)	(145,   27.0, 6100.0)	(145,   50.0, 6221.0)	pi= 385.0	di=7012.0	wi=   0.7	Pal=   0.0	profit=385.000000
(129,   36.0, 5528.0)	(129,   25.0, 5862.0)	(129,   24.0, 5917.0)	(129,   67.0, 6167.0)	(129,   61.0, 6282.0)	pi= 132.0	di=6318.0	wi=   1.3	Pal=   0.0	profit=132.000000
(4,   78.0, 5606.0)	(4,   58.0, 5920.0)	(4,   94.0, 6014.0)	(4,   77.0, 6244.0)	(4,   53.0, 6335.0)	pi=  68.0	di=6454.0	wi=   0.5	Pal=   0.0	profit=68.000000
(110,   25.0, 5631.0)	(110,   87.0, 6007.0)	(110,   34.0, 6048.0)	(110,   53.0, 6297.0)	(110,   86.0, 6421.0)	pi= 300.0	di=7000.0	wi=   0.9	Pal=   0.0	profit=300.000000
(153,   58.0, 5689.0)	(153,    8.0, 6015.0)	(153,   66.0, 6114.0)	(153,   40.0, 6337.0)	(153,   21.0, 6442.0)	pi= 312.0	di=9710.0	wi=   1.2	Pal=   0.0	profit=312.000000
(192,   19.0, 5708.0)	(192,   37.0, 6052.0)	(192,   66.0, 6180.0)	(192,   80.0, 6417.0)	(192,   48.0, 6490.0)	pi= 177.0	di=8516.0	wi=   1.4	Pal=   0.0	profit=177.000000
(186,   54.0, 5762.0)	(186,   30.0, 6082.0)	(186,   26.0, 6206.0)	(186,   89.0, 6506.0)	(186,    8.0, 6514.0)	pi= 499.0	di=7099.0	wi=   0.8	Pal=   0.0	profit=499.000000
(27,   34.0, 5796.0)	(27,   11.0, 6093.0)	(27,   77.0, 6283.0)	(27,   16.0, 6522.0)	(27,   64.0, 6586.0)	pi= 365.0	di=6729.0	wi=   0.8	Pal=   0.0	profit=365.000000
(184,   71.0, 5867.0)	(184,   80.0, 6173.0)	(184,   52.0, 6335.0)	(184,   31.0, 6553.0)	(184,   77.0, 6663.0)	pi= 265.0	di=6984.0	wi=   0.7	Pal=   0.0	profit=265.000000
(65,   60.0, 5927.0)	(65,   36.0, 6209.0)	(65,   18.0, 6353.0)	(65,   85.0, 6638.0)	(65,   52.0, 6715.0)	pi=  40.0	di=8286.0	wi=   1.0	Pal=   0.0	profit=40.000000
(160,   26.0, 5953.0)	(160,   79.0, 6288.0)	(160,   81.0, 6434.0)	(160,   27.0, 6665.0)	(160,   97.0, 6812.0)	pi= 318.0	di=7233.0	wi=   0.7	Pal=   0.0	profit=318.000000
(36,   48.0, 6001.0)	(36,   85.0, 6373.0)	(36,   96.0, 6530.0)	(36,   40.0, 6705.0)	(36,   16.0, 6828.0)	pi= 104.0	di=6894.0	wi=   1.2	Pal=   0.0	profit=104.000000
(2,   21.0, 6022.0)	(2,   76.0, 6449.0)	(2,   31.0, 6561.0)	(2,   68.0, 6773.0)	(2,   23.0, 6851.0)	pi= 310.0	di=7090.0	wi=   1.4	Pal=   0.0	profit=310.000000
(195,   93.0, 6115.0)	(195,    6.0, 6455.0)	(195,   76.0, 6637.0)	(195,   74.0, 6847.0)	(195,   83.0, 6934.0)	pi= 250.0	di=7474.0	wi=   1.4	Pal=   0.0	profit=250.000000
(163,   13.0, 6128.0)	(163,   41.0, 6496.0)	(163,    5.0, 6642.0)	(163,   22.0, 6869.0)	(163,   39.0, 6973.0)	pi= 289.0	di=9049.0	wi=   1.5	Pal=   0.0	profit=289.000000
(58,   45.0, 6173.0)	(58,   49.0, 6545.0)	(58,   58.0, 6700.0)	(58,   17.0, 6886.0)	(58,   69.0, 7042.0)	pi= 232.0	di=9299.0	wi=   1.2	Pal=   0.0	profit=232.000000
(39,   58.0, 6231.0)	(39,   62.0, 6607.0)	(39,   53.0, 6753.0)	(39,    0.0, 6886.0)	(39,   58.0, 7100.0)	pi= 151.0	di=7191.0	wi=   0.6	Pal=   0.0	profit=151.000000
(135,    0.0, 6231.0)	(135,   67.0, 6674.0)	(135,   52.0, 6805.0)	(135,   59.0, 6945.0)	(135,   65.0, 7165.0)	pi= 441.0	di=7974.0	wi=   0.7	Pal=   0.0	profit=441.000000
(71,    1.0, 6232.0)	(71,   86.0, 6760.0)	(71,   23.0, 6828.0)	(71,   67.0, 7012.0)	(71,   43.0, 7208.0)	pi= 303.0	di=8072.0	wi=   1.0	Pal=   0.0	profit=303.000000
(159,   41.0, 6273.0)	(159,   33.0, 6793.0)	(159,   13.0, 6841.0)	(159,   87.0, 7099.0)	(159,   34.0, 7242.0)	pi= 167.0	di=8861.0	wi=   0.9	Pal=   0.0	profit=167.000000
(141,   94.0, 6367.0)	(141,   91.0, 6884.0)	(141,   54.0, 6938.0)	(141,   63.0, 7162.0)	(141,   14.0, 7256.0)	pi=  81.0	di=8486.0	wi=   0.6	Pal=   0.0	profit=81.000000
(146,   47.0, 6414.0)	(146,   86.0, 6970.0)	(146,   43.0, 7013.0)	(146,   23.0, 7185.0)	(146,   68.0, 7324.0)	pi= 184.0	di=7545.0	wi=   0.7	Pal=   0.0	profit=184.000000
(191,   81.0, 6495.0)	(191,   68.0, 7038.0)	(191,   10.0, 7048.0)	(191,   43.0, 7228.0)	(191,   86.0, 7410.0)	pi= 441.0	di=8340.0	wi=   0.7	Pal=   0.0	profit=441.000000
(79,   12.0, 6507.0)	(79,   83.0, 7121.0)	(79,   75.0, 7196.0)	(79,   94.0, 7322.0)	(79,   10.0, 7420.0)	pi=  96.0	di=7993.0	wi=   0.6	Pal=   0.0	profit=96.000000
(50,  100.0, 6607.0)	(50,   39.0, 7160.0)	(50,   94.0, 7290.0)	(50,   74.0, 7396.0)	(50,   71.0, 7491.0)	pi=  76.0	di=8822.0	wi=   0.6	Pal=   0.0	profit=76.000000
(89,   22.0, 6629.0)	(89,   95.0, 7255.0)	(89,   37.0, 7327.0)	(89,   15.0, 7411.0)	(89,   71.0, 7562.0)	pi= 458.0	di=7942.0	wi=   0.9	Pal=   0.0	profit=458.000000
(198,    8.0, 6637.0)	(198,   70.0, 7325.0)	(198,   27.0, 7354.0)	(198,   27.0, 7438.0)	(198,   64.0, 7626.0)	pi=  71.0	di=8284.0	wi=   1.4	Pal=   0.0	profit=71.000000
(143,   67.0, 6704.0)	(143,   76.0, 7401.0)	(143,   25.0, 7426.0)	(143,   36.0, 7474.0)	(143,   25.0, 7651.0)	pi= 144.0	di=7885.0	wi=   0.6	Pal=   0.0	profit=144.000000
(176,   30.0, 6734.0)	(176,   40.0, 7441.0)	(176,   38.0, 7479.0)	(176,   46.0, 7525.0)	(176,    2.0, 7653.0)	pi= 397.0	di=9915.0	wi=   0.5	Pal=   0.0	profit=397.000000
(102,   32.0, 6766.0)	(102,   89.0, 7530.0)	(102,   75.0, 7605.0)	(102,   46.0, 7651.0)	(102,   14.0, 7667.0)	pi= 408.0	di=7680.0	wi=   1.1	Pal=   0.0	profit=408.000000
(98,   26.0, 6792.0)	(98,   15.0, 7545.0)	(98,    1.0, 7606.0)	(98,   48.0, 7699.0)	(98,   47.0, 7746.0)	pi=  21.0	di=8597.0	wi=   0.6	Pal=   0.0	profit=21.000000
(156,   94.0, 6886.0)	(156,   42.0, 7587.0)	(156,   60.0, 7666.0)	(156,   99.0, 7798.0)	(156,    9.0, 7807.0)	pi= 483.0	di=7954.0	wi=   0.5	Pal=   0.0	profit=483.000000
(122,   70.0, 6956.0)	(122,   30.0, 7617.0)	(122,    7.0, 7673.0)	(122,   98.0, 7896.0)	(122,   38.0, 7934.0)	pi= 287.0	di=8296.0	wi=   1.2	Pal=   0.0	profit=287.000000
(182,   47.0, 7003.0)	(182,   81.0, 7698.0)	(182,   38.0, 7736.0)	(182,    5.0, 7901.0)	(182,   89.0, 8023.0)	pi= 230.0	di=8203.0	wi=   1.3	Pal=   0.0	profit=230.000000
(48,   95.0, 7098.0)	(48,    6.0, 7704.0)	(48,   75.0, 7811.0)	(48,   74.0, 7975.0)	(48,   72.0, 8095.0)	pi=  98.0	di=8187.0	wi=   1.1	Pal=   0.0	profit=98.000000
(119,    1.0, 7099.0)	(119,   64.0, 7768.0)	(119,   28.0, 7839.0)	(119,  100.0, 8075.0)	(119,  100.0, 8195.0)	pi= 143.0	di=8945.0	wi=   1.2	Pal=   0.0	profit=143.000000
(82,   99.0, 7198.0)	(82,   81.0, 7849.0)	(82,   41.0, 7890.0)	(82,   74.0, 8149.0)	(82,   93.0, 8288.0)	pi=  39.0	di=8458.0	wi=   1.0	Pal=   0.0	profit=39.000000
(26,   84.0, 7282.0)	(26,  100.0, 7949.0)	(26,   71.0, 8020.0)	(26,   87.0, 8236.0)	(26,   44.0, 8332.0)	pi= 200.0	di=8883.0	wi=   0.6	Pal=   0.0	profit=200.000000
(68,   11.0, 7293.0)	(68,   49.0, 7998.0)	(68,   28.0, 8048.0)	(68,   71.0, 8307.0)	(68,   88.0, 8420.0)	pi= 246.0	di=8906.0	wi=   0.7	Pal=   0.0	profit=246.000000
(193,   34.0, 7327.0)	(193,   81.0, 8079.0)	(193,   33.0, 8112.0)	(193,   28.0, 8335.0)	(193,   63.0, 8483.0)	pi= 473.0	di=8982.0	wi=   1.0	Pal=   0.0	profit=473.000000
(80,   15.0, 7342.0)	(80,   46.0, 8125.0)	(80,   26.0, 8151.0)	(80,   95.0, 8430.0)	(80,   18.0, 8501.0)	pi=  44.0	di=9091.0	wi=   0.7	Pal=   0.0	profit=44.000000
(81,   46.0, 7388.0)	(81,   70.0, 8195.0)	(81,   16.0, 8211.0)	(81,   41.0, 8471.0)	(81,   63.0, 8564.0)	pi= 116.0	di=8813.0	wi=   0.5	Pal=   0.0	profit=116.000000
(93,   87.0, 7475.0)	(93,   95.0, 8290.0)	(93,   35.0, 8325.0)	(93,   12.0, 8483.0)	(93,   59.0, 8623.0)	pi= 488.0	di=9366.0	wi=   1.4	Pal=   0.0	profit=488.000000
(9,   72.0, 7547.0)	(9,   45.0, 8335.0)	(9,   63.0, 8398.0)	(9,   15.0, 8498.0)	(9,   29.0, 8652.0)	pi= 357.0	di=10027.0	wi=   1.2	Pal=   0.0	profit=357.000000
(43,   83.0, 7630.0)	(43,   77.0, 8412.0)	(43,   87.0, 8499.0)	(43,   51.0, 8550.0)	(43,    6.0, 8658.0)	pi= 322.0	di=8871.0	wi=   1.1	Pal=   0.0	profit=322.000000
(15,   54.0, 7684.0)	(15,   51.0, 8463.0)	(15,   84.0, 8583.0)	(15,   27.0, 8610.0)	(15,   94.0, 8752.0)	pi= 389.0	di=8900.0	wi=   1.1	Pal=   0.0	profit=389.000000
(96,   35.0, 7719.0)	(96,   60.0, 8523.0)	(96,   67.0, 8650.0)	(96,   94.0, 8744.0)	(96,   48.0, 8800.0)	pi= 361.0	di=10118.0	wi=   0.5	Pal=   0.0	profit=361.000000
(161,   11.0, 7730.0)	(161,   82.0, 8605.0)	(161,   15.0, 8665.0)	(161,   62.0, 8806.0)	(161,   90.0, 8896.0)	pi=  58.0	di=8960.0	wi=   1.2	Pal=   0.0	profit=58.000000
(77,    5.0, 7735.0)	(77,   43.0, 8648.0)	(77,   56.0, 8721.0)	(77,   12.0, 8818.0)	(77,   98.0, 8994.0)	pi= 271.0	di=9002.0	wi=   1.0	Pal=   0.0	profit=271.000000
(126,   17.0, 7752.0)	(126,   77.0, 8725.0)	(126,   17.0, 8742.0)	(126,   79.0, 8897.0)	(126,   63.0, 9057.0)	pi=  74.0	di=9217.0	wi=   1.4	Pal=   0.0	profit=74.000000
(72,   11.0, 7763.0)	(72,   16.0, 8741.0)	(72,   26.0, 8768.0)	(72,   94.0, 8991.0)	(72,   21.0, 9078.0)	pi= 498.0	di=9210.0	wi=   1.3	Pal=   0.0	profit=498.000000
(76,   65.0, 7828.0)	(76,   80.0, 8821.0)	(76,   44.0, 8865.0)	(76,   61.0, 9052.0)	(76,   25.0, 9103.0)	pi= 102.0	di=9990.0	wi=   1.0	Pal=   0.0	profit=102.000000
(151,    1.0, 7829.0)	(151,   69.0, 8890.0)	(151,    1.0, 8891.0)	(151,    9.0, 9061.0)	(151,   94.0, 9197.0)	pi= 320.0	di=9259.0	wi=   1.0	Pal=   0.0	profit=320.000000
(128,   88.0, 7917.0)	(128,   61.0, 8951.0)	(128,   64.0, 9015.0)	(128,   90.0, 9151.0)	(128,   32.0, 9229.0)	pi= 324.0	di=10142.0	wi=   1.4	Pal=   0.0	profit=324.000000
(136,   68.0, 7985.0)	(136,   27.0, 8978.0)	(136,   88.0, 9103.0)	(136,    7.0, 9158.0)	(136,   57.0, 9286.0)	pi= 319.0	di=9991.0	wi=   0.8	Pal=   0.0	profit=319.000000
(177,   87.0, 8072.0)	(177,   55.0, 9033.0)	(177,   89.0, 9192.0)	(177,   21.0, 9213.0)	(177,   21.0, 9307.0)	pi= 183.0	di=9707.0	wi=   1.3	Pal=   0.0	profit=183.000000
(35,   46.0, 8118.0)	(35,   67.0, 9100.0)	(35,   52.0, 9244.0)	(35,   25.0, 9269.0)	(35,   43.0, 9350.0)	pi= 432.0	di=10217.0	wi=   1.5	Pal=   0.0	profit=432.000000
(20,   41.0, 8159.0)	(20,   81.0, 9181.0)	(20,   12.0, 9256.0)	(20,   91.0, 9360.0)	(20,  100.0, 9460.0)	pi= 175.0	di=9996.0	wi=   1.5	Pal=   0.0	profit=175.000000
(137,    6.0, 8165.0)	(137,   31.0, 9212.0)	(137,   87.0, 9343.0)	(137,   28.0, 9388.0)	(137,   35.0, 9495.0)	pi= 183.0	di=10098.0	wi=   1.1	Pal=   0.0	profit=183.000000
(67,   65.0, 8230.0)	(67,   47.0, 9259.0)	(67,   70.0, 9413.0)	(67,   66.0, 9479.0)	(67,   27.0, 9522.0)	pi=  58.0	di=9941.0	wi=   1.2	Pal=   0.0	profit=58.000000
(120,   86.0, 8316.0)	(120,   21.0, 9280.0)	(120,   33.0, 9446.0)	(120,  100.0, 9579.0)	(120,   79.0, 9658.0)	pi=  89.0	di=9945.0	wi=   0.8	Pal=   0.0	profit=89.000000
max Profit=44479.700000 
