Order ID	Pi	di	wi	accepted	devery	delayed	Profit
0	  49.0	5040.0	   0.6	1	4801.0	0	49.000000
1	  86.0	6399.0	   1.4	1	5824.0	0	86.000000
2	 166.0	9089.0	   1.0	1	6684.0	0	166.000000
3	  71.0	 823.0	   1.0	0
4	 283.0	9250.0	   1.4	1	8222.0	0	283.000000
5	 426.0	9702.0	   1.0	1	8759.0	0	426.000000
6	 371.0	9875.0	   1.4	1	8653.0	0	371.000000
7	 167.0	4545.0	   0.7	1	3637.0	0	167.000000
8	 355.0	8611.0	   1.4	1	8542.0	0	355.000000
9	 452.0	3937.0	   1.2	1	3069.0	0	452.000000
10	 462.0	6634.0	   1.0	1	4173.0	0	462.000000
11	 261.0	1025.0	   1.4	1	1011.0	0	261.000000
12	 138.0	1485.0	   0.9	1	1384.0	0	138.000000
13	 157.0	 211.0	   1.3	0
14	  85.0	5636.0	   0.5	1	5091.0	0	85.000000
15	 487.0	6192.0	   1.2	1	5852.0	0	487.000000
16	   3.0	4004.0	   0.9	0
17	 211.0	4061.0	   1.2	1	3683.0	0	211.000000
18	 151.0	5854.0	   0.6	1	5561.0	0	151.000000
19	 462.0	 757.0	   0.7	1	 679.0	0	462.000000
20	 305.0	8744.0	   1.4	1	8127.0	0	305.000000
21	 404.0	  62.0	   0.7	0
22	 261.0	5803.0	   0.9	1	5557.0	0	261.000000
23	  89.0	8041.0	   1.4	1	7833.0	0	89.000000
24	 152.0	6349.0	   0.5	1	5420.0	0	152.000000
25	 356.0	9731.0	   1.2	1	9675.0	0	356.000000
26	 242.0	9773.0	   1.4	1	9543.0	0	242.000000
27	 400.0	4064.0	   1.2	1	3390.0	0	400.000000
28	 388.0	5747.0	   1.5	1	4718.0	0	388.000000
29	 121.0	3301.0	   1.3	1	2749.0	0	121.000000
30	 304.0	2357.0	   1.2	1	1650.0	0	304.000000
31	 183.0	6782.0	   0.5	1	6352.0	0	183.000000
32	 453.0	3922.0	   0.6	1	3904.0	0	453.000000
33	  22.0	4588.0	   0.7	0
34	 145.0	8848.0	   1.0	1	6925.0	0	145.000000
35	 380.0	9755.0	   1.3	1	9067.0	0	380.000000
36	  42.0	4884.0	   0.6	1	1724.0	0	42.000000
37	 349.0	5532.0	   1.2	1	4675.0	0	349.000000
38	  27.0	5435.0	   0.9	1	5016.0	0	27.000000
39	 478.0	4651.0	   0.8	1	4195.0	0	478.000000
40	 243.0	8071.0	   0.6	1	7524.0	0	243.000000
41	 262.0	9123.0	   0.7	1	8602.0	0	262.000000
42	 134.0	1740.0	   0.9	0
43	 394.0	3830.0	   1.0	1	1791.0	0	394.000000
44	  69.0	4283.0	   1.2	0
45	  22.0	1796.0	   0.6	0
46	 260.0	8382.0	   1.2	1	7982.0	0	260.000000
47	  72.0	10199.0	   1.3	1	8961.0	0	72.000000
48	  51.0	1929.0	   0.9	0
49	 393.0	10011.0	   0.7	1	9309.0	0	393.000000
50	 111.0	7133.0	   0.9	1	6759.0	0	111.000000
51	 291.0	9572.0	   0.9	1	9464.0	0	291.000000
52	 334.0	8908.0	   0.5	1	8260.0	0	334.000000
53	 344.0	1102.0	   0.7	1	1077.0	0	344.000000
54	 282.0	5324.0	   0.6	1	5197.0	0	282.000000
55	 404.0	4458.0	   0.7	1	4237.0	0	404.000000
56	 417.0	3155.0	   0.9	1	 798.0	0	417.000000
57	 394.0	8598.0	   0.6	1	6769.0	0	394.000000
58	 198.0	5077.0	   1.1	1	4871.0	0	198.000000
59	   8.0	 542.0	   1.2	0
60	 490.0	1693.0	   0.6	1	1451.0	0	490.000000
61	 221.0	6370.0	   0.6	1	3017.0	0	221.000000
62	  63.0	10027.0	   0.7	1	9400.0	0	63.000000
63	 265.0	5760.0	   1.3	1	5379.0	0	265.000000
64	  20.0	4953.0	   1.0	0
65	 380.0	4043.0	   1.3	1	2828.0	0	380.000000
66	 129.0	2604.0	   0.9	1	2372.0	0	129.000000
67	 366.0	4481.0	   0.8	1	4090.0	0	366.000000
68	  12.0	8206.0	   1.2	1	7993.0	0	12.000000
69	 261.0	 777.0	   1.2	1	 759.0	0	261.000000
70	 311.0	4287.0	   1.1	1	3783.0	0	311.000000
71	 376.0	7719.0	   0.6	1	4170.0	0	376.000000
72	 124.0	 380.0	   1.2	1	 360.0	0	124.000000
73	 124.0	3369.0	   0.6	1	2538.0	0	124.000000
74	 460.0	8395.0	   0.8	1	7782.0	0	460.000000
75	 429.0	8616.0	   0.6	1	7400.0	0	429.000000
76	  47.0	8842.0	   0.8	1	7155.0	0	47.000000
77	 335.0	2011.0	   0.9	1	1310.0	0	335.000000
78	 340.0	 351.0	   0.7	1	 373.0	1	324.600000
79	  28.0	5620.0	   1.0	1	5061.0	0	28.000000
80	 333.0	7928.0	   1.0	1	3182.0	0	333.000000
81	 155.0	7171.0	   1.3	1	5653.0	0	155.000000
82	  92.0	8706.0	   0.9	1	5061.0	0	92.000000
83	 420.0	4624.0	   0.6	1	3251.0	0	420.000000
84	  81.0	6048.0	   1.1	1	4807.0	0	81.000000
85	 199.0	10178.0	   0.7	1	9604.0	0	199.000000
86	 251.0	2119.0	   1.3	1	1560.0	0	251.000000
87	 280.0	8706.0	   1.0	1	8275.0	0	280.000000
88	 162.0	6142.0	   0.7	1	5739.0	0	162.000000
89	 410.0	1723.0	   0.8	1	1635.0	0	410.000000
90	 100.0	6092.0	   1.1	1	5288.0	0	100.000000
91	 205.0	9254.0	   0.8	1	9137.0	0	205.000000
92	 405.0	 581.0	   0.9	1	 572.0	0	405.000000
93	 180.0	3118.0	   0.6	1	2228.0	0	180.000000
94	 416.0	8630.0	   0.5	1	8096.0	0	416.000000
95	 225.0	7626.0	   0.9	1	7624.0	0	225.000000
96	 410.0	2766.0	   1.4	1	2164.0	0	410.000000
97	 449.0	8754.0	   0.7	1	8589.0	0	449.000000
98	 388.0	8153.0	   0.6	1	5784.0	0	388.000000
99	 342.0	9351.0	   0.7	1	9057.0	0	342.000000
100	 411.0	10045.0	   1.0	1	7012.0	0	411.000000
101	 423.0	9878.0	   1.3	1	9727.0	0	423.000000
102	 285.0	8569.0	   1.1	1	7537.0	0	285.000000
103	 315.0	9794.0	   1.2	1	8902.0	0	315.000000
104	 365.0	2674.0	   1.1	1	2658.0	0	365.000000
105	 237.0	8364.0	   1.5	1	5170.0	0	237.000000
106	 138.0	7318.0	   1.2	1	6552.0	0	138.000000
107	 182.0	5540.0	   0.7	1	4552.0	0	182.000000
108	 186.0	6712.0	   0.8	1	5933.0	0	186.000000
109	 204.0	6090.0	   1.1	1	6086.0	0	204.000000
110	   2.0	6823.0	   1.1	1	2565.0	0	2.000000
111	 251.0	9399.0	   1.0	1	8689.0	0	251.000000
112	 298.0	7825.0	   0.6	1	6619.0	0	298.000000
113	 484.0	1613.0	   1.0	1	1308.0	0	484.000000
114	  91.0	2901.0	   0.5	0
115	  43.0	 815.0	   0.6	0
116	 425.0	 122.0	   0.8	0
117	 300.0	 252.0	   1.3	1	 236.0	0	300.000000
118	 329.0	1051.0	   0.7	0
119	 431.0	4816.0	   1.1	1	1831.0	0	431.000000
120	 292.0	8262.0	   1.4	1	4271.0	0	292.000000
121	  50.0	7755.0	   1.1	1	7103.0	0	50.000000
122	 122.0	3948.0	   1.3	1	3305.0	0	122.000000
123	 441.0	5784.0	   0.8	1	4036.0	0	441.000000
124	 158.0	8213.0	   1.4	1	5801.0	0	158.000000
125	 428.0	3423.0	   0.8	1	2119.0	0	428.000000
126	 388.0	 544.0	   0.7	1	 491.0	0	388.000000
127	 468.0	1938.0	   0.9	1	 890.0	0	468.000000
128	 363.0	5127.0	   1.1	1	3906.0	0	363.000000
129	 413.0	6378.0	   1.5	1	4347.0	0	413.000000
130	 146.0	2610.0	   0.8	1	2413.0	0	146.000000
131	 384.0	9318.0	   1.4	1	9224.0	0	384.000000
132	 285.0	9236.0	   1.4	1	7232.0	0	285.000000
133	 238.0	5316.0	   1.0	1	5298.0	0	238.000000
134	 215.0	5368.0	   1.2	1	4428.0	0	215.000000
135	 265.0	3397.0	   1.0	1	2899.0	0	265.000000
136	 412.0	4219.0	   1.4	1	2831.0	0	412.000000
137	 194.0	8961.0	   1.3	1	8818.0	0	194.000000
138	 317.0	  48.0	   1.4	0
139	 234.0	6862.0	   1.3	1	6576.0	0	234.000000
140	 424.0	7699.0	   1.3	1	6452.0	0	424.000000
141	 380.0	8053.0	   1.3	1	6665.0	0	380.000000
142	 124.0	7278.0	   0.7	1	6263.0	0	124.000000
143	 150.0	4206.0	   0.7	1	3957.0	0	150.000000
144	 474.0	 578.0	   0.9	1	 429.0	0	474.000000
145	 256.0	3576.0	   1.5	1	3575.0	0	256.000000
146	  58.0	2868.0	   1.2	0
147	 121.0	4399.0	   0.8	1	4367.0	0	121.000000
148	  78.0	9344.0	   1.5	1	6933.0	0	78.000000
149	 121.0	4824.0	   0.8	1	4666.0	0	121.000000
150	 384.0	2177.0	   0.8	1	1956.0	0	384.000000
151	  82.0	4049.0	   0.6	1	3555.0	0	82.000000
152	 292.0	5349.0	   1.3	1	2921.0	0	292.000000
153	 352.0	8500.0	   1.4	1	6901.0	0	352.000000
154	 390.0	 344.0	   1.2	1	 269.0	0	390.000000
155	 427.0	8316.0	   1.1	1	6016.0	0	427.000000
156	 104.0	7650.0	   0.6	1	6759.0	0	104.000000
157	  35.0	5951.0	   0.9	1	5100.0	0	35.000000
158	 211.0	3847.0	   0.6	1	3124.0	0	211.000000
159	 412.0	5480.0	   0.8	1	4531.0	0	412.000000
160	 194.0	2184.0	   1.2	1	2037.0	0	194.000000
161	 342.0	9234.0	   1.3	1	8393.0	0	342.000000
162	  80.0	4409.0	   0.8	1	3043.0	0	80.000000
163	 335.0	1186.0	   1.4	1	1106.0	0	335.000000
164	   6.0	2373.0	   0.9	0
165	 249.0	9860.0	   0.8	1	7858.0	0	249.000000
166	  69.0	7712.0	   1.0	1	7708.0	0	69.000000
167	 210.0	8272.0	   0.8	1	7903.0	0	210.000000
168	 288.0	7416.0	   0.8	1	7220.0	0	288.000000
169	 478.0	4427.0	   0.7	1	3767.0	0	478.000000
170	 100.0	8943.0	   1.1	1	4449.0	0	100.000000
171	 431.0	5943.0	   1.5	1	1681.0	0	431.000000
172	  29.0	9119.0	   1.1	1	8316.0	0	29.000000
173	 253.0	 963.0	   0.8	1	 923.0	0	253.000000
174	 287.0	7136.0	   0.8	1	6174.0	0	287.000000
175	 153.0	10189.0	   0.5	1	7433.0	0	153.000000
176	 466.0	8524.0	   1.1	1	8460.0	0	466.000000
177	 239.0	6962.0	   0.8	1	6838.0	0	239.000000
178	 398.0	1580.0	   1.1	1	1548.0	0	398.000000
179	 378.0	2731.0	   0.8	1	2485.0	0	378.000000
180	  75.0	8688.0	   0.7	1	8056.0	0	75.000000
181	 274.0	5184.0	   0.9	1	4955.0	0	274.000000
182	 486.0	 749.0	   0.5	1	 589.0	0	486.000000
183	 478.0	3890.0	   0.7	1	2274.0	0	478.000000
184	 226.0	6368.0	   0.7	1	5429.0	0	226.000000
185	 242.0	 184.0	   1.0	0
186	 484.0	7550.0	   1.0	1	7331.0	0	484.000000
187	 144.0	5889.0	   1.0	1	5814.0	0	144.000000
188	 424.0	 211.0	   1.5	0
189	 213.0	8407.0	   0.6	1	7101.0	0	213.000000
190	 317.0	1057.0	   0.7	1	 893.0	0	317.000000
191	 492.0	 762.0	   0.5	1	 727.0	0	492.000000
192	 299.0	7466.0	   0.9	1	3463.0	0	299.000000
193	 200.0	3055.0	   0.6	1	1924.0	0	200.000000
194	 321.0	1558.0	   0.6	1	1109.0	0	321.000000
195	 303.0	3861.0	   0.9	1	2645.0	0	303.000000
196	 277.0	4310.0	   0.7	1	4250.0	0	277.000000
197	 139.0	4321.0	   1.4	1	3879.0	0	139.000000
198	  18.0	3328.0	   1.1	0
199	 152.0	9895.0	   1.4	1	9557.0	0	152.000000
------Order Sequence(ID)-------------------------------
117	117	117	117	117	
154	154	154	154	154	
72	72	72	72	72	
78	78	78	78	78	
144	144	144	144	144	
126	126	126	126	126	
92	92	92	92	92	
182	182	182	182	182	
19	19	19	19	19	
191	191	191	191	191	
69	69	69	69	69	
56	56	56	56	56	
127	127	127	127	127	
190	190	190	190	190	
173	173	173	173	173	
11	11	11	11	11	
53	53	53	53	53	
163	163	163	163	163	
194	194	194	194	194	
113	113	113	113	113	
77	77	77	77	77	
12	12	12	12	12	
60	60	60	60	60	
178	178	178	178	178	
86	86	86	86	86	
89	89	89	89	89	
30	30	30	30	30	
171	171	171	171	171	
36	36	36	36	36	
43	43	43	43	43	
119	119	119	119	119	
193	193	193	193	193	
150	150	150	150	150	
160	160	160	160	160	
125	125	125	125	125	
96	96	96	96	96	
93	93	93	93	93	
183	183	183	183	183	
66	66	66	66	66	
130	130	130	130	130	
179	179	179	179	179	
73	73	73	73	73	
110	110	110	110	110	
195	195	195	195	195	
104	104	104	104	104	
29	29	29	29	29	
65	65	65	65	65	
136	136	136	136	136	
135	135	135	135	135	
152	152	152	152	152	
61	61	61	61	61	
162	162	162	162	162	
9	9	9	9	9	
158	158	158	158	158	
80	80	80	80	80	
83	83	83	83	83	
122	122	122	122	122	
27	27	27	27	27	
192	192	192	192	192	
151	151	151	151	151	
145	145	145	145	145	
7	7	7	7	7	
17	17	17	17	17	
169	169	169	169	169	
70	70	70	70	70	
197	197	197	197	197	
32	32	32	32	32	
128	128	128	128	128	
143	143	143	143	143	
123	123	123	123	123	
67	67	67	67	67	
71	71	71	71	71	
10	10	10	10	10	
39	39	39	39	39	
55	55	55	55	55	
196	196	196	196	196	
120	120	120	120	120	
129	129	129	129	129	
147	147	147	147	147	
134	134	134	134	134	
170	170	170	170	170	
159	159	159	159	159	
107	107	107	107	107	
149	149	149	149	149	
37	37	37	37	37	
28	28	28	28	28	
0	0	0	0	0	
84	84	84	84	84	
58	58	58	58	58	
181	181	181	181	181	
38	38	38	38	38	
82	82	82	82	82	
79	79	79	79	79	
14	14	14	14	14	
157	157	157	157	157	
105	105	105	105	105	
54	54	54	54	54	
90	90	90	90	90	
133	133	133	133	133	
63	63	63	63	63	
24	24	24	24	24	
184	184	184	184	184	
22	22	22	22	22	
18	18	18	18	18	
81	81	81	81	81	
88	88	88	88	88	
98	98	98	98	98	
124	124	124	124	124	
187	187	187	187	187	
1	1	1	1	1	
15	15	15	15	15	
108	108	108	108	108	
155	155	155	155	155	
109	109	109	109	109	
174	174	174	174	174	
142	142	142	142	142	
31	31	31	31	31	
140	140	140	140	140	
106	106	106	106	106	
139	139	139	139	139	
112	112	112	112	112	
141	141	141	141	141	
2	2	2	2	2	
50	50	50	50	50	
156	156	156	156	156	
57	57	57	57	57	
177	177	177	177	177	
153	153	153	153	153	
34	34	34	34	34	
148	148	148	148	148	
100	100	100	100	100	
189	189	189	189	189	
121	121	121	121	121	
76	76	76	76	76	
168	168	168	168	168	
132	132	132	132	132	
186	186	186	186	186	
75	75	75	75	75	
175	175	175	175	175	
40	40	40	40	40	
102	102	102	102	102	
95	95	95	95	95	
166	166	166	166	166	
74	74	74	74	74	
23	23	23	23	23	
165	165	165	165	165	
167	167	167	167	167	
46	46	46	46	46	
68	68	68	68	68	
180	180	180	180	180	
94	94	94	94	94	
20	20	20	20	20	
4	4	4	4	4	
52	52	52	52	52	
87	87	87	87	87	
172	172	172	172	172	
161	161	161	161	161	
176	176	176	176	176	
8	8	8	8	8	
97	97	97	97	97	
41	41	41	41	41	
6	6	6	6	6	
111	111	111	111	111	
5	5	5	5	5	
137	137	137	137	137	
103	103	103	103	103	
47	47	47	47	47	
99	99	99	99	99	
35	35	35	35	35	
91	91	91	91	91	
131	131	131	131	131	
49	49	49	49	49	
62	62	62	62	62	
51	51	51	51	51	
26	26	26	26	26	
199	199	199	199	199	
85	85	85	85	85	
25	25	25	25	25	
101	101	101	101	101	
------Finished time(ID)-------------------------------
(117,   87.0,   87.0)	(117,   23.0,  110.0)	(117,   55.0,  165.0)	(117,   62.0,  227.0)	(117,    9.0,  236.0)	pi= 300.0	di= 252.0	wi=   1.3	Pal=   0.0	profit=300.000000
(154,   21.0,  108.0)	(154,   81.0,  191.0)	(154,   21.0,  212.0)	(154,   28.0,  255.0)	(154,   14.0,  269.0)	pi= 390.0	di= 344.0	wi=   1.2	Pal=   0.0	profit=390.000000
(72,   18.0,  126.0)	(72,    6.0,  197.0)	(72,   18.0,  230.0)	(72,   60.0,  315.0)	(72,   45.0,  360.0)	pi= 124.0	di= 380.0	wi=   1.2	Pal=   0.0	profit=124.000000
(78,   16.0,  142.0)	(78,   41.0,  238.0)	(78,   79.0,  317.0)	(78,   44.0,  361.0)	(78,   12.0,  373.0)	pi= 340.0	di= 351.0	wi=   0.7	Pal=  15.4	profit=324.600000
(144,   15.0,  157.0)	(144,    1.0,  239.0)	(144,   24.0,  341.0)	(144,   10.0,  371.0)	(144,   56.0,  429.0)	pi= 474.0	di= 578.0	wi=   0.9	Pal=   0.0	profit=474.000000
(126,   31.0,  188.0)	(126,   30.0,  269.0)	(126,   15.0,  356.0)	(126,   87.0,  458.0)	(126,   33.0,  491.0)	pi= 388.0	di= 544.0	wi=   0.7	Pal=   0.0	profit=388.000000
(92,   79.0,  267.0)	(92,   92.0,  361.0)	(92,   97.0,  458.0)	(92,   18.0,  476.0)	(92,   81.0,  572.0)	pi= 405.0	di= 581.0	wi=   0.9	Pal=   0.0	profit=405.000000
(182,   72.0,  339.0)	(182,    1.0,  362.0)	(182,   31.0,  489.0)	(182,   25.0,  514.0)	(182,   17.0,  589.0)	pi= 486.0	di= 749.0	wi=   0.5	Pal=   0.0	profit=486.000000
(19,   21.0,  360.0)	(19,   52.0,  414.0)	(19,   17.0,  506.0)	(19,    2.0,  516.0)	(19,   90.0,  679.0)	pi= 462.0	di= 757.0	wi=   0.7	Pal=   0.0	profit=462.000000
(191,   33.0,  393.0)	(191,   29.0,  443.0)	(191,   33.0,  539.0)	(191,   52.0,  591.0)	(191,   48.0,  727.0)	pi= 492.0	di= 762.0	wi=   0.5	Pal=   0.0	profit=492.000000
(69,   54.0,  447.0)	(69,   87.0,  534.0)	(69,   41.0,  580.0)	(69,   79.0,  670.0)	(69,   32.0,  759.0)	pi= 261.0	di= 777.0	wi=   1.2	Pal=   0.0	profit=261.000000
(56,   77.0,  524.0)	(56,    5.0,  539.0)	(56,   62.0,  642.0)	(56,    9.0,  679.0)	(56,   39.0,  798.0)	pi= 417.0	di=3155.0	wi=   0.9	Pal=   0.0	profit=417.000000
(127,   35.0,  559.0)	(127,   82.0,  641.0)	(127,    2.0,  644.0)	(127,   69.0,  748.0)	(127,   92.0,  890.0)	pi= 468.0	di=1938.0	wi=   0.9	Pal=   0.0	profit=468.000000
(190,   28.0,  587.0)	(190,    6.0,  647.0)	(190,   97.0,  744.0)	(190,   60.0,  808.0)	(190,    3.0,  893.0)	pi= 317.0	di=1057.0	wi=   0.7	Pal=   0.0	profit=317.000000
(173,   30.0,  617.0)	(173,   55.0,  702.0)	(173,   43.0,  787.0)	(173,   20.0,  828.0)	(173,   30.0,  923.0)	pi= 253.0	di= 963.0	wi=   0.8	Pal=   0.0	profit=253.000000
(11,   72.0,  689.0)	(11,   87.0,  789.0)	(11,   60.0,  849.0)	(11,   94.0,  943.0)	(11,   68.0, 1011.0)	pi= 261.0	di=1025.0	wi=   1.4	Pal=   0.0	profit=261.000000
(53,   51.0,  740.0)	(53,   76.0,  865.0)	(53,   87.0,  952.0)	(53,   38.0,  990.0)	(53,   66.0, 1077.0)	pi= 344.0	di=1102.0	wi=   0.7	Pal=   0.0	profit=344.000000
(163,   73.0,  813.0)	(163,    8.0,  873.0)	(163,   33.0,  985.0)	(163,   35.0, 1025.0)	(163,   29.0, 1106.0)	pi= 335.0	di=1186.0	wi=   1.4	Pal=   0.0	profit=335.000000
(194,   32.0,  845.0)	(194,   40.0,  913.0)	(194,   88.0, 1073.0)	(194,   31.0, 1104.0)	(194,    3.0, 1109.0)	pi= 321.0	di=1558.0	wi=   0.6	Pal=   0.0	profit=321.000000
(113,   16.0,  861.0)	(113,   13.0,  926.0)	(113,   62.0, 1135.0)	(113,   86.0, 1221.0)	(113,   87.0, 1308.0)	pi= 484.0	di=1613.0	wi=   1.0	Pal=   0.0	profit=484.000000
(77,   58.0,  919.0)	(77,   83.0, 1009.0)	(77,   61.0, 1196.0)	(77,   65.0, 1286.0)	(77,    2.0, 1310.0)	pi= 335.0	di=2011.0	wi=   0.9	Pal=   0.0	profit=335.000000
(12,   63.0,  982.0)	(12,   53.0, 1062.0)	(12,   25.0, 1221.0)	(12,    2.0, 1288.0)	(12,   74.0, 1384.0)	pi= 138.0	di=1485.0	wi=   0.9	Pal=   0.0	profit=138.000000
(60,   37.0, 1019.0)	(60,   97.0, 1159.0)	(60,   94.0, 1315.0)	(60,   24.0, 1339.0)	(60,   67.0, 1451.0)	pi= 490.0	di=1693.0	wi=   0.6	Pal=   0.0	profit=490.000000
(178,   88.0, 1107.0)	(178,   32.0, 1191.0)	(178,   18.0, 1333.0)	(178,   61.0, 1400.0)	(178,   97.0, 1548.0)	pi= 398.0	di=1580.0	wi=   1.1	Pal=   0.0	profit=398.000000
(86,   54.0, 1161.0)	(86,   44.0, 1235.0)	(86,   14.0, 1347.0)	(86,   17.0, 1417.0)	(86,   12.0, 1560.0)	pi= 251.0	di=2119.0	wi=   1.3	Pal=   0.0	profit=251.000000
(89,   52.0, 1213.0)	(89,   96.0, 1331.0)	(89,   87.0, 1434.0)	(89,   52.0, 1486.0)	(89,   75.0, 1635.0)	pi= 410.0	di=1723.0	wi=   0.8	Pal=   0.0	profit=410.000000
(30,   79.0, 1292.0)	(30,   25.0, 1356.0)	(30,   46.0, 1480.0)	(30,   67.0, 1553.0)	(30,   15.0, 1650.0)	pi= 304.0	di=2357.0	wi=   1.2	Pal=   0.0	profit=304.000000
(171,    8.0, 1300.0)	(171,   95.0, 1451.0)	(171,   18.0, 1498.0)	(171,   79.0, 1632.0)	(171,   31.0, 1681.0)	pi= 431.0	di=5943.0	wi=   1.5	Pal=   0.0	profit=431.000000
(36,   22.0, 1322.0)	(36,    7.0, 1458.0)	(36,   83.0, 1581.0)	(36,   28.0, 1660.0)	(36,   43.0, 1724.0)	pi=  42.0	di=4884.0	wi=   0.6	Pal=   0.0	profit=42.000000
(43,   57.0, 1379.0)	(43,   56.0, 1514.0)	(43,    6.0, 1587.0)	(43,   14.0, 1674.0)	(43,   67.0, 1791.0)	pi= 394.0	di=3830.0	wi=   1.0	Pal=   0.0	profit=394.000000
(119,   98.0, 1477.0)	(119,   16.0, 1530.0)	(119,   23.0, 1610.0)	(119,   53.0, 1727.0)	(119,   40.0, 1831.0)	pi= 431.0	di=4816.0	wi=   1.1	Pal=   0.0	profit=431.000000
(193,   14.0, 1491.0)	(193,   75.0, 1605.0)	(193,   68.0, 1678.0)	(193,   16.0, 1743.0)	(193,   93.0, 1924.0)	pi= 200.0	di=3055.0	wi=   0.6	Pal=   0.0	profit=200.000000
(150,   33.0, 1524.0)	(150,   48.0, 1653.0)	(150,   90.0, 1768.0)	(150,   74.0, 1842.0)	(150,   32.0, 1956.0)	pi= 384.0	di=2177.0	wi=   0.8	Pal=   0.0	profit=384.000000
(160,   24.0, 1548.0)	(160,   35.0, 1688.0)	(160,   54.0, 1822.0)	(160,   94.0, 1936.0)	(160,   81.0, 2037.0)	pi= 194.0	di=2184.0	wi=   1.2	Pal=   0.0	profit=194.000000
(125,   60.0, 1608.0)	(125,   16.0, 1704.0)	(125,   52.0, 1874.0)	(125,   96.0, 2032.0)	(125,   82.0, 2119.0)	pi= 428.0	di=3423.0	wi=   0.8	Pal=   0.0	profit=428.000000
(96,   21.0, 1629.0)	(96,   53.0, 1757.0)	(96,   29.0, 1903.0)	(96,    9.0, 2041.0)	(96,   45.0, 2164.0)	pi= 410.0	di=2766.0	wi=   1.4	Pal=   0.0	profit=410.000000
(93,   39.0, 1668.0)	(93,  100.0, 1857.0)	(93,   56.0, 1959.0)	(93,   91.0, 2132.0)	(93,   64.0, 2228.0)	pi= 180.0	di=3118.0	wi=   0.6	Pal=   0.0	profit=180.000000
(183,   78.0, 1746.0)	(183,   70.0, 1927.0)	(183,   79.0, 2038.0)	(183,   23.0, 2155.0)	(183,   46.0, 2274.0)	pi= 478.0	di=3890.0	wi=   0.7	Pal=   0.0	profit=478.000000
(66,   11.0, 1757.0)	(66,   35.0, 1962.0)	(66,   72.0, 2110.0)	(66,   59.0, 2214.0)	(66,   98.0, 2372.0)	pi= 129.0	di=2604.0	wi=   0.9	Pal=   0.0	profit=129.000000
(130,   55.0, 1812.0)	(130,   80.0, 2042.0)	(130,   80.0, 2190.0)	(130,   21.0, 2235.0)	(130,   41.0, 2413.0)	pi= 146.0	di=2610.0	wi=   0.8	Pal=   0.0	profit=146.000000
(179,   63.0, 1875.0)	(179,   14.0, 2056.0)	(179,   52.0, 2242.0)	(179,   78.0, 2320.0)	(179,   72.0, 2485.0)	pi= 378.0	di=2731.0	wi=   0.8	Pal=   0.0	profit=378.000000
(73,   69.0, 1944.0)	(73,   65.0, 2121.0)	(73,   19.0, 2261.0)	(73,   63.0, 2383.0)	(73,   53.0, 2538.0)	pi= 124.0	di=3369.0	wi=   0.6	Pal=   0.0	profit=124.000000
(110,   52.0, 1996.0)	(110,   22.0, 2143.0)	(110,   17.0, 2278.0)	(110,    3.0, 2386.0)	(110,   27.0, 2565.0)	pi=   2.0	di=6823.0	wi=   1.1	Pal=   0.0	profit=2.000000
(195,   47.0, 2043.0)	(195,   72.0, 2215.0)	(195,   62.0, 2340.0)	(195,   65.0, 2451.0)	(195,   80.0, 2645.0)	pi= 303.0	di=3861.0	wi=   0.9	Pal=   0.0	profit=303.000000
(104,    4.0, 2047.0)	(104,   45.0, 2260.0)	(104,   25.0, 2365.0)	(104,    0.0, 2451.0)	(104,   13.0, 2658.0)	pi= 365.0	di=2674.0	wi=   1.1	Pal=   0.0	profit=365.000000
(29,   88.0, 2135.0)	(29,    7.0, 2267.0)	(29,   94.0, 2459.0)	(29,   30.0, 2489.0)	(29,   91.0, 2749.0)	pi= 121.0	di=3301.0	wi=   1.3	Pal=   0.0	profit=121.000000
(65,   46.0, 2181.0)	(65,   49.0, 2316.0)	(65,   74.0, 2533.0)	(65,   75.0, 2608.0)	(65,   79.0, 2828.0)	pi= 380.0	di=4043.0	wi=   1.3	Pal=   0.0	profit=380.000000
(136,   98.0, 2279.0)	(136,    0.0, 2316.0)	(136,   83.0, 2616.0)	(136,   97.0, 2713.0)	(136,    3.0, 2831.0)	pi= 412.0	di=4219.0	wi=   1.4	Pal=   0.0	profit=412.000000
(135,    6.0, 2285.0)	(135,   35.0, 2351.0)	(135,   53.0, 2669.0)	(135,   25.0, 2738.0)	(135,   68.0, 2899.0)	pi= 265.0	di=3397.0	wi=   1.0	Pal=   0.0	profit=265.000000
(152,    6.0, 2291.0)	(152,   66.0, 2417.0)	(152,   94.0, 2763.0)	(152,   89.0, 2852.0)	(152,   22.0, 2921.0)	pi= 292.0	di=5349.0	wi=   1.3	Pal=   0.0	profit=292.000000
(61,   90.0, 2381.0)	(61,   48.0, 2465.0)	(61,   23.0, 2786.0)	(61,   18.0, 2870.0)	(61,   96.0, 3017.0)	pi= 221.0	di=6370.0	wi=   0.6	Pal=   0.0	profit=221.000000
(162,    3.0, 2384.0)	(162,   16.0, 2481.0)	(162,    7.0, 2793.0)	(162,   73.0, 2943.0)	(162,   26.0, 3043.0)	pi=  80.0	di=4409.0	wi=   0.8	Pal=   0.0	profit=80.000000
(9,   13.0, 2397.0)	(9,   84.0, 2565.0)	(9,   75.0, 2868.0)	(9,   41.0, 2984.0)	(9,   26.0, 3069.0)	pi= 452.0	di=3937.0	wi=   1.2	Pal=   0.0	profit=452.000000
(158,   47.0, 2444.0)	(158,   97.0, 2662.0)	(158,   28.0, 2896.0)	(158,   34.0, 3018.0)	(158,   55.0, 3124.0)	pi= 211.0	di=3847.0	wi=   0.6	Pal=   0.0	profit=211.000000
(80,   12.0, 2456.0)	(80,   17.0, 2679.0)	(80,   15.0, 2911.0)	(80,   46.0, 3064.0)	(80,   58.0, 3182.0)	pi= 333.0	di=7928.0	wi=   1.0	Pal=   0.0	profit=333.000000
(83,   88.0, 2544.0)	(83,    6.0, 2685.0)	(83,   51.0, 2962.0)	(83,   53.0, 3117.0)	(83,   69.0, 3251.0)	pi= 420.0	di=4624.0	wi=   0.6	Pal=   0.0	profit=420.000000
(122,   97.0, 2641.0)	(122,   87.0, 2772.0)	(122,   78.0, 3040.0)	(122,   38.0, 3155.0)	(122,   54.0, 3305.0)	pi= 122.0	di=3948.0	wi=   1.3	Pal=   0.0	profit=122.000000
(27,   48.0, 2689.0)	(27,   57.0, 2829.0)	(27,   46.0, 3086.0)	(27,   78.0, 3233.0)	(27,   85.0, 3390.0)	pi= 400.0	di=4064.0	wi=   1.2	Pal=   0.0	profit=400.000000
(192,    5.0, 2694.0)	(192,   28.0, 2857.0)	(192,   38.0, 3124.0)	(192,   40.0, 3273.0)	(192,   73.0, 3463.0)	pi= 299.0	di=7466.0	wi=   0.9	Pal=   0.0	profit=299.000000
(151,   62.0, 2756.0)	(151,   98.0, 2955.0)	(151,   52.0, 3176.0)	(151,   36.0, 3309.0)	(151,   92.0, 3555.0)	pi=  82.0	di=4049.0	wi=   0.6	Pal=   0.0	profit=82.000000
(145,   55.0, 2811.0)	(145,   63.0, 3018.0)	(145,   28.0, 3204.0)	(145,    1.0, 3310.0)	(145,   20.0, 3575.0)	pi= 256.0	di=3576.0	wi=   1.5	Pal=   0.0	profit=256.000000
(7,   61.0, 2872.0)	(7,   59.0, 3077.0)	(7,   16.0, 3220.0)	(7,   56.0, 3366.0)	(7,   62.0, 3637.0)	pi= 167.0	di=4545.0	wi=   0.7	Pal=   0.0	profit=167.000000
(17,   70.0, 2942.0)	(17,   25.0, 3102.0)	(17,   64.0, 3284.0)	(17,   94.0, 3460.0)	(17,   46.0, 3683.0)	pi= 211.0	di=4061.0	wi=   1.2	Pal=   0.0	profit=211.000000
(169,   85.0, 3027.0)	(169,   33.0, 3135.0)	(169,   62.0, 3346.0)	(169,   15.0, 3475.0)	(169,   84.0, 3767.0)	pi= 478.0	di=4427.0	wi=   0.7	Pal=   0.0	profit=478.000000
(70,   14.0, 3041.0)	(70,   51.0, 3186.0)	(70,   95.0, 3441.0)	(70,   52.0, 3527.0)	(70,   16.0, 3783.0)	pi= 311.0	di=4287.0	wi=   1.1	Pal=   0.0	profit=311.000000
(197,    4.0, 3045.0)	(197,   48.0, 3234.0)	(197,   67.0, 3508.0)	(197,   97.0, 3624.0)	(197,   96.0, 3879.0)	pi= 139.0	di=4321.0	wi=   1.4	Pal=   0.0	profit=139.000000
(32,   92.0, 3137.0)	(32,   65.0, 3299.0)	(32,   90.0, 3598.0)	(32,   61.0, 3685.0)	(32,   25.0, 3904.0)	pi= 453.0	di=3922.0	wi=   0.6	Pal=   0.0	profit=453.000000
(128,   81.0, 3218.0)	(128,   31.0, 3330.0)	(128,   97.0, 3695.0)	(128,   87.0, 3782.0)	(128,    2.0, 3906.0)	pi= 363.0	di=5127.0	wi=   1.1	Pal=   0.0	profit=363.000000
(143,   73.0, 3291.0)	(143,   74.0, 3404.0)	(143,   59.0, 3754.0)	(143,   51.0, 3833.0)	(143,   51.0, 3957.0)	pi= 150.0	di=4206.0	wi=   0.7	Pal=   0.0	profit=150.000000
(123,   70.0, 3361.0)	(123,   22.0, 3426.0)	(123,   37.0, 3791.0)	(123,   11.0, 3844.0)	(123,   79.0, 4036.0)	pi= 441.0	di=5784.0	wi=   0.8	Pal=   0.0	profit=441.000000
(67,   82.0, 3443.0)	(67,   93.0, 3536.0)	(67,   19.0, 3810.0)	(67,   57.0, 3901.0)	(67,   54.0, 4090.0)	pi= 366.0	di=4481.0	wi=   0.8	Pal=   0.0	profit=366.000000
(71,   56.0, 3499.0)	(71,   68.0, 3604.0)	(71,    9.0, 3819.0)	(71,    1.0, 3902.0)	(71,   80.0, 4170.0)	pi= 376.0	di=7719.0	wi=   0.6	Pal=   0.0	profit=376.000000
(10,   47.0, 3546.0)	(10,   36.0, 3640.0)	(10,   36.0, 3855.0)	(10,    7.0, 3909.0)	(10,    3.0, 4173.0)	pi= 462.0	di=6634.0	wi=   1.0	Pal=   0.0	profit=462.000000
(39,    4.0, 3550.0)	(39,   48.0, 3688.0)	(39,   94.0, 3949.0)	(39,   83.0, 4032.0)	(39,   22.0, 4195.0)	pi= 478.0	di=4651.0	wi=   0.8	Pal=   0.0	profit=478.000000
(55,   75.0, 3625.0)	(55,   64.0, 3752.0)	(55,   34.0, 3983.0)	(55,   64.0, 4096.0)	(55,   42.0, 4237.0)	pi= 404.0	di=4458.0	wi=   0.7	Pal=   0.0	profit=404.000000
(196,   84.0, 3709.0)	(196,   18.0, 3770.0)	(196,   43.0, 4026.0)	(196,   40.0, 4136.0)	(196,   13.0, 4250.0)	pi= 277.0	di=4310.0	wi=   0.7	Pal=   0.0	profit=277.000000
(120,    7.0, 3716.0)	(120,   90.0, 3860.0)	(120,   14.0, 4040.0)	(120,   11.0, 4147.0)	(120,   21.0, 4271.0)	pi= 292.0	di=8262.0	wi=   1.4	Pal=   0.0	profit=292.000000
(129,    3.0, 3719.0)	(129,   77.0, 3937.0)	(129,   23.0, 4063.0)	(129,   43.0, 4190.0)	(129,   76.0, 4347.0)	pi= 413.0	di=6378.0	wi=   1.5	Pal=   0.0	profit=413.000000
(147,   38.0, 3757.0)	(147,   68.0, 4005.0)	(147,   72.0, 4135.0)	(147,    9.0, 4199.0)	(147,   20.0, 4367.0)	pi= 121.0	di=4399.0	wi=   0.8	Pal=   0.0	profit=121.000000
(134,   96.0, 3853.0)	(134,    0.0, 4005.0)	(134,   90.0, 4225.0)	(134,   93.0, 4318.0)	(134,   61.0, 4428.0)	pi= 215.0	di=5368.0	wi=   1.2	Pal=   0.0	profit=215.000000
(170,   86.0, 3939.0)	(170,   26.0, 4031.0)	(170,   11.0, 4236.0)	(170,   55.0, 4373.0)	(170,   21.0, 4449.0)	pi= 100.0	di=8943.0	wi=   1.1	Pal=   0.0	profit=100.000000
(159,   17.0, 3956.0)	(159,   82.0, 4113.0)	(159,   13.0, 4249.0)	(159,   49.0, 4422.0)	(159,   82.0, 4531.0)	pi= 412.0	di=5480.0	wi=   0.8	Pal=   0.0	profit=412.000000
(107,    7.0, 3963.0)	(107,   84.0, 4197.0)	(107,   44.0, 4293.0)	(107,   79.0, 4501.0)	(107,   21.0, 4552.0)	pi= 182.0	di=5540.0	wi=   0.7	Pal=   0.0	profit=182.000000
(149,   97.0, 4060.0)	(149,   33.0, 4230.0)	(149,   52.0, 4345.0)	(149,   79.0, 4580.0)	(149,   86.0, 4666.0)	pi= 121.0	di=4824.0	wi=   0.8	Pal=   0.0	profit=121.000000
(37,   99.0, 4159.0)	(37,   13.0, 4243.0)	(37,   36.0, 4381.0)	(37,   81.0, 4661.0)	(37,    9.0, 4675.0)	pi= 349.0	di=5532.0	wi=   1.2	Pal=   0.0	profit=349.000000
(28,   24.0, 4183.0)	(28,   77.0, 4320.0)	(28,   83.0, 4464.0)	(28,   10.0, 4671.0)	(28,   43.0, 4718.0)	pi= 388.0	di=5747.0	wi=   1.5	Pal=   0.0	profit=388.000000
(0,   65.0, 4248.0)	(0,   71.0, 4391.0)	(0,   19.0, 4483.0)	(0,   34.0, 4705.0)	(0,   83.0, 4801.0)	pi=  49.0	di=5040.0	wi=   0.6	Pal=   0.0	profit=49.000000
(84,   18.0, 4266.0)	(84,   30.0, 4421.0)	(84,    3.0, 4486.0)	(84,   47.0, 4752.0)	(84,    6.0, 4807.0)	pi=  81.0	di=6048.0	wi=   1.1	Pal=   0.0	profit=81.000000
(58,   60.0, 4326.0)	(58,   53.0, 4474.0)	(58,   44.0, 4530.0)	(58,   38.0, 4790.0)	(58,   64.0, 4871.0)	pi= 198.0	di=5077.0	wi=   1.1	Pal=   0.0	profit=198.000000
(181,    4.0, 4330.0)	(181,   20.0, 4494.0)	(181,   94.0, 4624.0)	(181,   25.0, 4815.0)	(181,   84.0, 4955.0)	pi= 274.0	di=5184.0	wi=   0.9	Pal=   0.0	profit=274.000000
(38,   95.0, 4425.0)	(38,   21.0, 4515.0)	(38,   49.0, 4673.0)	(38,   18.0, 4833.0)	(38,   61.0, 5016.0)	pi=  27.0	di=5435.0	wi=   0.9	Pal=   0.0	profit=27.000000
(82,   70.0, 4495.0)	(82,   21.0, 4536.0)	(82,    2.0, 4675.0)	(82,    4.0, 4837.0)	(82,   45.0, 5061.0)	pi=  92.0	di=8706.0	wi=   0.9	Pal=   0.0	profit=92.000000
(79,   64.0, 4559.0)	(79,   50.0, 4609.0)	(79,   74.0, 4749.0)	(79,   83.0, 4920.0)	(79,    0.0, 5061.0)	pi=  28.0	di=5620.0	wi=   1.0	Pal=   0.0	profit=28.000000
(14,   76.0, 4635.0)	(14,   31.0, 4666.0)	(14,   81.0, 4830.0)	(14,   65.0, 4985.0)	(14,   30.0, 5091.0)	pi=  85.0	di=5636.0	wi=   0.5	Pal=   0.0	profit=85.000000
(157,    3.0, 4638.0)	(157,   71.0, 4737.0)	(157,   22.0, 4852.0)	(157,   18.0, 5003.0)	(157,    9.0, 5100.0)	pi=  35.0	di=5951.0	wi=   0.9	Pal=   0.0	profit=35.000000
(105,   43.0, 4681.0)	(105,   48.0, 4785.0)	(105,   11.0, 4863.0)	(105,   68.0, 5071.0)	(105,   70.0, 5170.0)	pi= 237.0	di=8364.0	wi=   1.5	Pal=   0.0	profit=237.000000
(54,   83.0, 4764.0)	(54,   36.0, 4821.0)	(54,   97.0, 4960.0)	(54,   13.0, 5084.0)	(54,   27.0, 5197.0)	pi= 282.0	di=5324.0	wi=   0.6	Pal=   0.0	profit=282.000000
(90,   16.0, 4780.0)	(90,   33.0, 4854.0)	(90,   94.0, 5054.0)	(90,   26.0, 5110.0)	(90,   91.0, 5288.0)	pi= 100.0	di=6092.0	wi=   1.1	Pal=   0.0	profit=100.000000
(133,   86.0, 4866.0)	(133,   27.0, 4893.0)	(133,   93.0, 5147.0)	(133,   73.0, 5220.0)	(133,   10.0, 5298.0)	pi= 238.0	di=5316.0	wi=   1.0	Pal=   0.0	profit=238.000000
(63,   24.0, 4890.0)	(63,   71.0, 4964.0)	(63,   60.0, 5207.0)	(63,   29.0, 5249.0)	(63,   81.0, 5379.0)	pi= 265.0	di=5760.0	wi=   1.3	Pal=   0.0	profit=265.000000
(24,   28.0, 4918.0)	(24,   96.0, 5060.0)	(24,   43.0, 5250.0)	(24,   74.0, 5324.0)	(24,   41.0, 5420.0)	pi= 152.0	di=6349.0	wi=   0.5	Pal=   0.0	profit=152.000000
(184,   55.0, 4973.0)	(184,   11.0, 5071.0)	(184,    0.0, 5250.0)	(184,   78.0, 5402.0)	(184,    9.0, 5429.0)	pi= 226.0	di=6368.0	wi=   0.7	Pal=   0.0	profit=226.000000
(22,   10.0, 4983.0)	(22,   60.0, 5131.0)	(22,   89.0, 5339.0)	(22,   71.0, 5473.0)	(22,   84.0, 5557.0)	pi= 261.0	di=5803.0	wi=   0.9	Pal=   0.0	profit=261.000000
(18,   85.0, 5068.0)	(18,   57.0, 5188.0)	(18,   88.0, 5427.0)	(18,   69.0, 5542.0)	(18,    4.0, 5561.0)	pi= 151.0	di=5854.0	wi=   0.6	Pal=   0.0	profit=151.000000
(81,   13.0, 5081.0)	(81,  100.0, 5288.0)	(81,   51.0, 5478.0)	(81,   13.0, 5555.0)	(81,   92.0, 5653.0)	pi= 155.0	di=7171.0	wi=   1.3	Pal=   0.0	profit=155.000000
(88,   66.0, 5147.0)	(88,   41.0, 5329.0)	(88,   64.0, 5542.0)	(88,   12.0, 5567.0)	(88,   86.0, 5739.0)	pi= 162.0	di=6142.0	wi=   0.7	Pal=   0.0	profit=162.000000
(98,   87.0, 5234.0)	(98,    8.0, 5337.0)	(98,   41.0, 5583.0)	(98,   37.0, 5620.0)	(98,   45.0, 5784.0)	pi= 388.0	di=8153.0	wi=   0.6	Pal=   0.0	profit=388.000000
(124,    1.0, 5235.0)	(124,   28.0, 5365.0)	(124,   13.0, 5596.0)	(124,   56.0, 5676.0)	(124,   17.0, 5801.0)	pi= 158.0	di=8213.0	wi=   1.4	Pal=   0.0	profit=158.000000
(187,   98.0, 5333.0)	(187,   70.0, 5435.0)	(187,   53.0, 5649.0)	(187,   28.0, 5704.0)	(187,   13.0, 5814.0)	pi= 144.0	di=5889.0	wi=   1.0	Pal=   0.0	profit=144.000000
(1,   92.0, 5425.0)	(1,   47.0, 5482.0)	(1,   53.0, 5702.0)	(1,    8.0, 5712.0)	(1,   10.0, 5824.0)	pi=  86.0	di=6399.0	wi=   1.4	Pal=   0.0	profit=86.000000
(15,   87.0, 5512.0)	(15,   83.0, 5595.0)	(15,   68.0, 5770.0)	(15,   32.0, 5802.0)	(15,   28.0, 5852.0)	pi= 487.0	di=6192.0	wi=   1.2	Pal=   0.0	profit=487.000000
(108,   30.0, 5542.0)	(108,   22.0, 5617.0)	(108,   49.0, 5819.0)	(108,   38.0, 5857.0)	(108,   76.0, 5933.0)	pi= 186.0	di=6712.0	wi=   0.8	Pal=   0.0	profit=186.000000
(155,    5.0, 5547.0)	(155,   20.0, 5637.0)	(155,   55.0, 5874.0)	(155,   41.0, 5915.0)	(155,   83.0, 6016.0)	pi= 427.0	di=8316.0	wi=   1.1	Pal=   0.0	profit=427.000000
(109,   55.0, 5602.0)	(109,   57.0, 5694.0)	(109,   43.0, 5917.0)	(109,   48.0, 5965.0)	(109,   70.0, 6086.0)	pi= 204.0	di=6090.0	wi=   1.1	Pal=   0.0	profit=204.000000
(174,   28.0, 5630.0)	(174,   55.0, 5749.0)	(174,   54.0, 5971.0)	(174,   45.0, 6016.0)	(174,   88.0, 6174.0)	pi= 287.0	di=7136.0	wi=   0.8	Pal=   0.0	profit=287.000000
(142,   50.0, 5680.0)	(142,   72.0, 5821.0)	(142,    0.0, 5971.0)	(142,   90.0, 6106.0)	(142,   89.0, 6263.0)	pi= 124.0	di=7278.0	wi=   0.7	Pal=   0.0	profit=124.000000
(31,    3.0, 5683.0)	(31,   87.0, 5908.0)	(31,   98.0, 6069.0)	(31,   11.0, 6117.0)	(31,   89.0, 6352.0)	pi= 183.0	di=6782.0	wi=   0.5	Pal=   0.0	profit=183.000000
(140,   99.0, 5782.0)	(140,   39.0, 5947.0)	(140,   78.0, 6147.0)	(140,   76.0, 6223.0)	(140,  100.0, 6452.0)	pi= 424.0	di=7699.0	wi=   1.3	Pal=   0.0	profit=424.000000
(106,   59.0, 5841.0)	(106,   39.0, 5986.0)	(106,   14.0, 6161.0)	(106,   22.0, 6245.0)	(106,  100.0, 6552.0)	pi= 138.0	di=7318.0	wi=   1.2	Pal=   0.0	profit=138.000000
(139,   54.0, 5895.0)	(139,   46.0, 6032.0)	(139,   75.0, 6236.0)	(139,   56.0, 6301.0)	(139,   24.0, 6576.0)	pi= 234.0	di=6862.0	wi=   1.3	Pal=   0.0	profit=234.000000
(112,   18.0, 5913.0)	(112,   37.0, 6069.0)	(112,    6.0, 6242.0)	(112,    0.0, 6301.0)	(112,   43.0, 6619.0)	pi= 298.0	di=7825.0	wi=   0.6	Pal=   0.0	profit=298.000000
(141,   57.0, 5970.0)	(141,    4.0, 6073.0)	(141,   24.0, 6266.0)	(141,   64.0, 6365.0)	(141,   46.0, 6665.0)	pi= 380.0	di=8053.0	wi=   1.3	Pal=   0.0	profit=380.000000
(2,   78.0, 6048.0)	(2,   77.0, 6150.0)	(2,   59.0, 6325.0)	(2,   59.0, 6424.0)	(2,   19.0, 6684.0)	pi= 166.0	di=9089.0	wi=   1.0	Pal=   0.0	profit=166.000000
(50,   61.0, 6109.0)	(50,   92.0, 6242.0)	(50,   76.0, 6401.0)	(50,   83.0, 6507.0)	(50,   75.0, 6759.0)	pi= 111.0	di=7133.0	wi=   0.9	Pal=   0.0	profit=111.000000
(156,  100.0, 6209.0)	(156,   53.0, 6295.0)	(156,   28.0, 6429.0)	(156,    4.0, 6511.0)	(156,    0.0, 6759.0)	pi= 104.0	di=7650.0	wi=   0.6	Pal=   0.0	profit=104.000000
(57,   11.0, 6220.0)	(57,   20.0, 6315.0)	(57,   40.0, 6469.0)	(57,    3.0, 6514.0)	(57,   10.0, 6769.0)	pi= 394.0	di=8598.0	wi=   0.6	Pal=   0.0	profit=394.000000
(177,   40.0, 6260.0)	(177,   44.0, 6359.0)	(177,   86.0, 6555.0)	(177,   78.0, 6633.0)	(177,   69.0, 6838.0)	pi= 239.0	di=6962.0	wi=   0.8	Pal=   0.0	profit=239.000000
(153,   57.0, 6317.0)	(153,   30.0, 6389.0)	(153,   65.0, 6620.0)	(153,   97.0, 6730.0)	(153,   63.0, 6901.0)	pi= 352.0	di=8500.0	wi=   1.4	Pal=   0.0	profit=352.000000
(34,   60.0, 6377.0)	(34,   46.0, 6435.0)	(34,   92.0, 6712.0)	(34,    0.0, 6730.0)	(34,   24.0, 6925.0)	pi= 145.0	di=8848.0	wi=   1.0	Pal=   0.0	profit=145.000000
(148,   69.0, 6446.0)	(148,   66.0, 6512.0)	(148,   19.0, 6731.0)	(148,   59.0, 6790.0)	(148,    8.0, 6933.0)	pi=  78.0	di=9344.0	wi=   1.5	Pal=   0.0	profit=78.000000
(100,   57.0, 6503.0)	(100,   32.0, 6544.0)	(100,   15.0, 6746.0)	(100,   43.0, 6833.0)	(100,   79.0, 7012.0)	pi= 411.0	di=10045.0	wi=   1.0	Pal=   0.0	profit=411.000000
(189,   50.0, 6553.0)	(189,   48.0, 6601.0)	(189,   33.0, 6779.0)	(189,   90.0, 6923.0)	(189,   89.0, 7101.0)	pi= 213.0	di=8407.0	wi=   0.6	Pal=   0.0	profit=213.000000
(121,    4.0, 6557.0)	(121,   12.0, 6613.0)	(121,   80.0, 6859.0)	(121,   54.0, 6977.0)	(121,    2.0, 7103.0)	pi=  50.0	di=7755.0	wi=   1.1	Pal=   0.0	profit=50.000000
(76,   60.0, 6617.0)	(76,   61.0, 6678.0)	(76,    4.0, 6863.0)	(76,   90.0, 7067.0)	(76,   52.0, 7155.0)	pi=  47.0	di=8842.0	wi=   0.8	Pal=   0.0	profit=47.000000
(168,   44.0, 6661.0)	(168,   51.0, 6729.0)	(168,   79.0, 6942.0)	(168,    7.0, 7074.0)	(168,   65.0, 7220.0)	pi= 288.0	di=7416.0	wi=   0.8	Pal=   0.0	profit=288.000000
(132,   34.0, 6695.0)	(132,   56.0, 6785.0)	(132,   78.0, 7020.0)	(132,   70.0, 7144.0)	(132,   12.0, 7232.0)	pi= 285.0	di=9236.0	wi=   1.4	Pal=   0.0	profit=285.000000
(186,   25.0, 6720.0)	(186,   36.0, 6821.0)	(186,   88.0, 7108.0)	(186,   30.0, 7174.0)	(186,   99.0, 7331.0)	pi= 484.0	di=7550.0	wi=   1.0	Pal=   0.0	profit=484.000000
(75,   73.0, 6793.0)	(75,   70.0, 6891.0)	(75,   16.0, 7124.0)	(75,   56.0, 7230.0)	(75,   69.0, 7400.0)	pi= 429.0	di=8616.0	wi=   0.6	Pal=   0.0	profit=429.000000
(175,   12.0, 6805.0)	(175,   23.0, 6914.0)	(175,   56.0, 7180.0)	(175,   69.0, 7299.0)	(175,   33.0, 7433.0)	pi= 153.0	di=10189.0	wi=   0.5	Pal=   0.0	profit=153.000000
(40,   80.0, 6885.0)	(40,   32.0, 6946.0)	(40,   87.0, 7267.0)	(40,   69.0, 7368.0)	(40,   91.0, 7524.0)	pi= 243.0	di=8071.0	wi=   0.6	Pal=   0.0	profit=243.000000
(102,   48.0, 6933.0)	(102,   36.0, 6982.0)	(102,   92.0, 7359.0)	(102,   87.0, 7455.0)	(102,   13.0, 7537.0)	pi= 285.0	di=8569.0	wi=   1.1	Pal=   0.0	profit=285.000000
(95,   62.0, 6995.0)	(95,   80.0, 7075.0)	(95,   20.0, 7379.0)	(95,   33.0, 7488.0)	(95,   87.0, 7624.0)	pi= 225.0	di=7626.0	wi=   0.9	Pal=   0.0	profit=225.000000
(166,   21.0, 7016.0)	(166,   72.0, 7147.0)	(166,   31.0, 7410.0)	(166,   71.0, 7559.0)	(166,   84.0, 7708.0)	pi=  69.0	di=7712.0	wi=   1.0	Pal=   0.0	profit=69.000000
(74,   32.0, 7048.0)	(74,   62.0, 7209.0)	(74,   83.0, 7493.0)	(74,    8.0, 7567.0)	(74,   74.0, 7782.0)	pi= 460.0	di=8395.0	wi=   0.8	Pal=   0.0	profit=460.000000
(23,   26.0, 7074.0)	(23,   15.0, 7224.0)	(23,   59.0, 7552.0)	(23,   58.0, 7625.0)	(23,   51.0, 7833.0)	pi=  89.0	di=8041.0	wi=   1.4	Pal=   0.0	profit=89.000000
(165,   25.0, 7099.0)	(165,   53.0, 7277.0)	(165,   12.0, 7564.0)	(165,   98.0, 7723.0)	(165,   25.0, 7858.0)	pi= 249.0	di=9860.0	wi=   0.8	Pal=   0.0	profit=249.000000
(167,   50.0, 7149.0)	(167,    0.0, 7277.0)	(167,   76.0, 7640.0)	(167,   98.0, 7821.0)	(167,   45.0, 7903.0)	pi= 210.0	di=8272.0	wi=   0.8	Pal=   0.0	profit=210.000000
(46,   87.0, 7236.0)	(46,   64.0, 7341.0)	(46,   48.0, 7688.0)	(46,   94.0, 7915.0)	(46,   67.0, 7982.0)	pi= 260.0	di=8382.0	wi=   1.2	Pal=   0.0	profit=260.000000
(68,   79.0, 7315.0)	(68,   83.0, 7424.0)	(68,   25.0, 7713.0)	(68,   13.0, 7928.0)	(68,   11.0, 7993.0)	pi=  12.0	di=8206.0	wi=   1.2	Pal=   0.0	profit=12.000000
(180,   76.0, 7391.0)	(180,   63.0, 7487.0)	(180,   75.0, 7788.0)	(180,   59.0, 7987.0)	(180,   63.0, 8056.0)	pi=  75.0	di=8688.0	wi=   0.7	Pal=   0.0	profit=75.000000
(94,   79.0, 7470.0)	(94,   88.0, 7575.0)	(94,   87.0, 7875.0)	(94,    8.0, 7995.0)	(94,   40.0, 8096.0)	pi= 416.0	di=8630.0	wi=   0.5	Pal=   0.0	profit=416.000000
(20,   79.0, 7549.0)	(20,   81.0, 7656.0)	(20,   60.0, 7935.0)	(20,   22.0, 8017.0)	(20,   31.0, 8127.0)	pi= 305.0	di=8744.0	wi=   1.4	Pal=   0.0	profit=305.000000
(4,   55.0, 7604.0)	(4,   85.0, 7741.0)	(4,   29.0, 7964.0)	(4,   40.0, 8057.0)	(4,   95.0, 8222.0)	pi= 283.0	di=9250.0	wi=   1.4	Pal=   0.0	profit=283.000000
(52,   42.0, 7646.0)	(52,   35.0, 7776.0)	(52,   64.0, 8028.0)	(52,   24.0, 8081.0)	(52,   38.0, 8260.0)	pi= 334.0	di=8908.0	wi=   0.5	Pal=   0.0	profit=334.000000
(87,    9.0, 7655.0)	(87,   24.0, 7800.0)	(87,   67.0, 8095.0)	(87,   23.0, 8118.0)	(87,   15.0, 8275.0)	pi= 280.0	di=8706.0	wi=   1.0	Pal=   0.0	profit=280.000000
(172,   27.0, 7682.0)	(172,   47.0, 7847.0)	(172,   10.0, 8105.0)	(172,   70.0, 8188.0)	(172,   41.0, 8316.0)	pi=  29.0	di=9119.0	wi=   1.1	Pal=   0.0	profit=29.000000
(161,   75.0, 7757.0)	(161,   36.0, 7883.0)	(161,   40.0, 8145.0)	(161,   73.0, 8261.0)	(161,   77.0, 8393.0)	pi= 342.0	di=9234.0	wi=   1.3	Pal=   0.0	profit=342.000000
(176,   62.0, 7819.0)	(176,   56.0, 7939.0)	(176,   49.0, 8194.0)	(176,   60.0, 8321.0)	(176,   67.0, 8460.0)	pi= 466.0	di=8524.0	wi=   1.1	Pal=   0.0	profit=466.000000
(8,   21.0, 7840.0)	(8,    2.0, 7941.0)	(8,   74.0, 8268.0)	(8,   76.0, 8397.0)	(8,   82.0, 8542.0)	pi= 355.0	di=8611.0	wi=   1.4	Pal=   0.0	profit=355.000000
(97,   51.0, 7891.0)	(97,   19.0, 7960.0)	(97,   29.0, 8297.0)	(97,   68.0, 8465.0)	(97,   47.0, 8589.0)	pi= 449.0	di=8754.0	wi=   0.7	Pal=   0.0	profit=449.000000
(41,   66.0, 7957.0)	(41,   30.0, 7990.0)	(41,   88.0, 8385.0)	(41,   54.0, 8519.0)	(41,   13.0, 8602.0)	pi= 262.0	di=9123.0	wi=   0.7	Pal=   0.0	profit=262.000000
(6,   53.0, 8010.0)	(6,   25.0, 8035.0)	(6,   94.0, 8479.0)	(6,   42.0, 8561.0)	(6,   51.0, 8653.0)	pi= 371.0	di=9875.0	wi=   1.4	Pal=   0.0	profit=371.000000
(111,   73.0, 8083.0)	(111,   41.0, 8124.0)	(111,   96.0, 8575.0)	(111,   70.0, 8645.0)	(111,   36.0, 8689.0)	pi= 251.0	di=9399.0	wi=   1.0	Pal=   0.0	profit=251.000000
(5,   55.0, 8138.0)	(5,   92.0, 8230.0)	(5,   19.0, 8594.0)	(5,   96.0, 8741.0)	(5,   18.0, 8759.0)	pi= 426.0	di=9702.0	wi=   1.0	Pal=   0.0	profit=426.000000
(137,   90.0, 8228.0)	(137,    6.0, 8236.0)	(137,    9.0, 8603.0)	(137,   58.0, 8799.0)	(137,   19.0, 8818.0)	pi= 194.0	di=8961.0	wi=   1.3	Pal=   0.0	profit=194.000000
(103,   58.0, 8286.0)	(103,   17.0, 8303.0)	(103,   93.0, 8696.0)	(103,   49.0, 8848.0)	(103,   54.0, 8902.0)	pi= 315.0	di=9794.0	wi=   1.2	Pal=   0.0	profit=315.000000
(47,   50.0, 8336.0)	(47,   63.0, 8399.0)	(47,   77.0, 8773.0)	(47,    7.0, 8855.0)	(47,   59.0, 8961.0)	pi=  72.0	di=10199.0	wi=   1.3	Pal=   0.0	profit=72.000000
(99,   49.0, 8385.0)	(99,   67.0, 8466.0)	(99,   43.0, 8816.0)	(99,   13.0, 8868.0)	(99,   96.0, 9057.0)	pi= 342.0	di=9351.0	wi=   0.7	Pal=   0.0	profit=342.000000
(35,   71.0, 8456.0)	(35,    1.0, 8467.0)	(35,   83.0, 8899.0)	(35,   22.0, 8921.0)	(35,   10.0, 9067.0)	pi= 380.0	di=9755.0	wi=   1.3	Pal=   0.0	profit=380.000000
(91,   44.0, 8500.0)	(91,   92.0, 8592.0)	(91,   23.0, 8922.0)	(91,   44.0, 8966.0)	(91,   70.0, 9137.0)	pi= 205.0	di=9254.0	wi=   0.8	Pal=   0.0	profit=205.000000
(131,   77.0, 8577.0)	(131,   38.0, 8630.0)	(131,   42.0, 8964.0)	(131,   47.0, 9013.0)	(131,   87.0, 9224.0)	pi= 384.0	di=9318.0	wi=   1.4	Pal=   0.0	profit=384.000000
(49,   15.0, 8592.0)	(49,   93.0, 8723.0)	(49,   61.0, 9025.0)	(49,   61.0, 9086.0)	(49,   85.0, 9309.0)	pi= 393.0	di=10011.0	wi=   0.7	Pal=   0.0	profit=393.000000
(62,   51.0, 8643.0)	(62,   57.0, 8780.0)	(62,   61.0, 9086.0)	(62,   19.0, 9105.0)	(62,   91.0, 9400.0)	pi=  63.0	di=10027.0	wi=   0.7	Pal=   0.0	profit=63.000000
(51,   45.0, 8688.0)	(51,   86.0, 8866.0)	(51,   77.0, 9163.0)	(51,   16.0, 9179.0)	(51,   64.0, 9464.0)	pi= 291.0	di=9572.0	wi=   0.9	Pal=   0.0	profit=291.000000
(26,   25.0, 8713.0)	(26,   32.0, 8898.0)	(26,   48.0, 9211.0)	(26,   97.0, 9308.0)	(26,   79.0, 9543.0)	pi= 242.0	di=9773.0	wi=   1.4	Pal=   0.0	profit=242.000000
(199,   89.0, 8802.0)	(199,   33.0, 8931.0)	(199,   25.0, 9236.0)	(199,   98.0, 9406.0)	(199,   14.0, 9557.0)	pi= 152.0	di=9895.0	wi=   1.4	Pal=   0.0	profit=152.000000
(85,   66.0, 8868.0)	(85,   98.0, 9029.0)	(85,   62.0, 9298.0)	(85,   70.0, 9476.0)	(85,   47.0, 9604.0)	pi= 199.0	di=10178.0	wi=   0.7	Pal=   0.0	profit=199.000000
(25,   72.0, 8940.0)	(25,   94.0, 9123.0)	(25,   95.0, 9393.0)	(25,   15.0, 9491.0)	(25,   71.0, 9675.0)	pi= 356.0	di=9731.0	wi=   1.2	Pal=   0.0	profit=356.000000
(101,    9.0, 8949.0)	(101,   67.0, 9190.0)	(101,   90.0, 9483.0)	(101,   44.0, 9535.0)	(101,   52.0, 9727.0)	pi= 423.0	di=9878.0	wi=   1.3	Pal=   0.0	profit=423.000000
max Profit=48618.600000 
