Order ID	Pi	di	wi	accepted	devery	delayed	Profit
0	   7.0	7873.0	   1.1	0
1	  70.0	1338.0	   1.5	0
2	 400.0	5369.0	   1.3	1	3740.0	0	400.000000
3	 446.0	 897.0	   1.5	1	 789.0	0	446.000000
4	 483.0	2644.0	   1.4	1	2500.0	0	483.000000
5	 271.0	6499.0	   1.5	1	6375.0	0	271.000000
6	 358.0	3013.0	   1.3	1	1830.0	0	358.000000
7	  12.0	4786.0	   1.2	0
8	 452.0	1281.0	   0.5	1	1064.0	0	452.000000
9	 447.0	2035.0	   0.5	1	1992.0	0	447.000000
10	  32.0	 424.0	   0.7	0
11	 116.0	7177.0	   0.6	1	7171.0	0	116.000000
12	 470.0	5391.0	   0.9	1	5286.0	0	470.000000
13	 457.0	6088.0	   0.8	1	5974.0	0	457.000000
14	  43.0	2546.0	   0.6	0
15	 144.0	7642.0	   1.4	1	7569.0	0	144.000000
16	 212.0	2946.0	   1.1	0
17	 112.0	1150.0	   0.8	1	 358.0	0	112.000000
18	 483.0	7405.0	   1.1	1	7115.0	0	483.000000
19	 313.0	 350.0	   0.9	1	 134.0	0	313.000000
20	  36.0	5448.0	   1.3	1	5348.0	0	36.000000
21	 288.0	7518.0	   1.2	1	7501.0	0	288.000000
22	 495.0	5318.0	   0.7	1	5291.0	0	495.000000
23	 459.0	 579.0	   0.8	1	 429.0	0	459.000000
24	 478.0	7086.0	   1.1	1	6649.0	0	478.000000
25	 448.0	5704.0	   1.4	1	5663.0	0	448.000000
26	  76.0	3994.0	   1.0	1	3461.0	0	76.000000
27	   3.0	5329.0	   1.1	0
28	  55.0	1627.0	   1.3	0
29	 170.0	4974.0	   0.6	1	4946.0	0	170.000000
30	 141.0	6208.0	   1.2	1	5524.0	0	141.000000
31	 317.0	 459.0	   1.2	0
32	  97.0	1998.0	   1.5	0
33	  45.0	7030.0	   1.1	0
34	 139.0	 674.0	   0.9	0
35	 490.0	 881.0	   0.7	1	 515.0	0	490.000000
36	 489.0	3420.0	   0.7	1	2789.0	0	489.000000
37	  43.0	7707.0	   1.0	1	7257.0	0	43.000000
38	 291.0	6488.0	   0.6	1	6385.0	0	291.000000
39	 210.0	 759.0	   1.3	1	 641.0	0	210.000000
40	  18.0	5551.0	   0.6	0
41	 234.0	4974.0	   0.8	1	4500.0	0	234.000000
42	 212.0	4406.0	   1.2	1	4382.0	0	212.000000
43	 270.0	7012.0	   1.4	1	6283.0	0	270.000000
44	 240.0	2045.0	   0.6	1	1162.0	0	240.000000
45	 434.0	1806.0	   1.2	1	1256.0	0	434.000000
46	   2.0	6433.0	   1.0	0
47	 403.0	 586.0	   1.1	0
48	  42.0	4252.0	   1.4	1	4232.0	0	42.000000
49	 177.0	4693.0	   0.6	1	2920.0	0	177.000000
50	  69.0	7691.0	   1.0	1	7545.0	0	69.000000
51	 457.0	6908.0	   1.4	1	6568.0	0	457.000000
52	 311.0	7458.0	   1.1	1	7204.0	0	311.000000
53	  86.0	6379.0	   1.2	0
54	 256.0	7063.0	   1.3	1	6969.0	0	256.000000
55	 132.0	6305.0	   0.9	1	5803.0	0	132.000000
56	 398.0	7010.0	   0.7	1	6715.0	0	398.000000
57	  25.0	2286.0	   1.2	0
58	  52.0	2995.0	   1.0	0
59	 259.0	3868.0	   0.8	1	3852.0	0	259.000000
60	 281.0	5185.0	   1.1	1	4885.0	0	281.000000
61	 138.0	4878.0	   1.0	1	2478.0	0	138.000000
62	 448.0	4783.0	   1.1	1	4681.0	0	448.000000
63	 370.0	5743.0	   0.7	1	5673.0	0	370.000000
64	 117.0	2476.0	   0.6	0
65	 127.0	7977.0	   0.6	1	7905.0	0	127.000000
66	 219.0	6324.0	   0.6	1	6026.0	0	219.000000
67	  26.0	2118.0	   1.3	0
68	  89.0	3484.0	   0.7	0
69	 379.0	3306.0	   1.2	1	2247.0	0	379.000000
70	 194.0	3279.0	   1.4	1	2770.0	0	194.000000
71	 152.0	4322.0	   1.1	1	4311.0	0	152.000000
72	 230.0	6712.0	   1.4	1	6568.0	0	230.000000
73	 317.0	1302.0	   0.7	1	 982.0	0	317.000000
74	 301.0	 602.0	   1.4	1	 287.0	0	301.000000
75	 357.0	 814.0	   0.9	1	 703.0	0	357.000000
76	 139.0	 335.0	   0.7	1	  40.0	0	139.000000
77	  55.0	4172.0	   1.3	0
78	 439.0	2070.0	   1.4	1	2020.0	0	439.000000
79	 467.0	1297.0	   1.4	1	 877.0	0	467.000000
80	 271.0	6327.0	   1.3	1	6038.0	0	271.000000
81	 252.0	5041.0	   0.8	1	4793.0	0	252.000000
82	 472.0	1866.0	   1.4	1	 789.0	0	472.000000
83	 271.0	1239.0	   0.9	0
84	 208.0	 144.0	   1.4	0
85	 241.0	1768.0	   1.0	1	1567.0	0	241.000000
86	 391.0	2305.0	   1.5	1	2117.0	0	391.000000
87	 203.0	3560.0	   0.6	1	3542.0	0	203.000000
88	  99.0	  50.0	   0.9	0
89	 317.0	1832.0	   1.2	1	1510.0	0	317.000000
90	 439.0	4683.0	   1.2	1	3193.0	0	439.000000
91	 439.0	2846.0	   0.7	1	 865.0	0	439.000000
92	 173.0	7125.0	   1.4	1	7057.0	0	173.000000
93	 279.0	6875.0	   1.1	1	6798.0	0	279.000000
94	 258.0	5470.0	   0.6	1	5470.0	0	258.000000
95	 165.0	3905.0	   0.8	0
96	  23.0	 739.0	   0.6	0
97	  92.0	2014.0	   0.9	1	1738.0	0	92.000000
98	 332.0	1653.0	   1.3	1	1495.0	0	332.000000
99	 475.0	4359.0	   1.0	1	4131.0	0	475.000000
100	  46.0	3438.0	   0.6	0
101	 276.0	3470.0	   1.3	1	2664.0	0	276.000000
102	 301.0	4977.0	   1.4	1	4972.0	0	301.000000
103	 151.0	4983.0	   1.1	0
104	 251.0	5905.0	   0.8	1	5734.0	0	251.000000
105	 382.0	2873.0	   1.0	1	2719.0	0	382.000000
106	 416.0	3932.0	   1.1	1	2599.0	0	416.000000
107	 300.0	1846.0	   1.2	1	1334.0	0	300.000000
108	 325.0	1431.0	   0.5	1	 327.0	0	325.000000
109	 163.0	7944.0	   0.8	1	7928.0	0	163.000000
110	 201.0	3140.0	   1.3	1	3065.0	0	201.000000
111	  90.0	7719.0	   0.6	1	7408.0	0	90.000000
112	 144.0	1746.0	   1.3	0
113	 306.0	1676.0	   0.7	1	1639.0	0	306.000000
114	 112.0	5931.0	   1.2	0
115	  59.0	8092.0	   0.6	1	7999.0	0	59.000000
116	 155.0	7579.0	   1.1	1	7576.0	0	155.000000
117	 319.0	3476.0	   0.9	1	3103.0	0	319.000000
118	 235.0	4792.0	   0.5	1	3954.0	0	235.000000
119	 243.0	4814.0	   0.8	1	4602.0	0	243.000000
120	 283.0	 668.0	   1.1	1	 577.0	0	283.000000
121	 455.0	5663.0	   1.1	1	3898.0	0	455.000000
122	 332.0	7867.0	   1.4	1	7654.0	0	332.000000
123	 100.0	3983.0	   0.8	1	2662.0	0	100.000000
124	 305.0	3673.0	   1.5	1	3272.0	0	305.000000
125	 257.0	1279.0	   1.3	0
126	 267.0	3810.0	   0.5	1	3140.0	0	267.000000
127	 465.0	3673.0	   1.1	1	2855.0	0	465.000000
128	 351.0	6746.0	   0.8	1	 575.0	0	351.000000
129	 107.0	6511.0	   0.5	1	6176.0	0	107.000000
130	 123.0	6846.0	   0.8	1	6814.0	0	123.000000
131	  24.0	 506.0	   0.6	0
132	 453.0	2104.0	   1.1	1	1909.0	0	453.000000
133	 370.0	1368.0	   1.4	1	 237.0	0	370.000000
134	  49.0	3127.0	   1.5	0
135	  35.0	5697.0	   1.2	0
136	 326.0	6552.0	   1.4	1	4037.0	0	326.000000
137	   5.0	 478.0	   1.2	0
138	 129.0	5213.0	   1.4	1	3758.0	0	129.000000
139	 291.0	 282.0	   0.6	0
140	 285.0	4729.0	   0.7	1	3907.0	0	285.000000
141	 243.0	7117.0	   0.7	1	6892.0	0	243.000000
142	 339.0	3283.0	   0.7	1	2314.0	0	339.000000
143	  43.0	6885.0	   1.4	0
144	 487.0	1609.0	   1.3	1	1007.0	0	487.000000
145	 201.0	5500.0	   0.9	1	5372.0	0	201.000000
146	 360.0	3661.0	   0.9	1	3659.0	0	360.000000
147	 388.0	4763.0	   1.0	1	4742.0	0	388.000000
148	 408.0	3338.0	   0.7	1	3051.0	0	408.000000
149	  28.0	4293.0	   1.0	1	4199.0	0	28.000000
150	 327.0	 107.0	   1.1	0
151	 338.0	3508.0	   1.0	1	3375.0	0	338.000000
152	 233.0	1250.0	   1.5	1	1233.0	0	233.000000
153	 460.0	2161.0	   0.8	1	 336.0	0	460.000000
154	 278.0	3489.0	   1.4	1	2869.0	0	278.000000
155	  65.0	2146.0	   0.7	0
156	  78.0	5514.0	   1.2	1	5039.0	0	78.000000
157	 376.0	2005.0	   1.0	1	 885.0	0	376.000000
158	 377.0	7780.0	   0.7	1	7272.0	0	377.000000
159	  48.0	2865.0	   1.0	0
160	 215.0	 258.0	   1.2	0
161	 227.0	1539.0	   0.6	1	1415.0	0	227.000000
162	 192.0	1746.0	   0.5	1	1577.0	0	192.000000
163	 124.0	 967.0	   1.3	0
164	 230.0	4653.0	   1.2	1	4594.0	0	230.000000
165	 437.0	5649.0	   0.7	1	5514.0	0	437.000000
166	  77.0	1708.0	   0.9	0
167	 150.0	6630.0	   0.6	1	6513.0	0	150.000000
168	 273.0	6242.0	   1.1	1	5711.0	0	273.000000
169	 152.0	4447.0	   0.9	0
170	 466.0	3633.0	   1.4	1	2010.0	0	466.000000
171	 284.0	3804.0	   0.7	1	3367.0	0	284.000000
172	 333.0	7848.0	   1.1	1	5186.0	0	333.000000
173	 420.0	3044.0	   0.6	1	2324.0	0	420.000000
174	 105.0	 450.0	   1.5	0
175	 111.0	7396.0	   1.0	1	5873.0	0	111.000000
176	 201.0	3059.0	   1.5	0
177	 189.0	6353.0	   1.0	1	3396.0	0	189.000000
178	  44.0	3442.0	   0.7	0
179	  95.0	2293.0	   0.9	1	2169.0	0	95.000000
180	  52.0	7942.0	   0.7	1	7852.0	0	52.000000
181	 215.0	4368.0	   0.7	1	4290.0	0	215.000000
182	 409.0	2504.0	   0.7	1	2405.0	0	409.000000
183	  93.0	6530.0	   0.5	1	6222.0	0	93.000000
184	 309.0	4583.0	   1.1	1	2962.0	0	309.000000
185	 245.0	7367.0	   0.9	1	7350.0	0	245.000000
186	 281.0	7106.0	   1.4	1	5150.0	0	281.000000
187	 423.0	1592.0	   1.0	1	1498.0	0	423.000000
188	 219.0	5320.0	   0.8	1	3804.0	0	219.000000
189	  83.0	5968.0	   0.5	1	5873.0	0	83.000000
190	 195.0	5308.0	   1.3	1	4804.0	0	195.000000
191	 209.0	4626.0	   0.6	1	4062.0	0	209.000000
192	 306.0	3921.0	   0.9	1	3581.0	0	306.000000
193	 399.0	2948.0	   0.7	1	 378.0	0	399.000000
194	  90.0	7046.0	   0.6	1	6970.0	0	90.000000
195	 494.0	1183.0	   1.5	1	 965.0	0	494.000000
196	 124.0	6355.0	   1.3	1	6027.0	0	124.000000
197	 397.0	7962.0	   0.6	1	7755.0	0	397.000000
198	 229.0	 892.0	   0.7	0
199	 355.0	5155.0	   0.8	1	5001.0	0	355.000000
------Order Sequence(ID)-------------------------------
76	76	76	
19	19	19	
133	133	133	
74	74	74	
108	108	108	
153	153	153	
17	17	17	
193	193	193	
23	23	23	
35	35	35	
128	128	128	
120	120	120	
39	39	39	
75	75	75	
82	82	82	
3	3	3	
91	91	91	
79	79	79	
157	157	157	
195	195	195	
73	73	73	
144	144	144	
8	8	8	
44	44	44	
152	152	152	
45	45	45	
107	107	107	
161	161	161	
98	98	98	
187	187	187	
89	89	89	
85	85	85	
162	162	162	
113	113	113	
97	97	97	
6	6	6	
132	132	132	
9	9	9	
170	170	170	
78	78	78	
86	86	86	
179	179	179	
69	69	69	
142	142	142	
173	173	173	
182	182	182	
61	61	61	
4	4	4	
106	106	106	
123	123	123	
101	101	101	
105	105	105	
70	70	70	
36	36	36	
127	127	127	
154	154	154	
49	49	49	
184	184	184	
148	148	148	
110	110	110	
117	117	117	
126	126	126	
90	90	90	
124	124	124	
171	171	171	
151	151	151	
177	177	177	
26	26	26	
87	87	87	
192	192	192	
146	146	146	
2	2	2	
138	138	138	
188	188	188	
59	59	59	
121	121	121	
140	140	140	
118	118	118	
136	136	136	
191	191	191	
99	99	99	
149	149	149	
48	48	48	
181	181	181	
71	71	71	
42	42	42	
41	41	41	
164	164	164	
119	119	119	
62	62	62	
147	147	147	
81	81	81	
190	190	190	
60	60	60	
29	29	29	
102	102	102	
199	199	199	
156	156	156	
186	186	186	
172	172	172	
12	12	12	
22	22	22	
20	20	20	
145	145	145	
94	94	94	
165	165	165	
30	30	30	
25	25	25	
63	63	63	
168	168	168	
104	104	104	
55	55	55	
175	175	175	
189	189	189	
13	13	13	
66	66	66	
196	196	196	
80	80	80	
129	129	129	
183	183	183	
43	43	43	
5	5	5	
38	38	38	
167	167	167	
72	72	72	
51	51	51	
24	24	24	
56	56	56	
93	93	93	
130	130	130	
141	141	141	
54	54	54	
194	194	194	
92	92	92	
18	18	18	
11	11	11	
52	52	52	
37	37	37	
158	158	158	
185	185	185	
111	111	111	
21	21	21	
50	50	50	
15	15	15	
116	116	116	
122	122	122	
197	197	197	
180	180	180	
65	65	65	
109	109	109	
115	115	115	
------Finished time(ID)-------------------------------
(76,    2.0,    2.0)	(76,   20.0,   22.0)	(76,   18.0,   40.0)	pi= 139.0	di= 335.0	wi=   0.7	Pal=   0.0	profit=139.000000
(19,   30.0,   32.0)	(19,   97.0,  129.0)	(19,    5.0,  134.0)	pi= 313.0	di= 350.0	wi=   0.9	Pal=   0.0	profit=313.000000
(133,   16.0,   48.0)	(133,   14.0,  143.0)	(133,   94.0,  237.0)	pi= 370.0	di=1368.0	wi=   1.4	Pal=   0.0	profit=370.000000
(74,   15.0,   63.0)	(74,   66.0,  209.0)	(74,   50.0,  287.0)	pi= 301.0	di= 602.0	wi=   1.4	Pal=   0.0	profit=301.000000
(108,   69.0,  132.0)	(108,    2.0,  211.0)	(108,   40.0,  327.0)	pi= 325.0	di=1431.0	wi=   0.5	Pal=   0.0	profit=325.000000
(153,    2.0,  134.0)	(153,   78.0,  289.0)	(153,    9.0,  336.0)	pi= 460.0	di=2161.0	wi=   0.8	Pal=   0.0	profit=460.000000
(17,    9.0,  143.0)	(17,    0.0,  289.0)	(17,   22.0,  358.0)	pi= 112.0	di=1150.0	wi=   0.8	Pal=   0.0	profit=112.000000
(193,   60.0,  203.0)	(193,    9.0,  298.0)	(193,   20.0,  378.0)	pi= 399.0	di=2948.0	wi=   0.7	Pal=   0.0	profit=399.000000
(23,   17.0,  220.0)	(23,   14.0,  312.0)	(23,   51.0,  429.0)	pi= 459.0	di= 579.0	wi=   0.8	Pal=   0.0	profit=459.000000
(35,   21.0,  241.0)	(35,   78.0,  390.0)	(35,   86.0,  515.0)	pi= 490.0	di= 881.0	wi=   0.7	Pal=   0.0	profit=490.000000
(128,    0.0,  241.0)	(128,    9.0,  399.0)	(128,   60.0,  575.0)	pi= 351.0	di=6746.0	wi=   0.8	Pal=   0.0	profit=351.000000
(120,   83.0,  324.0)	(120,   41.0,  440.0)	(120,    2.0,  577.0)	pi= 283.0	di= 668.0	wi=   1.1	Pal=   0.0	profit=283.000000
(39,   66.0,  390.0)	(39,    5.0,  445.0)	(39,   64.0,  641.0)	pi= 210.0	di= 759.0	wi=   1.3	Pal=   0.0	profit=210.000000
(75,   33.0,  423.0)	(75,   96.0,  541.0)	(75,   62.0,  703.0)	pi= 357.0	di= 814.0	wi=   0.9	Pal=   0.0	profit=357.000000
(82,   48.0,  471.0)	(82,   75.0,  616.0)	(82,   86.0,  789.0)	pi= 472.0	di=1866.0	wi=   1.4	Pal=   0.0	profit=472.000000
(3,   83.0,  554.0)	(3,   63.0,  679.0)	(3,    0.0,  789.0)	pi= 446.0	di= 897.0	wi=   1.5	Pal=   0.0	profit=446.000000
(91,   28.0,  582.0)	(91,   77.0,  756.0)	(91,   76.0,  865.0)	pi= 439.0	di=2846.0	wi=   0.7	Pal=   0.0	profit=439.000000
(79,   81.0,  663.0)	(79,   45.0,  801.0)	(79,   12.0,  877.0)	pi= 467.0	di=1297.0	wi=   1.4	Pal=   0.0	profit=467.000000
(157,   40.0,  703.0)	(157,   20.0,  821.0)	(157,    8.0,  885.0)	pi= 376.0	di=2005.0	wi=   1.0	Pal=   0.0	profit=376.000000
(195,   66.0,  769.0)	(195,   32.0,  853.0)	(195,   80.0,  965.0)	pi= 494.0	di=1183.0	wi=   1.5	Pal=   0.0	profit=494.000000
(73,   65.0,  834.0)	(73,   48.0,  901.0)	(73,   17.0,  982.0)	pi= 317.0	di=1302.0	wi=   0.7	Pal=   0.0	profit=317.000000
(144,   55.0,  889.0)	(144,   41.0,  942.0)	(144,   25.0, 1007.0)	pi= 487.0	di=1609.0	wi=   1.3	Pal=   0.0	profit=487.000000
(8,   20.0,  909.0)	(8,   68.0, 1010.0)	(8,   54.0, 1064.0)	pi= 452.0	di=1281.0	wi=   0.5	Pal=   0.0	profit=452.000000
(44,   90.0,  999.0)	(44,   39.0, 1049.0)	(44,   98.0, 1162.0)	pi= 240.0	di=2045.0	wi=   0.6	Pal=   0.0	profit=240.000000
(152,   15.0, 1014.0)	(152,   79.0, 1128.0)	(152,   71.0, 1233.0)	pi= 233.0	di=1250.0	wi=   1.5	Pal=   0.0	profit=233.000000
(45,   15.0, 1029.0)	(45,   89.0, 1217.0)	(45,   23.0, 1256.0)	pi= 434.0	di=1806.0	wi=   1.2	Pal=   0.0	profit=434.000000
(107,   88.0, 1117.0)	(107,   80.0, 1297.0)	(107,   37.0, 1334.0)	pi= 300.0	di=1846.0	wi=   1.2	Pal=   0.0	profit=300.000000
(161,    5.0, 1122.0)	(161,   37.0, 1334.0)	(161,   81.0, 1415.0)	pi= 227.0	di=1539.0	wi=   0.6	Pal=   0.0	profit=227.000000
(98,   44.0, 1166.0)	(98,   24.0, 1358.0)	(98,   80.0, 1495.0)	pi= 332.0	di=1653.0	wi=   1.3	Pal=   0.0	profit=332.000000
(187,   98.0, 1264.0)	(187,   90.0, 1448.0)	(187,    3.0, 1498.0)	pi= 423.0	di=1592.0	wi=   1.0	Pal=   0.0	profit=423.000000
(89,   48.0, 1312.0)	(89,   21.0, 1469.0)	(89,   12.0, 1510.0)	pi= 317.0	di=1832.0	wi=   1.2	Pal=   0.0	profit=317.000000
(85,   71.0, 1383.0)	(85,   38.0, 1507.0)	(85,   57.0, 1567.0)	pi= 241.0	di=1768.0	wi=   1.0	Pal=   0.0	profit=241.000000
(162,   53.0, 1436.0)	(162,   23.0, 1530.0)	(162,   10.0, 1577.0)	pi= 192.0	di=1746.0	wi=   0.5	Pal=   0.0	profit=192.000000
(113,   80.0, 1516.0)	(113,   92.0, 1622.0)	(113,   17.0, 1639.0)	pi= 306.0	di=1676.0	wi=   0.7	Pal=   0.0	profit=306.000000
(97,   14.0, 1530.0)	(97,    0.0, 1622.0)	(97,   99.0, 1738.0)	pi=  92.0	di=2014.0	wi=   0.9	Pal=   0.0	profit=92.000000
(6,   41.0, 1571.0)	(6,   62.0, 1684.0)	(6,   92.0, 1830.0)	pi= 358.0	di=3013.0	wi=   1.3	Pal=   0.0	profit=358.000000
(132,   90.0, 1661.0)	(132,   99.0, 1783.0)	(132,   79.0, 1909.0)	pi= 453.0	di=2104.0	wi=   1.1	Pal=   0.0	profit=453.000000
(9,   20.0, 1681.0)	(9,   68.0, 1851.0)	(9,   83.0, 1992.0)	pi= 447.0	di=2035.0	wi=   0.5	Pal=   0.0	profit=447.000000
(170,   30.0, 1711.0)	(170,   35.0, 1886.0)	(170,   18.0, 2010.0)	pi= 466.0	di=3633.0	wi=   1.4	Pal=   0.0	profit=466.000000
(78,   46.0, 1757.0)	(78,   96.0, 1982.0)	(78,   10.0, 2020.0)	pi= 439.0	di=2070.0	wi=   1.4	Pal=   0.0	profit=439.000000
(86,   79.0, 1836.0)	(86,    8.0, 1990.0)	(86,   97.0, 2117.0)	pi= 391.0	di=2305.0	wi=   1.5	Pal=   0.0	profit=391.000000
(179,   38.0, 1874.0)	(179,   14.0, 2004.0)	(179,   52.0, 2169.0)	pi=  95.0	di=2293.0	wi=   0.9	Pal=   0.0	profit=95.000000
(69,   82.0, 1956.0)	(69,   74.0, 2078.0)	(69,   78.0, 2247.0)	pi= 379.0	di=3306.0	wi=   1.2	Pal=   0.0	profit=379.000000
(142,   65.0, 2021.0)	(142,   50.0, 2128.0)	(142,   67.0, 2314.0)	pi= 339.0	di=3283.0	wi=   0.7	Pal=   0.0	profit=339.000000
(173,   44.0, 2065.0)	(173,   89.0, 2217.0)	(173,   10.0, 2324.0)	pi= 420.0	di=3044.0	wi=   0.6	Pal=   0.0	profit=420.000000
(182,    0.0, 2065.0)	(182,   86.0, 2303.0)	(182,   81.0, 2405.0)	pi= 409.0	di=2504.0	wi=   0.7	Pal=   0.0	profit=409.000000
(61,   52.0, 2117.0)	(61,   24.0, 2327.0)	(61,   73.0, 2478.0)	pi= 138.0	di=4878.0	wi=   1.0	Pal=   0.0	profit=138.000000
(4,   88.0, 2205.0)	(4,   82.0, 2409.0)	(4,   22.0, 2500.0)	pi= 483.0	di=2644.0	wi=   1.4	Pal=   0.0	profit=483.000000
(106,   26.0, 2231.0)	(106,   60.0, 2469.0)	(106,   99.0, 2599.0)	pi= 416.0	di=3932.0	wi=   1.1	Pal=   0.0	profit=416.000000
(123,   55.0, 2286.0)	(123,   18.0, 2487.0)	(123,   63.0, 2662.0)	pi= 100.0	di=3983.0	wi=   0.8	Pal=   0.0	profit=100.000000
(101,   54.0, 2340.0)	(101,   42.0, 2529.0)	(101,    2.0, 2664.0)	pi= 276.0	di=3470.0	wi=   1.3	Pal=   0.0	profit=276.000000
(105,   79.0, 2419.0)	(105,   74.0, 2603.0)	(105,   55.0, 2719.0)	pi= 382.0	di=2873.0	wi=   1.0	Pal=   0.0	profit=382.000000
(70,   43.0, 2462.0)	(70,   25.0, 2628.0)	(70,   51.0, 2770.0)	pi= 194.0	di=3279.0	wi=   1.4	Pal=   0.0	profit=194.000000
(36,   68.0, 2530.0)	(36,   40.0, 2668.0)	(36,   19.0, 2789.0)	pi= 489.0	di=3420.0	wi=   0.7	Pal=   0.0	profit=489.000000
(127,   61.0, 2591.0)	(127,   44.0, 2712.0)	(127,   66.0, 2855.0)	pi= 465.0	di=3673.0	wi=   1.1	Pal=   0.0	profit=465.000000
(154,   97.0, 2688.0)	(154,   73.0, 2785.0)	(154,   14.0, 2869.0)	pi= 278.0	di=3489.0	wi=   1.4	Pal=   0.0	profit=278.000000
(49,    1.0, 2689.0)	(49,   34.0, 2819.0)	(49,   51.0, 2920.0)	pi= 177.0	di=4693.0	wi=   0.6	Pal=   0.0	profit=177.000000
(184,   67.0, 2756.0)	(184,    5.0, 2824.0)	(184,   42.0, 2962.0)	pi= 309.0	di=4583.0	wi=   1.1	Pal=   0.0	profit=309.000000
(148,   41.0, 2797.0)	(148,   88.0, 2912.0)	(148,   89.0, 3051.0)	pi= 408.0	di=3338.0	wi=   0.7	Pal=   0.0	profit=408.000000
(110,   17.0, 2814.0)	(110,   92.0, 3004.0)	(110,   14.0, 3065.0)	pi= 201.0	di=3140.0	wi=   1.3	Pal=   0.0	profit=201.000000
(117,   91.0, 2905.0)	(117,   79.0, 3083.0)	(117,   20.0, 3103.0)	pi= 319.0	di=3476.0	wi=   0.9	Pal=   0.0	profit=319.000000
(126,   69.0, 2974.0)	(126,   47.0, 3130.0)	(126,   10.0, 3140.0)	pi= 267.0	di=3810.0	wi=   0.5	Pal=   0.0	profit=267.000000
(90,   46.0, 3020.0)	(90,   47.0, 3177.0)	(90,   16.0, 3193.0)	pi= 439.0	di=4683.0	wi=   1.2	Pal=   0.0	profit=439.000000
(124,   86.0, 3106.0)	(124,   27.0, 3204.0)	(124,   68.0, 3272.0)	pi= 305.0	di=3673.0	wi=   1.5	Pal=   0.0	profit=305.000000
(171,   60.0, 3166.0)	(171,   54.0, 3258.0)	(171,   95.0, 3367.0)	pi= 284.0	di=3804.0	wi=   0.7	Pal=   0.0	profit=284.000000
(151,   60.0, 3226.0)	(151,   90.0, 3348.0)	(151,    8.0, 3375.0)	pi= 338.0	di=3508.0	wi=   1.0	Pal=   0.0	profit=338.000000
(177,   60.0, 3286.0)	(177,    7.0, 3355.0)	(177,   21.0, 3396.0)	pi= 189.0	di=6353.0	wi=   1.0	Pal=   0.0	profit=189.000000
(26,   12.0, 3298.0)	(26,   38.0, 3393.0)	(26,   65.0, 3461.0)	pi=  76.0	di=3994.0	wi=   1.0	Pal=   0.0	profit=76.000000
(87,   58.0, 3356.0)	(87,   84.0, 3477.0)	(87,   65.0, 3542.0)	pi= 203.0	di=3560.0	wi=   0.6	Pal=   0.0	profit=203.000000
(192,   54.0, 3410.0)	(192,   30.0, 3507.0)	(192,   39.0, 3581.0)	pi= 306.0	di=3921.0	wi=   0.9	Pal=   0.0	profit=306.000000
(146,   48.0, 3458.0)	(146,   11.0, 3518.0)	(146,   78.0, 3659.0)	pi= 360.0	di=3661.0	wi=   0.9	Pal=   0.0	profit=360.000000
(2,   19.0, 3477.0)	(2,   84.0, 3602.0)	(2,   81.0, 3740.0)	pi= 400.0	di=5369.0	wi=   1.3	Pal=   0.0	profit=400.000000
(138,   58.0, 3535.0)	(138,   42.0, 3644.0)	(138,   18.0, 3758.0)	pi= 129.0	di=5213.0	wi=   1.4	Pal=   0.0	profit=129.000000
(188,   54.0, 3589.0)	(188,   68.0, 3712.0)	(188,   46.0, 3804.0)	pi= 219.0	di=5320.0	wi=   0.8	Pal=   0.0	profit=219.000000
(59,    9.0, 3598.0)	(59,   64.0, 3776.0)	(59,   48.0, 3852.0)	pi= 259.0	di=3868.0	wi=   0.8	Pal=   0.0	profit=259.000000
(121,   26.0, 3624.0)	(121,   17.0, 3793.0)	(121,   46.0, 3898.0)	pi= 455.0	di=5663.0	wi=   1.1	Pal=   0.0	profit=455.000000
(140,   68.0, 3692.0)	(140,   29.0, 3822.0)	(140,    9.0, 3907.0)	pi= 285.0	di=4729.0	wi=   0.7	Pal=   0.0	profit=285.000000
(118,   75.0, 3767.0)	(118,   36.0, 3858.0)	(118,   47.0, 3954.0)	pi= 235.0	di=4792.0	wi=   0.5	Pal=   0.0	profit=235.000000
(136,   20.0, 3787.0)	(136,   58.0, 3916.0)	(136,   83.0, 4037.0)	pi= 326.0	di=6552.0	wi=   1.4	Pal=   0.0	profit=326.000000
(191,   24.0, 3811.0)	(191,   89.0, 4005.0)	(191,   25.0, 4062.0)	pi= 209.0	di=4626.0	wi=   0.6	Pal=   0.0	profit=209.000000
(99,   27.0, 3838.0)	(99,   86.0, 4091.0)	(99,   40.0, 4131.0)	pi= 475.0	di=4359.0	wi=   1.0	Pal=   0.0	profit=475.000000
(149,   28.0, 3866.0)	(149,   28.0, 4119.0)	(149,   68.0, 4199.0)	pi=  28.0	di=4293.0	wi=   1.0	Pal=   0.0	profit=28.000000
(48,   89.0, 3955.0)	(48,   18.0, 4137.0)	(48,   33.0, 4232.0)	pi=  42.0	di=4252.0	wi=   1.4	Pal=   0.0	profit=42.000000
(181,   40.0, 3995.0)	(181,   94.0, 4231.0)	(181,   58.0, 4290.0)	pi= 215.0	di=4368.0	wi=   0.7	Pal=   0.0	profit=215.000000
(71,   67.0, 4062.0)	(71,   53.0, 4284.0)	(71,   21.0, 4311.0)	pi= 152.0	di=4322.0	wi=   1.1	Pal=   0.0	profit=152.000000
(42,   75.0, 4137.0)	(42,   42.0, 4326.0)	(42,   56.0, 4382.0)	pi= 212.0	di=4406.0	wi=   1.2	Pal=   0.0	profit=212.000000
(41,   95.0, 4232.0)	(41,   93.0, 4419.0)	(41,   81.0, 4500.0)	pi= 234.0	di=4974.0	wi=   0.8	Pal=   0.0	profit=234.000000
(164,   39.0, 4271.0)	(164,   83.0, 4502.0)	(164,   92.0, 4594.0)	pi= 230.0	di=4653.0	wi=   1.2	Pal=   0.0	profit=230.000000
(119,   60.0, 4331.0)	(119,   32.0, 4534.0)	(119,    8.0, 4602.0)	pi= 243.0	di=4814.0	wi=   0.8	Pal=   0.0	profit=243.000000
(62,    7.0, 4338.0)	(62,   88.0, 4622.0)	(62,   59.0, 4681.0)	pi= 448.0	di=4783.0	wi=   1.1	Pal=   0.0	profit=448.000000
(147,   88.0, 4426.0)	(147,   51.0, 4673.0)	(147,   61.0, 4742.0)	pi= 388.0	di=4763.0	wi=   1.0	Pal=   0.0	profit=388.000000
(81,   34.0, 4460.0)	(81,   11.0, 4684.0)	(81,   51.0, 4793.0)	pi= 252.0	di=5041.0	wi=   0.8	Pal=   0.0	profit=252.000000
(190,   61.0, 4521.0)	(190,   19.0, 4703.0)	(190,   11.0, 4804.0)	pi= 195.0	di=5308.0	wi=   1.3	Pal=   0.0	profit=195.000000
(60,    1.0, 4522.0)	(60,   47.0, 4750.0)	(60,   81.0, 4885.0)	pi= 281.0	di=5185.0	wi=   1.1	Pal=   0.0	profit=281.000000
(29,   73.0, 4595.0)	(29,   90.0, 4840.0)	(29,   61.0, 4946.0)	pi= 170.0	di=4974.0	wi=   0.6	Pal=   0.0	profit=170.000000
(102,   13.0, 4608.0)	(102,   55.0, 4895.0)	(102,   26.0, 4972.0)	pi= 301.0	di=4977.0	wi=   1.4	Pal=   0.0	profit=301.000000
(199,   82.0, 4690.0)	(199,   79.0, 4974.0)	(199,   27.0, 5001.0)	pi= 355.0	di=5155.0	wi=   0.8	Pal=   0.0	profit=355.000000
(156,    8.0, 4698.0)	(156,   58.0, 5032.0)	(156,    7.0, 5039.0)	pi=  78.0	di=5514.0	wi=   1.2	Pal=   0.0	profit=78.000000
(186,   94.0, 4792.0)	(186,   34.0, 5066.0)	(186,   84.0, 5150.0)	pi= 281.0	di=7106.0	wi=   1.4	Pal=   0.0	profit=281.000000
(172,   16.0, 4808.0)	(172,   21.0, 5087.0)	(172,   36.0, 5186.0)	pi= 333.0	di=7848.0	wi=   1.1	Pal=   0.0	profit=333.000000
(12,   96.0, 4904.0)	(12,   95.0, 5182.0)	(12,  100.0, 5286.0)	pi= 470.0	di=5391.0	wi=   0.9	Pal=   0.0	profit=470.000000
(22,   93.0, 4997.0)	(22,   60.0, 5242.0)	(22,    5.0, 5291.0)	pi= 495.0	di=5318.0	wi=   0.7	Pal=   0.0	profit=495.000000
(20,   44.0, 5041.0)	(20,   26.0, 5268.0)	(20,   57.0, 5348.0)	pi=  36.0	di=5448.0	wi=   1.3	Pal=   0.0	profit=36.000000
(145,   62.0, 5103.0)	(145,   77.0, 5345.0)	(145,   24.0, 5372.0)	pi= 201.0	di=5500.0	wi=   0.9	Pal=   0.0	profit=201.000000
(94,   38.0, 5141.0)	(94,   43.0, 5388.0)	(94,   82.0, 5470.0)	pi= 258.0	di=5470.0	wi=   0.6	Pal=   0.0	profit=258.000000
(165,   75.0, 5216.0)	(165,   50.0, 5438.0)	(165,   44.0, 5514.0)	pi= 437.0	di=5649.0	wi=   0.7	Pal=   0.0	profit=437.000000
(30,   93.0, 5309.0)	(30,   64.0, 5502.0)	(30,   10.0, 5524.0)	pi= 141.0	di=6208.0	wi=   1.2	Pal=   0.0	profit=141.000000
(25,   39.0, 5348.0)	(25,   68.0, 5570.0)	(25,   93.0, 5663.0)	pi= 448.0	di=5704.0	wi=   1.4	Pal=   0.0	profit=448.000000
(63,   84.0, 5432.0)	(63,   37.0, 5607.0)	(63,   10.0, 5673.0)	pi= 370.0	di=5743.0	wi=   0.7	Pal=   0.0	profit=370.000000
(168,   55.0, 5487.0)	(168,   29.0, 5636.0)	(168,   38.0, 5711.0)	pi= 273.0	di=6242.0	wi=   1.1	Pal=   0.0	profit=273.000000
(104,   21.0, 5508.0)	(104,   86.0, 5722.0)	(104,   12.0, 5734.0)	pi= 251.0	di=5905.0	wi=   0.8	Pal=   0.0	profit=251.000000
(55,   52.0, 5560.0)	(55,   79.0, 5801.0)	(55,    2.0, 5803.0)	pi= 132.0	di=6305.0	wi=   0.9	Pal=   0.0	profit=132.000000
(175,   91.0, 5651.0)	(175,   43.0, 5844.0)	(175,   29.0, 5873.0)	pi= 111.0	di=7396.0	wi=   1.0	Pal=   0.0	profit=111.000000
(189,   58.0, 5709.0)	(189,   18.0, 5862.0)	(189,    0.0, 5873.0)	pi=  83.0	di=5968.0	wi=   0.5	Pal=   0.0	profit=83.000000
(13,   62.0, 5771.0)	(13,   38.0, 5900.0)	(13,   74.0, 5974.0)	pi= 457.0	di=6088.0	wi=   0.8	Pal=   0.0	profit=457.000000
(66,   20.0, 5791.0)	(66,   22.0, 5922.0)	(66,   52.0, 6026.0)	pi= 219.0	di=6324.0	wi=   0.6	Pal=   0.0	profit=219.000000
(196,   69.0, 5860.0)	(196,   47.0, 5969.0)	(196,    1.0, 6027.0)	pi= 124.0	di=6355.0	wi=   1.3	Pal=   0.0	profit=124.000000
(80,   31.0, 5891.0)	(80,   48.0, 6017.0)	(80,   11.0, 6038.0)	pi= 271.0	di=6327.0	wi=   1.3	Pal=   0.0	profit=271.000000
(129,   75.0, 5966.0)	(129,   72.0, 6089.0)	(129,   87.0, 6176.0)	pi= 107.0	di=6511.0	wi=   0.5	Pal=   0.0	profit=107.000000
(183,   39.0, 6005.0)	(183,   91.0, 6180.0)	(183,   42.0, 6222.0)	pi=  93.0	di=6530.0	wi=   0.5	Pal=   0.0	profit=93.000000
(43,   30.0, 6035.0)	(43,   21.0, 6201.0)	(43,   61.0, 6283.0)	pi= 270.0	di=7012.0	wi=   1.4	Pal=   0.0	profit=270.000000
(5,    7.0, 6042.0)	(5,   55.0, 6256.0)	(5,   92.0, 6375.0)	pi= 271.0	di=6499.0	wi=   1.5	Pal=   0.0	profit=271.000000
(38,   73.0, 6115.0)	(38,   91.0, 6347.0)	(38,   10.0, 6385.0)	pi= 291.0	di=6488.0	wi=   0.6	Pal=   0.0	profit=291.000000
(167,   93.0, 6208.0)	(167,   78.0, 6425.0)	(167,   88.0, 6513.0)	pi= 150.0	di=6630.0	wi=   0.6	Pal=   0.0	profit=150.000000
(72,   11.0, 6219.0)	(72,   79.0, 6504.0)	(72,   55.0, 6568.0)	pi= 230.0	di=6712.0	wi=   1.4	Pal=   0.0	profit=230.000000
(51,   94.0, 6313.0)	(51,   41.0, 6545.0)	(51,    0.0, 6568.0)	pi= 457.0	di=6908.0	wi=   1.4	Pal=   0.0	profit=457.000000
(24,   20.0, 6333.0)	(24,   25.0, 6570.0)	(24,   79.0, 6649.0)	pi= 478.0	di=7086.0	wi=   1.1	Pal=   0.0	profit=478.000000
(56,   92.0, 6425.0)	(56,   70.0, 6640.0)	(56,   66.0, 6715.0)	pi= 398.0	di=7010.0	wi=   0.7	Pal=   0.0	profit=398.000000
(93,   81.0, 6506.0)	(93,   69.0, 6709.0)	(93,   83.0, 6798.0)	pi= 279.0	di=6875.0	wi=   1.1	Pal=   0.0	profit=279.000000
(130,   92.0, 6598.0)	(130,   89.0, 6798.0)	(130,   16.0, 6814.0)	pi= 123.0	di=6846.0	wi=   0.8	Pal=   0.0	profit=123.000000
(141,   85.0, 6683.0)	(141,   29.0, 6827.0)	(141,   65.0, 6892.0)	pi= 243.0	di=7117.0	wi=   0.7	Pal=   0.0	profit=243.000000
(54,    8.0, 6691.0)	(54,   37.0, 6864.0)	(54,   77.0, 6969.0)	pi= 256.0	di=7063.0	wi=   1.3	Pal=   0.0	profit=256.000000
(194,   83.0, 6774.0)	(194,   40.0, 6904.0)	(194,    1.0, 6970.0)	pi=  90.0	di=7046.0	wi=   0.6	Pal=   0.0	profit=90.000000
(92,  100.0, 6874.0)	(92,   68.0, 6972.0)	(92,   85.0, 7057.0)	pi= 173.0	di=7125.0	wi=   1.4	Pal=   0.0	profit=173.000000
(18,   83.0, 6957.0)	(18,   25.0, 6997.0)	(18,   58.0, 7115.0)	pi= 483.0	di=7405.0	wi=   1.1	Pal=   0.0	profit=483.000000
(11,   86.0, 7043.0)	(11,   60.0, 7103.0)	(11,   56.0, 7171.0)	pi= 116.0	di=7177.0	wi=   0.6	Pal=   0.0	profit=116.000000
(52,    5.0, 7048.0)	(52,   15.0, 7118.0)	(52,   33.0, 7204.0)	pi= 311.0	di=7458.0	wi=   1.1	Pal=   0.0	profit=311.000000
(37,  100.0, 7148.0)	(37,   37.0, 7185.0)	(37,   53.0, 7257.0)	pi=  43.0	di=7707.0	wi=   1.0	Pal=   0.0	profit=43.000000
(158,    3.0, 7151.0)	(158,   65.0, 7250.0)	(158,   15.0, 7272.0)	pi= 377.0	di=7780.0	wi=   0.7	Pal=   0.0	profit=377.000000
(185,   56.0, 7207.0)	(185,   40.0, 7290.0)	(185,   60.0, 7350.0)	pi= 245.0	di=7367.0	wi=   0.9	Pal=   0.0	profit=245.000000
(111,    1.0, 7208.0)	(111,   56.0, 7346.0)	(111,   58.0, 7408.0)	pi=  90.0	di=7719.0	wi=   0.6	Pal=   0.0	profit=90.000000
(21,   75.0, 7283.0)	(21,   14.0, 7360.0)	(21,   93.0, 7501.0)	pi= 288.0	di=7518.0	wi=   1.2	Pal=   0.0	profit=288.000000
(50,   27.0, 7310.0)	(50,   54.0, 7414.0)	(50,   44.0, 7545.0)	pi=  69.0	di=7691.0	wi=   1.0	Pal=   0.0	profit=69.000000
(15,   84.0, 7394.0)	(15,   21.0, 7435.0)	(15,   24.0, 7569.0)	pi= 144.0	di=7642.0	wi=   1.4	Pal=   0.0	profit=144.000000
(116,  100.0, 7494.0)	(116,   34.0, 7528.0)	(116,    7.0, 7576.0)	pi= 155.0	di=7579.0	wi=   1.1	Pal=   0.0	profit=155.000000
(122,   48.0, 7542.0)	(122,   35.0, 7577.0)	(122,   77.0, 7654.0)	pi= 332.0	di=7867.0	wi=   1.4	Pal=   0.0	profit=332.000000
(197,   36.0, 7578.0)	(197,  100.0, 7678.0)	(197,   77.0, 7755.0)	pi= 397.0	di=7962.0	wi=   0.6	Pal=   0.0	profit=397.000000
(180,   52.0, 7630.0)	(180,   14.0, 7692.0)	(180,   97.0, 7852.0)	pi=  52.0	di=7942.0	wi=   0.7	Pal=   0.0	profit=52.000000
(65,   22.0, 7652.0)	(65,   53.0, 7745.0)	(65,   53.0, 7905.0)	pi= 127.0	di=7977.0	wi=   0.6	Pal=   0.0	profit=127.000000
(109,   89.0, 7741.0)	(109,   75.0, 7820.0)	(109,   23.0, 7928.0)	pi= 163.0	di=7944.0	wi=   0.8	Pal=   0.0	profit=163.000000
(115,   21.0, 7762.0)	(115,   45.0, 7865.0)	(115,   71.0, 7999.0)	pi=  59.0	di=8092.0	wi=   0.6	Pal=   0.0	profit=59.000000
max Profit=43021.000000 
