Order ID	Pi	di	wi	accepted	devery	delayed	Profit
0	 254.0	7759.0	   1.0	1	7678.0	0	254.000000
1	 302.0	6254.0	   1.5	1	6091.0	0	302.000000
2	 221.0	7523.0	   1.5	1	7301.0	0	221.000000
3	 262.0	6622.0	   0.7	1	6499.0	0	262.000000
4	 232.0	 751.0	   0.5	0
5	 220.0	5204.0	   0.8	1	4985.0	0	220.000000
6	  71.0	 892.0	   0.8	0
7	 102.0	6830.0	   0.8	1	6729.0	0	102.000000
8	 153.0	 625.0	   0.5	0
9	 415.0	 765.0	   0.7	1	 745.0	0	415.000000
10	 438.0	7223.0	   1.0	1	6976.0	0	438.000000
11	 450.0	6791.0	   0.9	1	6588.0	0	450.000000
12	  72.0	3881.0	   0.9	1	3650.0	0	72.000000
13	 419.0	1731.0	   0.8	1	1602.0	0	419.000000
14	 173.0	7681.0	   1.5	1	7570.0	0	173.000000
15	 282.0	1443.0	   1.4	0
16	 210.0	8052.0	   0.7	1	6920.0	0	210.000000
17	 205.0	3870.0	   0.6	1	3528.0	0	205.000000
18	  92.0	 109.0	   0.8	0
19	 319.0	4416.0	   1.3	1	4393.0	0	319.000000
20	  24.0	5332.0	   1.4	0
21	 195.0	7695.0	   1.4	1	7042.0	0	195.000000
22	 403.0	7462.0	   0.7	1	6346.0	0	403.000000
23	 432.0	2013.0	   1.1	1	1179.0	0	432.000000
24	 137.0	7845.0	   0.5	1	7775.0	0	137.000000
25	 370.0	4949.0	   1.3	1	4837.0	0	370.000000
26	 296.0	6977.0	   0.8	1	6720.0	0	296.000000
27	 402.0	5994.0	   1.3	1	5305.0	0	402.000000
28	  28.0	1407.0	   0.7	0
29	  61.0	5991.0	   1.2	0
30	 226.0	6629.0	   0.7	1	6266.0	0	226.000000
31	 282.0	2213.0	   1.5	1	2144.0	0	282.000000
32	 172.0	6004.0	   0.9	1	5673.0	0	172.000000
33	 302.0	8066.0	   0.6	1	7812.0	0	302.000000
34	 195.0	3996.0	   1.2	1	3973.0	0	195.000000
35	 331.0	8019.0	   0.6	1	7766.0	0	331.000000
36	  44.0	5433.0	   1.0	0
37	 352.0	1859.0	   0.5	1	1681.0	0	352.000000
38	  79.0	3685.0	   0.8	0
39	 269.0	1906.0	   0.8	0
40	 152.0	8341.0	   0.8	1	8077.0	0	152.000000
41	 234.0	 302.0	   1.2	0
42	 296.0	4843.0	   0.8	1	3670.0	0	296.000000
43	 320.0	5481.0	   0.5	1	3710.0	0	320.000000
44	  34.0	3099.0	   1.1	0
45	 413.0	2240.0	   1.1	1	1247.0	0	413.000000
46	 361.0	 501.0	   1.4	0
47	 300.0	5670.0	   1.5	1	5491.0	0	300.000000
48	 387.0	1549.0	   0.5	1	1356.0	0	387.000000
49	 464.0	 936.0	   0.6	1	 887.0	0	464.000000
50	 122.0	1080.0	   1.5	0
51	 207.0	5614.0	   0.8	1	4472.0	0	207.000000
52	 241.0	1255.0	   1.2	0
53	 345.0	 391.0	   0.6	0
54	 235.0	6212.0	   0.6	1	6210.0	0	235.000000
55	  78.0	1370.0	   0.6	0
56	 361.0	2515.0	   1.5	1	2473.0	0	361.000000
57	 131.0	6690.0	   1.1	1	6536.0	0	131.000000
58	 162.0	4384.0	   1.0	1	3946.0	0	162.000000
59	  66.0	4893.0	   1.0	1	4822.0	0	66.000000
60	 293.0	2146.0	   1.2	1	1750.0	0	293.000000
61	 316.0	7742.0	   1.3	1	7240.0	0	316.000000
62	 244.0	 180.0	   1.1	0
63	 495.0	2781.0	   0.7	1	2615.0	0	495.000000
64	 230.0	7893.0	   1.3	1	7866.0	0	230.000000
65	  55.0	1008.0	   1.1	0
66	 150.0	5826.0	   1.4	1	2997.0	0	150.000000
67	 371.0	4886.0	   1.1	1	3220.0	0	371.000000
68	 114.0	3910.0	   0.7	1	3453.0	0	114.000000
69	 433.0	7009.0	   0.8	1	4995.0	0	433.000000
70	 239.0	5195.0	   1.2	1	4909.0	0	239.000000
71	  75.0	5063.0	   1.4	0
72	 149.0	3517.0	   0.8	0
73	 146.0	2194.0	   1.1	0
74	 145.0	3402.0	   1.0	1	2474.0	0	145.000000
75	 235.0	8151.0	   1.2	1	7475.0	0	235.000000
76	 150.0	2118.0	   0.6	0
77	 180.0	2957.0	   0.7	1	 693.0	0	180.000000
78	 117.0	2129.0	   0.9	1	1442.0	0	117.000000
79	 497.0	4280.0	   1.2	1	3651.0	0	497.000000
80	 395.0	  68.0	   1.2	0
81	 367.0	7600.0	   1.4	1	6490.0	0	367.000000
82	 428.0	5413.0	   1.2	1	4374.0	0	428.000000
83	 200.0	2581.0	   1.3	1	2558.0	0	200.000000
84	 404.0	 767.0	   1.4	1	 745.0	0	404.000000
85	 413.0	2808.0	   0.7	1	2096.0	0	413.000000
86	 378.0	5243.0	   1.2	1	5048.0	0	378.000000
87	 164.0	5383.0	   1.0	1	4190.0	0	164.000000
88	 315.0	2593.0	   1.2	1	2522.0	0	315.000000
89	 265.0	1857.0	   1.3	0
90	 212.0	1293.0	   0.8	1	1145.0	0	212.000000
91	  97.0	1408.0	   1.1	0
92	 285.0	7523.0	   0.8	1	7440.0	0	285.000000
93	 424.0	1902.0	   0.6	1	1874.0	0	424.000000
94	 484.0	4139.0	   0.5	1	1563.0	0	484.000000
95	 345.0	1822.0	   1.3	1	1325.0	0	345.000000
96	  80.0	6274.0	   0.7	1	6159.0	0	80.000000
97	  62.0	3968.0	   0.9	0
98	 163.0	 689.0	   0.8	0
99	 465.0	4448.0	   1.3	1	2753.0	0	465.000000
100	 276.0	4810.0	   0.8	1	3463.0	0	276.000000
101	  60.0	8209.0	   1.4	1	8118.0	0	60.000000
102	  43.0	7568.0	   1.3	1	7260.0	0	43.000000
103	 374.0	2427.0	   1.3	1	2375.0	0	374.000000
104	 254.0	1639.0	   1.1	0
105	 311.0	2036.0	   0.6	1	1975.0	0	311.000000
106	 234.0	6393.0	   1.4	1	5946.0	0	234.000000
107	  33.0	6601.0	   1.3	1	6213.0	0	33.000000
108	 399.0	5954.0	   1.0	1	5921.0	0	399.000000
109	 413.0	4890.0	   0.6	1	4264.0	0	413.000000
110	 297.0	4280.0	   1.4	1	4119.0	0	297.000000
111	 419.0	4729.0	   1.4	1	3801.0	0	419.000000
112	 175.0	6036.0	   1.2	1	5862.0	0	175.000000
113	 109.0	2456.0	   0.8	0
114	 311.0	5116.0	   1.4	1	5111.0	0	311.000000
115	 265.0	3197.0	   0.9	1	3181.0	0	265.000000
116	  11.0	3178.0	   0.7	0
117	  65.0	2107.0	   1.3	0
118	 423.0	 534.0	   1.0	0
119	 299.0	7134.0	   0.6	1	5595.0	0	299.000000
120	 149.0	3746.0	   0.8	1	3570.0	0	149.000000
121	 380.0	 350.0	   0.7	0
122	 173.0	1328.0	   1.2	0
123	 469.0	 598.0	   0.9	0
124	 398.0	 638.0	   0.6	0
125	 399.0	1685.0	   0.6	1	1521.0	0	399.000000
126	 150.0	8250.0	   1.5	1	6467.0	0	150.000000
127	 383.0	1145.0	   1.5	1	1093.0	0	383.000000
128	 452.0	4752.0	   1.5	1	2270.0	0	452.000000
129	 217.0	5648.0	   1.3	1	5403.0	0	217.000000
130	 262.0	1725.0	   0.8	0
131	 465.0	6843.0	   0.8	1	6664.0	0	465.000000
132	 191.0	6523.0	   1.1	1	5817.0	0	191.000000
133	 472.0	 624.0	   1.1	1	 618.0	0	472.000000
134	 186.0	 613.0	   1.4	0
135	  34.0	2438.0	   1.2	0
136	 154.0	3755.0	   1.3	1	3360.0	0	154.000000
137	 282.0	7232.0	   1.3	1	4775.0	0	282.000000
138	 269.0	 768.0	   1.3	0
139	 318.0	2349.0	   1.3	1	2348.0	0	318.000000
140	  87.0	 989.0	   1.4	0
141	 451.0	8256.0	   0.7	1	8186.0	0	451.000000
142	 458.0	3128.0	   0.8	1	3106.0	0	458.000000
143	 123.0	3183.0	   1.3	1	2675.0	0	123.000000
144	 248.0	7442.0	   0.9	1	6476.0	0	248.000000
145	 279.0	1115.0	   0.7	1	1007.0	0	279.000000
146	  28.0	 860.0	   0.5	0
147	 135.0	8257.0	   0.7	1	8276.0	1	121.700000
148	 389.0	5957.0	   0.6	1	5590.0	0	389.000000
149	 112.0	1459.0	   1.3	0
150	 168.0	 926.0	   1.1	0
151	 110.0	5218.0	   1.4	1	3788.0	0	110.000000
152	  89.0	4003.0	   1.1	0
153	 475.0	7079.0	   0.9	1	6833.0	0	475.000000
154	 227.0	8374.0	   1.0	1	7943.0	0	227.000000
155	 417.0	 435.0	   1.1	1	 532.0	1	310.300000
156	 352.0	4754.0	   0.6	1	3757.0	0	352.000000
157	 399.0	2718.0	   0.7	1	2631.0	0	399.000000
158	 153.0	6719.0	   0.8	1	5851.0	0	153.000000
159	 178.0	8074.0	   0.7	1	7992.0	0	178.000000
160	 155.0	 898.0	   1.1	0
161	 303.0	6564.0	   1.2	1	6373.0	0	303.000000
162	 430.0	5535.0	   1.5	1	5176.0	0	430.000000
163	 486.0	5120.0	   0.6	1	4622.0	0	486.000000
164	 352.0	5602.0	   1.4	1	3206.0	0	352.000000
165	  47.0	3834.0	   0.6	0
166	  65.0	3802.0	   1.0	0
167	 437.0	2247.0	   1.3	1	2244.0	0	437.000000
168	 117.0	4875.0	   0.7	1	4055.0	0	117.000000
169	   4.0	3401.0	   1.3	0
170	 407.0	7348.0	   0.9	1	7144.0	0	407.000000
171	 462.0	6621.0	   0.9	1	6015.0	0	462.000000
172	 351.0	5366.0	   1.4	1	5270.0	0	351.000000
173	 268.0	4088.0	   0.8	1	4025.0	0	268.000000
174	 362.0	7711.0	   0.9	1	7591.0	0	362.000000
175	 185.0	1321.0	   1.1	0
176	 210.0	3036.0	   0.7	1	2999.0	0	210.000000
177	 354.0	5795.0	   1.1	1	5120.0	0	354.000000
178	 286.0	1978.0	   1.3	1	1753.0	0	286.000000
179	 309.0	3067.0	   1.3	1	3056.0	0	309.000000
180	 192.0	4740.0	   0.9	1	4680.0	0	192.000000
181	   1.0	3249.0	   1.4	0
182	 112.0	2923.0	   1.4	0
183	 237.0	3743.0	   1.0	1	3593.0	0	237.000000
184	 440.0	3755.0	   1.2	1	3461.0	0	440.000000
185	 438.0	5169.0	   0.7	1	4921.0	0	438.000000
186	   8.0	1382.0	   0.7	0
187	 445.0	 203.0	   0.5	1	 617.0	1	238.000000
188	 197.0	7694.0	   0.9	1	6881.0	0	197.000000
189	 219.0	8236.0	   1.4	1	7359.0	0	219.000000
190	 105.0	6616.0	   1.5	1	5740.0	0	105.000000
191	 312.0	1845.0	   1.0	1	1837.0	0	312.000000
192	  78.0	3044.0	   0.7	0
193	 492.0	2243.0	   1.1	1	 949.0	0	492.000000
194	 100.0	 584.0	   1.5	0
195	 410.0	2042.0	   0.7	1	2041.0	0	410.000000
196	  75.0	5163.0	   1.5	1	4481.0	0	75.000000
197	 304.0	3030.0	   0.9	1	2898.0	0	304.000000
198	 281.0	7472.0	   0.7	1	7118.0	0	281.000000
199	 484.0	4518.0	   0.9	1	4342.0	0	484.000000
------Order Sequence(ID)-------------------------------
155	155	155	155	155	155	155	155	155	155	
187	187	187	187	187	187	187	187	187	187	
133	133	133	133	133	133	133	133	133	133	
77	77	77	77	77	77	77	77	77	77	
84	84	84	84	84	84	84	84	84	84	
9	9	9	9	9	9	9	9	9	9	
49	49	49	49	49	49	49	49	49	49	
193	193	193	193	193	193	193	193	193	193	
145	145	145	145	145	145	145	145	145	145	
127	127	127	127	127	127	127	127	127	127	
90	90	90	90	90	90	90	90	90	90	
23	23	23	23	23	23	23	23	23	23	
45	45	45	45	45	45	45	45	45	45	
95	95	95	95	95	95	95	95	95	95	
48	48	48	48	48	48	48	48	48	48	
78	78	78	78	78	78	78	78	78	78	
125	125	125	125	125	125	125	125	125	125	
94	94	94	94	94	94	94	94	94	94	
13	13	13	13	13	13	13	13	13	13	
37	37	37	37	37	37	37	37	37	37	
60	60	60	60	60	60	60	60	60	60	
178	178	178	178	178	178	178	178	178	178	
191	191	191	191	191	191	191	191	191	191	
93	93	93	93	93	93	93	93	93	93	
105	105	105	105	105	105	105	105	105	105	
195	195	195	195	195	195	195	195	195	195	
85	85	85	85	85	85	85	85	85	85	
31	31	31	31	31	31	31	31	31	31	
167	167	167	167	167	167	167	167	167	167	
128	128	128	128	128	128	128	128	128	128	
139	139	139	139	139	139	139	139	139	139	
103	103	103	103	103	103	103	103	103	103	
56	56	56	56	56	56	56	56	56	56	
74	74	74	74	74	74	74	74	74	74	
88	88	88	88	88	88	88	88	88	88	
83	83	83	83	83	83	83	83	83	83	
63	63	63	63	63	63	63	63	63	63	
157	157	157	157	157	157	157	157	157	157	
143	143	143	143	143	143	143	143	143	143	
99	99	99	99	99	99	99	99	99	99	
197	197	197	197	197	197	197	197	197	197	
66	66	66	66	66	66	66	66	66	66	
176	176	176	176	176	176	176	176	176	176	
179	179	179	179	179	179	179	179	179	179	
142	142	142	142	142	142	142	142	142	142	
115	115	115	115	115	115	115	115	115	115	
164	164	164	164	164	164	164	164	164	164	
67	67	67	67	67	67	67	67	67	67	
136	136	136	136	136	136	136	136	136	136	
68	68	68	68	68	68	68	68	68	68	
184	184	184	184	184	184	184	184	184	184	
100	100	100	100	100	100	100	100	100	100	
17	17	17	17	17	17	17	17	17	17	
120	120	120	120	120	120	120	120	120	120	
183	183	183	183	183	183	183	183	183	183	
12	12	12	12	12	12	12	12	12	12	
79	79	79	79	79	79	79	79	79	79	
42	42	42	42	42	42	42	42	42	42	
43	43	43	43	43	43	43	43	43	43	
156	156	156	156	156	156	156	156	156	156	
151	151	151	151	151	151	151	151	151	151	
111	111	111	111	111	111	111	111	111	111	
58	58	58	58	58	58	58	58	58	58	
34	34	34	34	34	34	34	34	34	34	
173	173	173	173	173	173	173	173	173	173	
168	168	168	168	168	168	168	168	168	168	
110	110	110	110	110	110	110	110	110	110	
87	87	87	87	87	87	87	87	87	87	
109	109	109	109	109	109	109	109	109	109	
199	199	199	199	199	199	199	199	199	199	
82	82	82	82	82	82	82	82	82	82	
19	19	19	19	19	19	19	19	19	19	
51	51	51	51	51	51	51	51	51	51	
196	196	196	196	196	196	196	196	196	196	
163	163	163	163	163	163	163	163	163	163	
180	180	180	180	180	180	180	180	180	180	
137	137	137	137	137	137	137	137	137	137	
59	59	59	59	59	59	59	59	59	59	
25	25	25	25	25	25	25	25	25	25	
70	70	70	70	70	70	70	70	70	70	
185	185	185	185	185	185	185	185	185	185	
5	5	5	5	5	5	5	5	5	5	
69	69	69	69	69	69	69	69	69	69	
86	86	86	86	86	86	86	86	86	86	
114	114	114	114	114	114	114	114	114	114	
177	177	177	177	177	177	177	177	177	177	
162	162	162	162	162	162	162	162	162	162	
172	172	172	172	172	172	172	172	172	172	
27	27	27	27	27	27	27	27	27	27	
129	129	129	129	129	129	129	129	129	129	
47	47	47	47	47	47	47	47	47	47	
148	148	148	148	148	148	148	148	148	148	
119	119	119	119	119	119	119	119	119	119	
32	32	32	32	32	32	32	32	32	32	
190	190	190	190	190	190	190	190	190	190	
132	132	132	132	132	132	132	132	132	132	
158	158	158	158	158	158	158	158	158	158	
112	112	112	112	112	112	112	112	112	112	
108	108	108	108	108	108	108	108	108	108	
106	106	106	106	106	106	106	106	106	106	
171	171	171	171	171	171	171	171	171	171	
1	1	1	1	1	1	1	1	1	1	
96	96	96	96	96	96	96	96	96	96	
54	54	54	54	54	54	54	54	54	54	
107	107	107	107	107	107	107	107	107	107	
30	30	30	30	30	30	30	30	30	30	
22	22	22	22	22	22	22	22	22	22	
161	161	161	161	161	161	161	161	161	161	
126	126	126	126	126	126	126	126	126	126	
144	144	144	144	144	144	144	144	144	144	
81	81	81	81	81	81	81	81	81	81	
3	3	3	3	3	3	3	3	3	3	
57	57	57	57	57	57	57	57	57	57	
11	11	11	11	11	11	11	11	11	11	
131	131	131	131	131	131	131	131	131	131	
26	26	26	26	26	26	26	26	26	26	
7	7	7	7	7	7	7	7	7	7	
153	153	153	153	153	153	153	153	153	153	
188	188	188	188	188	188	188	188	188	188	
16	16	16	16	16	16	16	16	16	16	
10	10	10	10	10	10	10	10	10	10	
21	21	21	21	21	21	21	21	21	21	
198	198	198	198	198	198	198	198	198	198	
170	170	170	170	170	170	170	170	170	170	
61	61	61	61	61	61	61	61	61	61	
102	102	102	102	102	102	102	102	102	102	
2	2	2	2	2	2	2	2	2	2	
189	189	189	189	189	189	189	189	189	189	
92	92	92	92	92	92	92	92	92	92	
75	75	75	75	75	75	75	75	75	75	
14	14	14	14	14	14	14	14	14	14	
174	174	174	174	174	174	174	174	174	174	
0	0	0	0	0	0	0	0	0	0	
35	35	35	35	35	35	35	35	35	35	
24	24	24	24	24	24	24	24	24	24	
33	33	33	33	33	33	33	33	33	33	
64	64	64	64	64	64	64	64	64	64	
154	154	154	154	154	154	154	154	154	154	
159	159	159	159	159	159	159	159	159	159	
40	40	40	40	40	40	40	40	40	40	
101	101	101	101	101	101	101	101	101	101	
141	141	141	141	141	141	141	141	141	141	
147	147	147	147	147	147	147	147	147	147	
------Finished time(ID)-------------------------------
(155,    1.0,    1.0)	(155,    3.0,    4.0)	(155,    7.0,   11.0)	(155,   98.0,  109.0)	(155,   59.0,  168.0)	(155,   13.0,  181.0)	(155,   97.0,  278.0)	(155,   65.0,  343.0)	(155,   94.0,  437.0)	(155,   95.0,  532.0)	pi= 417.0	di= 435.0	wi=   1.1	Pal= 106.7	profit=310.300000
(187,   13.0,   14.0)	(187,    8.0,   22.0)	(187,   84.0,  106.0)	(187,   52.0,  161.0)	(187,   89.0,  257.0)	(187,   21.0,  278.0)	(187,   53.0,  331.0)	(187,   59.0,  402.0)	(187,    7.0,  444.0)	(187,   85.0,  617.0)	pi= 445.0	di= 203.0	wi=   0.5	Pal= 207.0	profit=238.000000
(133,   20.0,   34.0)	(133,   25.0,   59.0)	(133,   83.0,  189.0)	(133,   95.0,  284.0)	(133,   60.0,  344.0)	(133,   44.0,  388.0)	(133,   47.0,  435.0)	(133,   28.0,  463.0)	(133,    4.0,  467.0)	(133,    1.0,  618.0)	pi= 472.0	di= 624.0	wi=   1.1	Pal=   0.0	profit=472.000000
(77,   21.0,   55.0)	(77,   81.0,  140.0)	(77,   53.0,  242.0)	(77,   46.0,  330.0)	(77,   17.0,  361.0)	(77,   69.0,  457.0)	(77,   16.0,  473.0)	(77,   26.0,  499.0)	(77,   93.0,  592.0)	(77,   75.0,  693.0)	pi= 180.0	di=2957.0	wi=   0.7	Pal=   0.0	profit=180.000000
(84,   40.0,   95.0)	(84,   70.0,  210.0)	(84,   51.0,  293.0)	(84,   55.0,  385.0)	(84,   82.0,  467.0)	(84,   81.0,  548.0)	(84,   12.0,  560.0)	(84,   71.0,  631.0)	(84,   66.0,  697.0)	(84,   48.0,  745.0)	pi= 404.0	di= 767.0	wi=   1.4	Pal=   0.0	profit=404.000000
(9,   79.0,  174.0)	(9,   77.0,  287.0)	(9,   27.0,  320.0)	(9,   35.0,  420.0)	(9,    7.0,  474.0)	(9,   17.0,  565.0)	(9,   16.0,  581.0)	(9,   52.0,  683.0)	(9,   36.0,  733.0)	(9,    0.0,  745.0)	pi= 415.0	di= 765.0	wi=   0.7	Pal=   0.0	profit=415.000000
(49,   70.0,  244.0)	(49,    3.0,  290.0)	(49,   85.0,  405.0)	(49,   51.0,  471.0)	(49,   84.0,  558.0)	(49,   55.0,  620.0)	(49,    7.0,  627.0)	(49,   90.0,  773.0)	(49,   42.0,  815.0)	(49,   72.0,  887.0)	pi= 464.0	di= 936.0	wi=   0.6	Pal=   0.0	profit=464.000000
(193,   46.0,  290.0)	(193,   72.0,  362.0)	(193,   31.0,  436.0)	(193,   25.0,  496.0)	(193,   34.0,  592.0)	(193,   59.0,  679.0)	(193,   94.0,  773.0)	(193,   29.0,  802.0)	(193,   69.0,  884.0)	(193,   62.0,  949.0)	pi= 492.0	di=2243.0	wi=   1.1	Pal=   0.0	profit=492.000000
(145,   29.0,  319.0)	(145,   72.0,  434.0)	(145,   28.0,  464.0)	(145,   84.0,  580.0)	(145,   68.0,  660.0)	(145,   36.0,  715.0)	(145,    1.0,  774.0)	(145,   50.0,  852.0)	(145,   60.0,  944.0)	(145,   58.0, 1007.0)	pi= 279.0	di=1115.0	wi=   0.7	Pal=   0.0	profit=279.000000
(127,   97.0,  416.0)	(127,   76.0,  510.0)	(127,   31.0,  541.0)	(127,   49.0,  629.0)	(127,    0.0,  660.0)	(127,   26.0,  741.0)	(127,   72.0,  846.0)	(127,   26.0,  878.0)	(127,   63.0, 1007.0)	(127,   86.0, 1093.0)	pi= 383.0	di=1145.0	wi=   1.5	Pal=   0.0	profit=383.000000
(90,   39.0,  455.0)	(90,   19.0,  529.0)	(90,   55.0,  596.0)	(90,   17.0,  646.0)	(90,   92.0,  752.0)	(90,   20.0,  772.0)	(90,   12.0,  858.0)	(90,   49.0,  927.0)	(90,   18.0, 1025.0)	(90,   52.0, 1145.0)	pi= 212.0	di=1293.0	wi=   0.8	Pal=   0.0	profit=212.000000
(23,   25.0,  480.0)	(23,    9.0,  538.0)	(23,   20.0,  616.0)	(23,   65.0,  711.0)	(23,   41.0,  793.0)	(23,    1.0,  794.0)	(23,   35.0,  893.0)	(23,    4.0,  931.0)	(23,   97.0, 1122.0)	(23,   34.0, 1179.0)	pi= 432.0	di=2013.0	wi=   1.1	Pal=   0.0	profit=432.000000
(45,   29.0,  509.0)	(45,   92.0,  630.0)	(45,   53.0,  683.0)	(45,   42.0,  753.0)	(45,   43.0,  836.0)	(45,   11.0,  847.0)	(45,    1.0,  894.0)	(45,   76.0, 1007.0)	(45,   97.0, 1219.0)	(45,   28.0, 1247.0)	pi= 413.0	di=2240.0	wi=   1.1	Pal=   0.0	profit=413.000000
(95,    7.0,  516.0)	(95,   41.0,  671.0)	(95,   24.0,  707.0)	(95,   48.0,  801.0)	(95,   24.0,  860.0)	(95,   10.0,  870.0)	(95,   87.0,  981.0)	(95,   76.0, 1083.0)	(95,   35.0, 1254.0)	(95,   71.0, 1325.0)	pi= 345.0	di=1822.0	wi=   1.3	Pal=   0.0	profit=345.000000
(48,   94.0,  610.0)	(48,    6.0,  677.0)	(48,   85.0,  792.0)	(48,   15.0,  816.0)	(48,   40.0,  900.0)	(48,   23.0,  923.0)	(48,    7.0,  988.0)	(48,   81.0, 1164.0)	(48,   63.0, 1317.0)	(48,   31.0, 1356.0)	pi= 387.0	di=1549.0	wi=   0.5	Pal=   0.0	profit=387.000000
(78,   34.0,  644.0)	(78,   48.0,  725.0)	(78,   63.0,  855.0)	(78,    4.0,  859.0)	(78,    9.0,  909.0)	(78,   89.0, 1012.0)	(78,   59.0, 1071.0)	(78,    4.0, 1168.0)	(78,    7.0, 1324.0)	(78,   86.0, 1442.0)	pi= 117.0	di=2129.0	wi=   0.9	Pal=   0.0	profit=117.000000
(125,   90.0,  734.0)	(125,   67.0,  801.0)	(125,   24.0,  879.0)	(125,   46.0,  925.0)	(125,   59.0,  984.0)	(125,   59.0, 1071.0)	(125,   69.0, 1140.0)	(125,   76.0, 1244.0)	(125,   88.0, 1412.0)	(125,   79.0, 1521.0)	pi= 399.0	di=1685.0	wi=   0.6	Pal=   0.0	profit=399.000000
(94,   15.0,  749.0)	(94,   25.0,  826.0)	(94,    6.0,  885.0)	(94,    3.0,  928.0)	(94,   27.0, 1011.0)	(94,   71.0, 1142.0)	(94,   77.0, 1219.0)	(94,   45.0, 1289.0)	(94,   38.0, 1450.0)	(94,   42.0, 1563.0)	pi= 484.0	di=4139.0	wi=   0.5	Pal=   0.0	profit=484.000000
(13,   25.0,  774.0)	(13,   79.0,  905.0)	(13,    1.0,  906.0)	(13,   68.0,  996.0)	(13,   67.0, 1078.0)	(13,   18.0, 1160.0)	(13,   35.0, 1254.0)	(13,   62.0, 1351.0)	(13,   37.0, 1487.0)	(13,   39.0, 1602.0)	pi= 419.0	di=1731.0	wi=   0.8	Pal=   0.0	profit=419.000000
(37,   21.0,  795.0)	(37,   13.0,  918.0)	(37,   52.0,  970.0)	(37,   74.0, 1070.0)	(37,   93.0, 1171.0)	(37,   51.0, 1222.0)	(37,   66.0, 1320.0)	(37,   94.0, 1445.0)	(37,   20.0, 1507.0)	(37,   79.0, 1681.0)	pi= 352.0	di=1859.0	wi=   0.5	Pal=   0.0	profit=352.000000
(60,   43.0,  838.0)	(60,   90.0, 1008.0)	(60,    3.0, 1011.0)	(60,   79.0, 1149.0)	(60,   19.0, 1190.0)	(60,   94.0, 1316.0)	(60,   61.0, 1381.0)	(60,   98.0, 1543.0)	(60,   82.0, 1625.0)	(60,   69.0, 1750.0)	pi= 293.0	di=2146.0	wi=   1.2	Pal=   0.0	profit=293.000000
(178,   60.0,  898.0)	(178,   64.0, 1072.0)	(178,    2.0, 1074.0)	(178,   26.0, 1175.0)	(178,   93.0, 1283.0)	(178,   51.0, 1367.0)	(178,   59.0, 1440.0)	(178,   80.0, 1623.0)	(178,   49.0, 1674.0)	(178,    3.0, 1753.0)	pi= 286.0	di=1978.0	wi=   1.3	Pal=   0.0	profit=286.000000
(191,   55.0,  953.0)	(191,   15.0, 1087.0)	(191,    0.0, 1087.0)	(191,   87.0, 1262.0)	(191,   26.0, 1309.0)	(191,   85.0, 1452.0)	(191,   12.0, 1464.0)	(191,   56.0, 1679.0)	(191,   99.0, 1778.0)	(191,   59.0, 1837.0)	pi= 312.0	di=1845.0	wi=   1.0	Pal=   0.0	profit=312.000000
(93,   44.0,  997.0)	(93,  100.0, 1187.0)	(93,   71.0, 1258.0)	(93,   70.0, 1332.0)	(93,    4.0, 1336.0)	(93,   39.0, 1491.0)	(93,   60.0, 1551.0)	(93,   52.0, 1731.0)	(93,   68.0, 1846.0)	(93,   28.0, 1874.0)	pi= 424.0	di=1902.0	wi=   0.6	Pal=   0.0	profit=424.000000
(105,   64.0, 1061.0)	(105,   16.0, 1203.0)	(105,   23.0, 1281.0)	(105,   14.0, 1346.0)	(105,   46.0, 1392.0)	(105,   60.0, 1551.0)	(105,   62.0, 1613.0)	(105,   63.0, 1794.0)	(105,   86.0, 1932.0)	(105,   43.0, 1975.0)	pi= 311.0	di=2036.0	wi=   0.6	Pal=   0.0	profit=311.000000
(195,   65.0, 1126.0)	(195,   60.0, 1263.0)	(195,   39.0, 1320.0)	(195,   63.0, 1409.0)	(195,   86.0, 1495.0)	(195,   58.0, 1609.0)	(195,   93.0, 1706.0)	(195,   65.0, 1859.0)	(195,   91.0, 2023.0)	(195,   18.0, 2041.0)	pi= 410.0	di=2042.0	wi=   0.7	Pal=   0.0	profit=410.000000
(85,   29.0, 1155.0)	(85,   67.0, 1330.0)	(85,   58.0, 1388.0)	(85,   63.0, 1472.0)	(85,   92.0, 1587.0)	(85,   98.0, 1707.0)	(85,   70.0, 1777.0)	(85,   30.0, 1889.0)	(85,   23.0, 2046.0)	(85,   50.0, 2096.0)	pi= 413.0	di=2808.0	wi=   0.7	Pal=   0.0	profit=413.000000
(31,   87.0, 1242.0)	(31,   12.0, 1342.0)	(31,   54.0, 1442.0)	(31,   21.0, 1493.0)	(31,   32.0, 1619.0)	(31,   48.0, 1755.0)	(31,   60.0, 1837.0)	(31,   92.0, 1981.0)	(31,    6.0, 2052.0)	(31,   48.0, 2144.0)	pi= 282.0	di=2213.0	wi=   1.5	Pal=   0.0	profit=282.000000
(167,   17.0, 1259.0)	(167,   54.0, 1396.0)	(167,   46.0, 1488.0)	(167,   50.0, 1543.0)	(167,   86.0, 1705.0)	(167,   28.0, 1783.0)	(167,   24.0, 1861.0)	(167,  100.0, 2081.0)	(167,   39.0, 2120.0)	(167,  100.0, 2244.0)	pi= 437.0	di=2247.0	wi=   1.3	Pal=   0.0	profit=437.000000
(128,   74.0, 1333.0)	(128,   28.0, 1424.0)	(128,   87.0, 1575.0)	(128,   49.0, 1624.0)	(128,   81.0, 1786.0)	(128,   88.0, 1874.0)	(128,   37.0, 1911.0)	(128,    0.0, 2081.0)	(128,   73.0, 2193.0)	(128,   26.0, 2270.0)	pi= 452.0	di=4752.0	wi=   1.5	Pal=   0.0	profit=452.000000
(139,   77.0, 1410.0)	(139,   35.0, 1459.0)	(139,   28.0, 1603.0)	(139,   13.0, 1637.0)	(139,   15.0, 1801.0)	(139,   43.0, 1917.0)	(139,   78.0, 1995.0)	(139,   10.0, 2091.0)	(139,   96.0, 2289.0)	(139,   59.0, 2348.0)	pi= 318.0	di=2349.0	wi=   1.3	Pal=   0.0	profit=318.000000
(103,   61.0, 1471.0)	(103,  100.0, 1571.0)	(103,   42.0, 1645.0)	(103,   54.0, 1699.0)	(103,   12.0, 1813.0)	(103,   74.0, 1991.0)	(103,   83.0, 2078.0)	(103,   29.0, 2120.0)	(103,   47.0, 2336.0)	(103,   27.0, 2375.0)	pi= 374.0	di=2427.0	wi=   1.3	Pal=   0.0	profit=374.000000
(56,   27.0, 1498.0)	(56,   60.0, 1631.0)	(56,   76.0, 1721.0)	(56,   53.0, 1774.0)	(56,   81.0, 1894.0)	(56,   71.0, 2062.0)	(56,   89.0, 2167.0)	(56,  100.0, 2267.0)	(56,   21.0, 2357.0)	(56,   98.0, 2473.0)	pi= 361.0	di=2515.0	wi=   1.5	Pal=   0.0	profit=361.000000
(74,   89.0, 1587.0)	(74,   41.0, 1672.0)	(74,   83.0, 1804.0)	(74,   37.0, 1841.0)	(74,   61.0, 1955.0)	(74,   97.0, 2159.0)	(74,   11.0, 2178.0)	(74,   25.0, 2292.0)	(74,   88.0, 2445.0)	(74,    1.0, 2474.0)	pi= 145.0	di=3402.0	wi=   1.0	Pal=   0.0	profit=145.000000
(88,   29.0, 1616.0)	(88,   40.0, 1712.0)	(88,   20.0, 1824.0)	(88,   47.0, 1888.0)	(88,   83.0, 2038.0)	(88,   12.0, 2171.0)	(88,    8.0, 2186.0)	(88,   38.0, 2330.0)	(88,   32.0, 2477.0)	(88,   45.0, 2522.0)	pi= 315.0	di=2593.0	wi=   1.2	Pal=   0.0	profit=315.000000
(83,   83.0, 1699.0)	(83,   45.0, 1757.0)	(83,   13.0, 1837.0)	(83,   23.0, 1911.0)	(83,   66.0, 2104.0)	(83,   14.0, 2185.0)	(83,    4.0, 2190.0)	(83,   66.0, 2396.0)	(83,    3.0, 2480.0)	(83,   36.0, 2558.0)	pi= 200.0	di=2581.0	wi=   1.3	Pal=   0.0	profit=200.000000
(63,   35.0, 1734.0)	(63,   59.0, 1816.0)	(63,   49.0, 1886.0)	(63,   87.0, 1998.0)	(63,   25.0, 2129.0)	(63,   78.0, 2263.0)	(63,    1.0, 2264.0)	(63,   76.0, 2472.0)	(63,   17.0, 2497.0)	(63,   57.0, 2615.0)	pi= 495.0	di=2781.0	wi=   0.7	Pal=   0.0	profit=495.000000
(157,   14.0, 1748.0)	(157,   36.0, 1852.0)	(157,   49.0, 1935.0)	(157,   80.0, 2078.0)	(157,   22.0, 2151.0)	(157,    6.0, 2269.0)	(157,   34.0, 2303.0)	(157,   16.0, 2488.0)	(157,    1.0, 2498.0)	(157,   16.0, 2631.0)	pi= 399.0	di=2718.0	wi=   0.7	Pal=   0.0	profit=399.000000
(143,   70.0, 1818.0)	(143,   31.0, 1883.0)	(143,   91.0, 2026.0)	(143,   18.0, 2096.0)	(143,   65.0, 2216.0)	(143,   48.0, 2317.0)	(143,   40.0, 2357.0)	(143,   65.0, 2553.0)	(143,   55.0, 2608.0)	(143,   44.0, 2675.0)	pi= 123.0	di=3183.0	wi=   1.3	Pal=   0.0	profit=123.000000
(99,    4.0, 1822.0)	(99,   98.0, 1981.0)	(99,    5.0, 2031.0)	(99,   72.0, 2168.0)	(99,   14.0, 2230.0)	(99,   74.0, 2391.0)	(99,   46.0, 2437.0)	(99,   95.0, 2648.0)	(99,   62.0, 2710.0)	(99,   43.0, 2753.0)	pi= 465.0	di=4448.0	wi=   1.3	Pal=   0.0	profit=465.000000
(197,   52.0, 1874.0)	(197,   97.0, 2078.0)	(197,    8.0, 2086.0)	(197,    7.0, 2175.0)	(197,   35.0, 2265.0)	(197,   35.0, 2426.0)	(197,   56.0, 2493.0)	(197,   64.0, 2712.0)	(197,   97.0, 2809.0)	(197,   89.0, 2898.0)	pi= 304.0	di=3030.0	wi=   0.9	Pal=   0.0	profit=304.000000
(66,   10.0, 1884.0)	(66,    6.0, 2084.0)	(66,   20.0, 2106.0)	(66,   40.0, 2215.0)	(66,   54.0, 2319.0)	(66,   77.0, 2503.0)	(66,   14.0, 2517.0)	(66,   45.0, 2757.0)	(66,   75.0, 2884.0)	(66,   99.0, 2997.0)	pi= 150.0	di=5826.0	wi=   1.4	Pal=   0.0	profit=150.000000
(176,   59.0, 1943.0)	(176,   30.0, 2114.0)	(176,   21.0, 2135.0)	(176,   95.0, 2310.0)	(176,   95.0, 2414.0)	(176,   95.0, 2598.0)	(176,   54.0, 2652.0)	(176,   75.0, 2832.0)	(176,   45.0, 2929.0)	(176,    2.0, 2999.0)	pi= 210.0	di=3036.0	wi=   0.7	Pal=   0.0	profit=210.000000
(179,   23.0, 1966.0)	(179,   45.0, 2159.0)	(179,   89.0, 2248.0)	(179,   24.0, 2334.0)	(179,    1.0, 2415.0)	(179,   19.0, 2617.0)	(179,   51.0, 2703.0)	(179,   54.0, 2886.0)	(179,   31.0, 2960.0)	(179,   57.0, 3056.0)	pi= 309.0	di=3067.0	wi=   1.3	Pal=   0.0	profit=309.000000
(142,   78.0, 2044.0)	(142,   53.0, 2212.0)	(142,   16.0, 2264.0)	(142,   86.0, 2420.0)	(142,   66.0, 2486.0)	(142,   25.0, 2642.0)	(142,   13.0, 2716.0)	(142,    5.0, 2891.0)	(142,   46.0, 3006.0)	(142,   50.0, 3106.0)	pi= 458.0	di=3128.0	wi=   0.8	Pal=   0.0	profit=458.000000
(115,   87.0, 2131.0)	(115,   80.0, 2292.0)	(115,   89.0, 2381.0)	(115,   13.0, 2433.0)	(115,   89.0, 2575.0)	(115,   42.0, 2684.0)	(115,    1.0, 2717.0)	(115,   44.0, 2935.0)	(115,   51.0, 3057.0)	(115,   75.0, 3181.0)	pi= 265.0	di=3197.0	wi=   0.9	Pal=   0.0	profit=265.000000
(164,   23.0, 2154.0)	(164,   29.0, 2321.0)	(164,   45.0, 2426.0)	(164,   48.0, 2481.0)	(164,   94.0, 2669.0)	(164,   27.0, 2711.0)	(164,   58.0, 2775.0)	(164,    3.0, 2938.0)	(164,  100.0, 3157.0)	(164,   25.0, 3206.0)	pi= 352.0	di=5602.0	wi=   1.4	Pal=   0.0	profit=352.000000
(67,    9.0, 2163.0)	(67,   29.0, 2350.0)	(67,   62.0, 2488.0)	(67,   92.0, 2580.0)	(67,   46.0, 2715.0)	(67,   28.0, 2743.0)	(67,   67.0, 2842.0)	(67,   73.0, 3011.0)	(67,   11.0, 3168.0)	(67,   14.0, 3220.0)	pi= 371.0	di=4886.0	wi=   1.1	Pal=   0.0	profit=371.000000
(136,   56.0, 2219.0)	(136,   82.0, 2432.0)	(136,   39.0, 2527.0)	(136,   28.0, 2608.0)	(136,   26.0, 2741.0)	(136,   22.0, 2765.0)	(136,   42.0, 2884.0)	(136,   90.0, 3101.0)	(136,   92.0, 3260.0)	(136,  100.0, 3360.0)	pi= 154.0	di=3755.0	wi=   1.3	Pal=   0.0	profit=154.000000
(68,   32.0, 2251.0)	(68,   81.0, 2513.0)	(68,   35.0, 2562.0)	(68,    6.0, 2614.0)	(68,   28.0, 2769.0)	(68,   85.0, 2854.0)	(68,   30.0, 2914.0)	(68,   67.0, 3168.0)	(68,   17.0, 3277.0)	(68,   93.0, 3453.0)	pi= 114.0	di=3910.0	wi=   0.7	Pal=   0.0	profit=114.000000
(184,   92.0, 2343.0)	(184,   69.0, 2582.0)	(184,    0.0, 2582.0)	(184,   35.0, 2649.0)	(184,   27.0, 2796.0)	(184,   61.0, 2915.0)	(184,   87.0, 3002.0)	(184,   18.0, 3186.0)	(184,   94.0, 3371.0)	(184,    8.0, 3461.0)	pi= 440.0	di=3755.0	wi=   1.2	Pal=   0.0	profit=440.000000
(100,   25.0, 2368.0)	(100,   24.0, 2606.0)	(100,   80.0, 2686.0)	(100,   30.0, 2716.0)	(100,   55.0, 2851.0)	(100,   18.0, 2933.0)	(100,   75.0, 3077.0)	(100,   29.0, 3215.0)	(100,   64.0, 3435.0)	(100,    2.0, 3463.0)	pi= 276.0	di=4810.0	wi=   0.8	Pal=   0.0	profit=276.000000
(17,    3.0, 2371.0)	(17,   51.0, 2657.0)	(17,   27.0, 2713.0)	(17,   66.0, 2782.0)	(17,   25.0, 2876.0)	(17,   42.0, 2975.0)	(17,   91.0, 3168.0)	(17,   46.0, 3261.0)	(17,   12.0, 3447.0)	(17,   65.0, 3528.0)	pi= 205.0	di=3870.0	wi=   0.6	Pal=   0.0	profit=205.000000
(120,   51.0, 2422.0)	(120,   69.0, 2726.0)	(120,   87.0, 2813.0)	(120,   67.0, 2880.0)	(120,   33.0, 2913.0)	(120,   31.0, 3006.0)	(120,   26.0, 3194.0)	(120,   85.0, 3346.0)	(120,    4.0, 3451.0)	(120,   42.0, 3570.0)	pi= 149.0	di=3746.0	wi=   0.8	Pal=   0.0	profit=149.000000
(183,   18.0, 2440.0)	(183,   89.0, 2815.0)	(183,   84.0, 2899.0)	(183,   42.0, 2941.0)	(183,   15.0, 2956.0)	(183,   63.0, 3069.0)	(183,   32.0, 3226.0)	(183,   85.0, 3431.0)	(183,    1.0, 3452.0)	(183,   23.0, 3593.0)	pi= 237.0	di=3743.0	wi=   1.0	Pal=   0.0	profit=237.000000
(12,   69.0, 2509.0)	(12,    4.0, 2819.0)	(12,   18.0, 2917.0)	(12,   35.0, 2976.0)	(12,    4.0, 2980.0)	(12,   18.0, 3087.0)	(12,    8.0, 3234.0)	(12,    2.0, 3433.0)	(12,    4.0, 3456.0)	(12,   57.0, 3650.0)	pi=  72.0	di=3881.0	wi=   0.9	Pal=   0.0	profit=72.000000
(79,   31.0, 2540.0)	(79,   96.0, 2915.0)	(79,   26.0, 2943.0)	(79,   19.0, 2995.0)	(79,   57.0, 3052.0)	(79,   33.0, 3120.0)	(79,   69.0, 3303.0)	(79,   19.0, 3452.0)	(79,   87.0, 3543.0)	(79,    1.0, 3651.0)	pi= 497.0	di=4280.0	wi=   1.2	Pal=   0.0	profit=497.000000
(42,   69.0, 2609.0)	(42,   19.0, 2934.0)	(42,   96.0, 3039.0)	(42,   22.0, 3061.0)	(42,   18.0, 3079.0)	(42,   30.0, 3150.0)	(42,   51.0, 3354.0)	(42,    1.0, 3453.0)	(42,    2.0, 3545.0)	(42,   19.0, 3670.0)	pi= 296.0	di=4843.0	wi=   0.8	Pal=   0.0	profit=296.000000
(43,   41.0, 2650.0)	(43,   34.0, 2968.0)	(43,    9.0, 3048.0)	(43,   72.0, 3133.0)	(43,    2.0, 3135.0)	(43,   56.0, 3206.0)	(43,   17.0, 3371.0)	(43,   42.0, 3495.0)	(43,   70.0, 3615.0)	(43,   40.0, 3710.0)	pi= 320.0	di=5481.0	wi=   0.5	Pal=   0.0	profit=320.000000
(156,    9.0, 2659.0)	(156,   17.0, 2985.0)	(156,   59.0, 3107.0)	(156,   26.0, 3159.0)	(156,   35.0, 3194.0)	(156,   80.0, 3286.0)	(156,   72.0, 3443.0)	(156,   42.0, 3537.0)	(156,   61.0, 3676.0)	(156,   47.0, 3757.0)	pi= 352.0	di=4754.0	wi=   0.6	Pal=   0.0	profit=352.000000
(151,   85.0, 2744.0)	(151,   49.0, 3034.0)	(151,    4.0, 3111.0)	(151,   14.0, 3173.0)	(151,   48.0, 3242.0)	(151,   35.0, 3321.0)	(151,   37.0, 3480.0)	(151,  100.0, 3637.0)	(151,   73.0, 3749.0)	(151,   31.0, 3788.0)	pi= 110.0	di=5218.0	wi=   1.4	Pal=   0.0	profit=110.000000
(111,   97.0, 2841.0)	(111,   24.0, 3058.0)	(111,   83.0, 3194.0)	(111,   80.0, 3274.0)	(111,   32.0, 3306.0)	(111,   19.0, 3340.0)	(111,   44.0, 3524.0)	(111,    0.0, 3637.0)	(111,   19.0, 3768.0)	(111,   13.0, 3801.0)	pi= 419.0	di=4729.0	wi=   1.4	Pal=   0.0	profit=419.000000
(58,   61.0, 2902.0)	(58,   62.0, 3120.0)	(58,    8.0, 3202.0)	(58,   78.0, 3352.0)	(58,   30.0, 3382.0)	(58,   94.0, 3476.0)	(58,   86.0, 3610.0)	(58,   67.0, 3704.0)	(58,   85.0, 3853.0)	(58,   93.0, 3946.0)	pi= 162.0	di=4384.0	wi=   1.0	Pal=   0.0	profit=162.000000
(34,   46.0, 2948.0)	(34,   82.0, 3202.0)	(34,   57.0, 3259.0)	(34,    9.0, 3361.0)	(34,   89.0, 3471.0)	(34,   94.0, 3570.0)	(34,   60.0, 3670.0)	(34,   41.0, 3745.0)	(34,   25.0, 3878.0)	(34,   27.0, 3973.0)	pi= 195.0	di=3996.0	wi=   1.2	Pal=   0.0	profit=195.000000
(173,   71.0, 3019.0)	(173,   81.0, 3283.0)	(173,    9.0, 3292.0)	(173,   19.0, 3380.0)	(173,   42.0, 3513.0)	(173,   48.0, 3618.0)	(173,   63.0, 3733.0)	(173,   94.0, 3839.0)	(173,    1.0, 3879.0)	(173,   52.0, 4025.0)	pi= 268.0	di=4088.0	wi=   0.8	Pal=   0.0	profit=268.000000
(168,   92.0, 3111.0)	(168,    8.0, 3291.0)	(168,   91.0, 3383.0)	(168,   53.0, 3436.0)	(168,   77.0, 3590.0)	(168,    2.0, 3620.0)	(168,    0.0, 3733.0)	(168,   45.0, 3884.0)	(168,   45.0, 3929.0)	(168,   30.0, 4055.0)	pi= 117.0	di=4875.0	wi=   0.7	Pal=   0.0	profit=117.000000
(110,  100.0, 3211.0)	(110,   72.0, 3363.0)	(110,   21.0, 3404.0)	(110,   60.0, 3496.0)	(110,   62.0, 3652.0)	(110,   28.0, 3680.0)	(110,   86.0, 3819.0)	(110,   63.0, 3947.0)	(110,   92.0, 4039.0)	(110,   64.0, 4119.0)	pi= 297.0	di=4280.0	wi=   1.4	Pal=   0.0	profit=297.000000
(87,   90.0, 3301.0)	(87,   17.0, 3380.0)	(87,   21.0, 3425.0)	(87,   93.0, 3589.0)	(87,   48.0, 3700.0)	(87,   76.0, 3776.0)	(87,   62.0, 3881.0)	(87,   79.0, 4026.0)	(87,   89.0, 4128.0)	(87,   62.0, 4190.0)	pi= 164.0	di=5383.0	wi=   1.0	Pal=   0.0	profit=164.000000
(109,   31.0, 3332.0)	(109,   59.0, 3439.0)	(109,   62.0, 3501.0)	(109,   92.0, 3681.0)	(109,   45.0, 3745.0)	(109,   16.0, 3792.0)	(109,   98.0, 3979.0)	(109,   68.0, 4094.0)	(109,   61.0, 4189.0)	(109,   74.0, 4264.0)	pi= 413.0	di=4890.0	wi=   0.6	Pal=   0.0	profit=413.000000
(199,   33.0, 3365.0)	(199,   48.0, 3487.0)	(199,   56.0, 3557.0)	(199,    2.0, 3683.0)	(199,   25.0, 3770.0)	(199,   96.0, 3888.0)	(199,   24.0, 4003.0)	(199,   90.0, 4184.0)	(199,   80.0, 4269.0)	(199,   73.0, 4342.0)	pi= 484.0	di=4518.0	wi=   0.9	Pal=   0.0	profit=484.000000
(82,   90.0, 3455.0)	(82,   25.0, 3512.0)	(82,   94.0, 3651.0)	(82,   42.0, 3725.0)	(82,   34.0, 3804.0)	(82,  100.0, 3988.0)	(82,   69.0, 4072.0)	(82,   46.0, 4230.0)	(82,   60.0, 4329.0)	(82,   32.0, 4374.0)	pi= 428.0	di=5413.0	wi=   1.2	Pal=   0.0	profit=428.000000
(19,   51.0, 3506.0)	(19,   36.0, 3548.0)	(19,   19.0, 3670.0)	(19,   55.0, 3780.0)	(19,   41.0, 3845.0)	(19,   21.0, 4009.0)	(19,   56.0, 4128.0)	(19,   92.0, 4322.0)	(19,    8.0, 4337.0)	(19,   19.0, 4393.0)	pi= 319.0	di=4416.0	wi=   1.3	Pal=   0.0	profit=319.000000
(51,   38.0, 3544.0)	(51,   63.0, 3611.0)	(51,   93.0, 3763.0)	(51,   28.0, 3808.0)	(51,   76.0, 3921.0)	(51,   29.0, 4038.0)	(51,   60.0, 4188.0)	(51,    3.0, 4325.0)	(51,   92.0, 4429.0)	(51,   43.0, 4472.0)	pi= 207.0	di=5614.0	wi=   0.8	Pal=   0.0	profit=207.000000
(196,   59.0, 3603.0)	(196,    1.0, 3612.0)	(196,   35.0, 3798.0)	(196,   32.0, 3840.0)	(196,   40.0, 3961.0)	(196,   94.0, 4132.0)	(196,   24.0, 4212.0)	(196,   34.0, 4359.0)	(196,   32.0, 4461.0)	(196,    9.0, 4481.0)	pi=  75.0	di=5163.0	wi=   1.5	Pal=   0.0	profit=75.000000
(163,   82.0, 3685.0)	(163,   66.0, 3751.0)	(163,   35.0, 3833.0)	(163,   84.0, 3924.0)	(163,   55.0, 4016.0)	(163,   76.0, 4208.0)	(163,   97.0, 4309.0)	(163,   76.0, 4435.0)	(163,   95.0, 4556.0)	(163,   66.0, 4622.0)	pi= 486.0	di=5120.0	wi=   0.6	Pal=   0.0	profit=486.000000
(180,    3.0, 3688.0)	(180,   56.0, 3807.0)	(180,   89.0, 3922.0)	(180,   86.0, 4010.0)	(180,   57.0, 4073.0)	(180,   67.0, 4275.0)	(180,   96.0, 4405.0)	(180,   82.0, 4517.0)	(180,   95.0, 4651.0)	(180,   29.0, 4680.0)	pi= 192.0	di=4740.0	wi=   0.9	Pal=   0.0	profit=192.000000
(137,   41.0, 3729.0)	(137,   48.0, 3855.0)	(137,    0.0, 3922.0)	(137,   66.0, 4076.0)	(137,   31.0, 4107.0)	(137,   16.0, 4291.0)	(137,   75.0, 4480.0)	(137,   26.0, 4543.0)	(137,   28.0, 4679.0)	(137,   95.0, 4775.0)	pi= 282.0	di=7232.0	wi=   1.3	Pal=   0.0	profit=282.000000
(59,   10.0, 3739.0)	(59,   24.0, 3879.0)	(59,   53.0, 3975.0)	(59,   76.0, 4152.0)	(59,   58.0, 4210.0)	(59,   80.0, 4371.0)	(59,   13.0, 4493.0)	(59,   57.0, 4600.0)	(59,   16.0, 4695.0)	(59,   47.0, 4822.0)	pi=  66.0	di=4893.0	wi=   1.0	Pal=   0.0	profit=66.000000
(25,   38.0, 3777.0)	(25,    3.0, 3882.0)	(25,   11.0, 3986.0)	(25,   35.0, 4187.0)	(25,   98.0, 4308.0)	(25,   43.0, 4414.0)	(25,   61.0, 4554.0)	(25,   36.0, 4636.0)	(25,    5.0, 4700.0)	(25,   15.0, 4837.0)	pi= 370.0	di=4949.0	wi=   1.3	Pal=   0.0	profit=370.000000
(70,   75.0, 3852.0)	(70,   78.0, 3960.0)	(70,   18.0, 4004.0)	(70,   98.0, 4285.0)	(70,   75.0, 4383.0)	(70,   97.0, 4511.0)	(70,   14.0, 4568.0)	(70,   34.0, 4670.0)	(70,   45.0, 4745.0)	(70,   72.0, 4909.0)	pi= 239.0	di=5195.0	wi=   1.2	Pal=   0.0	profit=239.000000
(185,   36.0, 3888.0)	(185,   14.0, 3974.0)	(185,   93.0, 4097.0)	(185,   67.0, 4352.0)	(185,   30.0, 4413.0)	(185,    3.0, 4514.0)	(185,   90.0, 4658.0)	(185,   86.0, 4756.0)	(185,   47.0, 4803.0)	(185,   12.0, 4921.0)	pi= 438.0	di=5169.0	wi=   0.7	Pal=   0.0	profit=438.000000
(5,   17.0, 3905.0)	(5,    4.0, 3978.0)	(5,   76.0, 4173.0)	(5,    9.0, 4361.0)	(5,   74.0, 4487.0)	(5,   18.0, 4532.0)	(5,   20.0, 4678.0)	(5,    7.0, 4763.0)	(5,    5.0, 4808.0)	(5,   64.0, 4985.0)	pi= 220.0	di=5204.0	wi=   0.8	Pal=   0.0	profit=220.000000
(69,   20.0, 3925.0)	(69,   28.0, 4006.0)	(69,   37.0, 4210.0)	(69,   33.0, 4394.0)	(69,   59.0, 4546.0)	(69,   48.0, 4594.0)	(69,    8.0, 4686.0)	(69,   23.0, 4786.0)	(69,    1.0, 4809.0)	(69,   10.0, 4995.0)	pi= 433.0	di=7009.0	wi=   0.8	Pal=   0.0	profit=433.000000
(86,   21.0, 3946.0)	(86,   98.0, 4104.0)	(86,   33.0, 4243.0)	(86,   95.0, 4489.0)	(86,   61.0, 4607.0)	(86,   81.0, 4688.0)	(86,    0.0, 4688.0)	(86,   42.0, 4828.0)	(86,   53.0, 4881.0)	(86,   53.0, 5048.0)	pi= 378.0	di=5243.0	wi=   1.2	Pal=   0.0	profit=378.000000
(114,   79.0, 4025.0)	(114,   85.0, 4189.0)	(114,   24.0, 4267.0)	(114,   50.0, 4539.0)	(114,   26.0, 4633.0)	(114,   31.0, 4719.0)	(114,   94.0, 4813.0)	(114,   91.0, 4919.0)	(114,   38.0, 4957.0)	(114,   63.0, 5111.0)	pi= 311.0	di=5116.0	wi=   1.4	Pal=   0.0	profit=311.000000
(177,   72.0, 4097.0)	(177,   62.0, 4251.0)	(177,   77.0, 4344.0)	(177,   90.0, 4629.0)	(177,   95.0, 4728.0)	(177,   61.0, 4789.0)	(177,   35.0, 4848.0)	(177,   84.0, 5003.0)	(177,   98.0, 5101.0)	(177,    9.0, 5120.0)	pi= 354.0	di=5795.0	wi=   1.1	Pal=   0.0	profit=354.000000
(162,   76.0, 4173.0)	(162,  100.0, 4351.0)	(162,   42.0, 4393.0)	(162,   56.0, 4685.0)	(162,   11.0, 4739.0)	(162,   52.0, 4841.0)	(162,   64.0, 4912.0)	(162,   99.0, 5102.0)	(162,    3.0, 5105.0)	(162,   56.0, 5176.0)	pi= 430.0	di=5535.0	wi=   1.5	Pal=   0.0	profit=430.000000
(172,    7.0, 4180.0)	(172,   88.0, 4439.0)	(172,   76.0, 4515.0)	(172,   32.0, 4717.0)	(172,   25.0, 4764.0)	(172,   35.0, 4876.0)	(172,   72.0, 4984.0)	(172,    9.0, 5111.0)	(172,   66.0, 5177.0)	(172,   93.0, 5270.0)	pi= 351.0	di=5366.0	wi=   1.4	Pal=   0.0	profit=351.000000
(27,   16.0, 4196.0)	(27,   78.0, 4517.0)	(27,   55.0, 4572.0)	(27,   29.0, 4746.0)	(27,   81.0, 4845.0)	(27,   81.0, 4957.0)	(27,   33.0, 5017.0)	(27,   23.0, 5134.0)	(27,   47.0, 5224.0)	(27,   35.0, 5305.0)	pi= 402.0	di=5994.0	wi=   1.3	Pal=   0.0	profit=402.000000
(129,    9.0, 4205.0)	(129,  100.0, 4617.0)	(129,   61.0, 4678.0)	(129,   85.0, 4831.0)	(129,   22.0, 4867.0)	(129,   39.0, 4996.0)	(129,   90.0, 5107.0)	(129,   21.0, 5155.0)	(129,   65.0, 5289.0)	(129,   98.0, 5403.0)	pi= 217.0	di=5648.0	wi=   1.3	Pal=   0.0	profit=217.000000
(47,   54.0, 4259.0)	(47,    5.0, 4622.0)	(47,   45.0, 4723.0)	(47,   71.0, 4902.0)	(47,   42.0, 4944.0)	(47,   85.0, 5081.0)	(47,   34.0, 5141.0)	(47,   66.0, 5221.0)	(47,   32.0, 5321.0)	(47,   88.0, 5491.0)	pi= 300.0	di=5670.0	wi=   1.5	Pal=   0.0	profit=300.000000
(148,   60.0, 4319.0)	(148,   77.0, 4699.0)	(148,   15.0, 4738.0)	(148,   58.0, 4960.0)	(148,   15.0, 4975.0)	(148,   55.0, 5136.0)	(148,   44.0, 5185.0)	(148,   73.0, 5294.0)	(148,    5.0, 5326.0)	(148,   99.0, 5590.0)	pi= 389.0	di=5957.0	wi=   0.6	Pal=   0.0	profit=389.000000
(119,   87.0, 4406.0)	(119,   60.0, 4759.0)	(119,   14.0, 4773.0)	(119,    7.0, 4967.0)	(119,   62.0, 5037.0)	(119,   29.0, 5165.0)	(119,   79.0, 5264.0)	(119,    4.0, 5298.0)	(119,   82.0, 5408.0)	(119,    5.0, 5595.0)	pi= 299.0	di=7134.0	wi=   0.6	Pal=   0.0	profit=299.000000
(32,   52.0, 4458.0)	(32,   36.0, 4795.0)	(32,   17.0, 4812.0)	(32,   64.0, 5031.0)	(32,   18.0, 5055.0)	(32,   17.0, 5182.0)	(32,   48.0, 5312.0)	(32,   79.0, 5391.0)	(32,   54.0, 5462.0)	(32,   78.0, 5673.0)	pi= 172.0	di=6004.0	wi=   0.9	Pal=   0.0	profit=172.000000
(190,   39.0, 4497.0)	(190,   30.0, 4825.0)	(190,   47.0, 4872.0)	(190,   10.0, 5041.0)	(190,   71.0, 5126.0)	(190,    4.0, 5186.0)	(190,    6.0, 5318.0)	(190,    0.0, 5391.0)	(190,   35.0, 5497.0)	(190,   67.0, 5740.0)	pi= 105.0	di=6616.0	wi=   1.5	Pal=   0.0	profit=105.000000
(132,   42.0, 4539.0)	(132,   80.0, 4905.0)	(132,   29.0, 4934.0)	(132,    4.0, 5045.0)	(132,   29.0, 5155.0)	(132,    9.0, 5195.0)	(132,   54.0, 5372.0)	(132,   64.0, 5455.0)	(132,   60.0, 5557.0)	(132,   77.0, 5817.0)	pi= 191.0	di=6523.0	wi=   1.1	Pal=   0.0	profit=191.000000
(158,   27.0, 4566.0)	(158,   75.0, 4980.0)	(158,   88.0, 5068.0)	(158,   32.0, 5100.0)	(158,   53.0, 5208.0)	(158,   60.0, 5268.0)	(158,   94.0, 5466.0)	(158,   99.0, 5565.0)	(158,   93.0, 5658.0)	(158,   34.0, 5851.0)	pi= 153.0	di=6719.0	wi=   0.8	Pal=   0.0	profit=153.000000
(112,   88.0, 4654.0)	(112,   12.0, 4992.0)	(112,   81.0, 5149.0)	(112,   37.0, 5186.0)	(112,   69.0, 5277.0)	(112,   60.0, 5337.0)	(112,   13.0, 5479.0)	(112,   71.0, 5636.0)	(112,  100.0, 5758.0)	(112,   11.0, 5862.0)	pi= 175.0	di=6036.0	wi=   1.2	Pal=   0.0	profit=175.000000
(108,    5.0, 4659.0)	(108,   89.0, 5081.0)	(108,    5.0, 5154.0)	(108,   86.0, 5272.0)	(108,    7.0, 5284.0)	(108,   54.0, 5391.0)	(108,   39.0, 5518.0)	(108,   83.0, 5719.0)	(108,   95.0, 5853.0)	(108,   59.0, 5921.0)	pi= 399.0	di=5954.0	wi=   1.0	Pal=   0.0	profit=399.000000
(106,   41.0, 4700.0)	(106,   37.0, 5118.0)	(106,   27.0, 5181.0)	(106,   34.0, 5306.0)	(106,   96.0, 5402.0)	(106,   72.0, 5474.0)	(106,   88.0, 5606.0)	(106,   65.0, 5784.0)	(106,   24.0, 5877.0)	(106,   25.0, 5946.0)	pi= 234.0	di=6393.0	wi=   1.4	Pal=   0.0	profit=234.000000
(171,   78.0, 4778.0)	(171,   59.0, 5177.0)	(171,   91.0, 5272.0)	(171,   76.0, 5382.0)	(171,   11.0, 5413.0)	(171,   81.0, 5555.0)	(171,   56.0, 5662.0)	(171,    1.0, 5785.0)	(171,   28.0, 5905.0)	(171,   69.0, 6015.0)	pi= 462.0	di=6621.0	wi=   0.9	Pal=   0.0	profit=462.000000
(1,   81.0, 4859.0)	(1,   19.0, 5196.0)	(1,   40.0, 5312.0)	(1,   21.0, 5403.0)	(1,   30.0, 5443.0)	(1,   49.0, 5604.0)	(1,   94.0, 5756.0)	(1,   97.0, 5882.0)	(1,   20.0, 5925.0)	(1,   76.0, 6091.0)	pi= 302.0	di=6254.0	wi=   1.5	Pal=   0.0	profit=302.000000
(96,   94.0, 4953.0)	(96,   88.0, 5284.0)	(96,    8.0, 5320.0)	(96,   12.0, 5415.0)	(96,   43.0, 5486.0)	(96,   41.0, 5645.0)	(96,   61.0, 5817.0)	(96,   44.0, 5926.0)	(96,   75.0, 6001.0)	(96,   68.0, 6159.0)	pi=  80.0	di=6274.0	wi=   0.7	Pal=   0.0	profit=80.000000
(54,   32.0, 4985.0)	(54,   34.0, 5318.0)	(54,   13.0, 5333.0)	(54,   50.0, 5465.0)	(54,   92.0, 5578.0)	(54,   43.0, 5688.0)	(54,   11.0, 5828.0)	(54,   34.0, 5960.0)	(54,   30.0, 6031.0)	(54,   51.0, 6210.0)	pi= 235.0	di=6212.0	wi=   0.6	Pal=   0.0	profit=235.000000
(107,   88.0, 5073.0)	(107,   55.0, 5373.0)	(107,  100.0, 5473.0)	(107,   57.0, 5530.0)	(107,   68.0, 5646.0)	(107,   51.0, 5739.0)	(107,   86.0, 5914.0)	(107,   79.0, 6039.0)	(107,   13.0, 6052.0)	(107,    3.0, 6213.0)	pi=  33.0	di=6601.0	wi=   1.3	Pal=   0.0	profit=33.000000
(30,   47.0, 5120.0)	(30,   39.0, 5412.0)	(30,   68.0, 5541.0)	(30,   62.0, 5603.0)	(30,   90.0, 5736.0)	(30,   57.0, 5796.0)	(30,   11.0, 5925.0)	(30,    4.0, 6043.0)	(30,   47.0, 6099.0)	(30,   53.0, 6266.0)	pi= 226.0	di=6629.0	wi=   0.7	Pal=   0.0	profit=226.000000
(22,   40.0, 5160.0)	(22,   32.0, 5444.0)	(22,   70.0, 5611.0)	(22,    5.0, 5616.0)	(22,   38.0, 5774.0)	(22,   18.0, 5814.0)	(22,    4.0, 5929.0)	(22,   25.0, 6068.0)	(22,   89.0, 6188.0)	(22,   80.0, 6346.0)	pi= 403.0	di=7462.0	wi=   0.7	Pal=   0.0	profit=403.000000
(161,   61.0, 5221.0)	(161,   53.0, 5497.0)	(161,   45.0, 5656.0)	(161,   10.0, 5666.0)	(161,    9.0, 5783.0)	(161,   15.0, 5829.0)	(161,   59.0, 5988.0)	(161,   69.0, 6137.0)	(161,    2.0, 6190.0)	(161,   27.0, 6373.0)	pi= 303.0	di=6564.0	wi=   1.2	Pal=   0.0	profit=303.000000
(126,    0.0, 5221.0)	(126,   64.0, 5561.0)	(126,    4.0, 5660.0)	(126,    8.0, 5674.0)	(126,   37.0, 5820.0)	(126,   18.0, 5847.0)	(126,   40.0, 6028.0)	(126,   13.0, 6150.0)	(126,   26.0, 6216.0)	(126,   94.0, 6467.0)	pi= 150.0	di=8250.0	wi=   1.5	Pal=   0.0	profit=150.000000
(144,    3.0, 5224.0)	(144,    1.0, 5562.0)	(144,   50.0, 5710.0)	(144,  100.0, 5810.0)	(144,   45.0, 5865.0)	(144,   52.0, 5917.0)	(144,   70.0, 6098.0)	(144,   38.0, 6188.0)	(144,    6.0, 6222.0)	(144,    9.0, 6476.0)	pi= 248.0	di=7442.0	wi=   0.9	Pal=   0.0	profit=248.000000
(81,   64.0, 5288.0)	(81,   37.0, 5599.0)	(81,    0.0, 5710.0)	(81,   61.0, 5871.0)	(81,   76.0, 5947.0)	(81,   43.0, 5990.0)	(81,   59.0, 6157.0)	(81,   39.0, 6227.0)	(81,   24.0, 6251.0)	(81,   14.0, 6490.0)	pi= 367.0	di=7600.0	wi=   1.4	Pal=   0.0	profit=367.000000
(3,   72.0, 5360.0)	(3,   15.0, 5614.0)	(3,   49.0, 5759.0)	(3,   89.0, 5960.0)	(3,   94.0, 6054.0)	(3,   10.0, 6064.0)	(3,   18.0, 6175.0)	(3,   20.0, 6247.0)	(3,   81.0, 6332.0)	(3,    9.0, 6499.0)	pi= 262.0	di=6622.0	wi=   0.7	Pal=   0.0	profit=262.000000
(57,   82.0, 5442.0)	(57,   21.0, 5635.0)	(57,   81.0, 5840.0)	(57,   66.0, 6026.0)	(57,   76.0, 6130.0)	(57,   20.0, 6150.0)	(57,    3.0, 6178.0)	(57,   36.0, 6283.0)	(57,   65.0, 6397.0)	(57,   37.0, 6536.0)	pi= 131.0	di=6690.0	wi=   1.1	Pal=   0.0	profit=131.000000
(11,   57.0, 5499.0)	(11,   75.0, 5710.0)	(11,    6.0, 5846.0)	(11,   70.0, 6096.0)	(11,    1.0, 6131.0)	(11,    1.0, 6151.0)	(11,   92.0, 6270.0)	(11,   84.0, 6367.0)	(11,   68.0, 6465.0)	(11,   52.0, 6588.0)	pi= 450.0	di=6791.0	wi=   0.9	Pal=   0.0	profit=450.000000
(131,    3.0, 5502.0)	(131,   86.0, 5796.0)	(131,    1.0, 5847.0)	(131,   53.0, 6149.0)	(131,  100.0, 6249.0)	(131,   10.0, 6259.0)	(131,   26.0, 6296.0)	(131,   83.0, 6450.0)	(131,   96.0, 6561.0)	(131,   76.0, 6664.0)	pi= 465.0	di=6843.0	wi=   0.8	Pal=   0.0	profit=465.000000
(26,   66.0, 5568.0)	(26,   29.0, 5825.0)	(26,   72.0, 5919.0)	(26,   62.0, 6211.0)	(26,   34.0, 6283.0)	(26,   55.0, 6338.0)	(26,   40.0, 6378.0)	(26,   10.0, 6460.0)	(26,   75.0, 6636.0)	(26,   56.0, 6720.0)	pi= 296.0	di=6977.0	wi=   0.8	Pal=   0.0	profit=296.000000
(7,    9.0, 5577.0)	(7,   77.0, 5902.0)	(7,  100.0, 6019.0)	(7,   61.0, 6272.0)	(7,   37.0, 6320.0)	(7,   34.0, 6372.0)	(7,    0.0, 6378.0)	(7,   70.0, 6530.0)	(7,   75.0, 6711.0)	(7,    9.0, 6729.0)	pi= 102.0	di=6830.0	wi=   0.8	Pal=   0.0	profit=102.000000
(153,   75.0, 5652.0)	(153,   85.0, 5987.0)	(153,   58.0, 6077.0)	(153,   39.0, 6311.0)	(153,   13.0, 6333.0)	(153,   22.0, 6394.0)	(153,    3.0, 6397.0)	(153,   79.0, 6609.0)	(153,   31.0, 6742.0)	(153,   91.0, 6833.0)	pi= 475.0	di=7079.0	wi=   0.9	Pal=   0.0	profit=475.000000
(188,   53.0, 5705.0)	(188,    0.0, 5987.0)	(188,   12.0, 6089.0)	(188,   34.0, 6345.0)	(188,   64.0, 6409.0)	(188,   32.0, 6441.0)	(188,   84.0, 6525.0)	(188,   24.0, 6633.0)	(188,   80.0, 6822.0)	(188,   48.0, 6881.0)	pi= 197.0	di=7694.0	wi=   0.9	Pal=   0.0	profit=197.000000
(16,   97.0, 5802.0)	(16,   42.0, 6029.0)	(16,   99.0, 6188.0)	(16,   29.0, 6374.0)	(16,   65.0, 6474.0)	(16,   50.0, 6524.0)	(16,   43.0, 6568.0)	(16,    1.0, 6634.0)	(16,    5.0, 6827.0)	(16,   39.0, 6920.0)	pi= 210.0	di=8052.0	wi=   0.7	Pal=   0.0	profit=210.000000
(10,   45.0, 5847.0)	(10,   85.0, 6114.0)	(10,   33.0, 6221.0)	(10,   87.0, 6461.0)	(10,   78.0, 6552.0)	(10,   44.0, 6596.0)	(10,   98.0, 6694.0)	(10,   25.0, 6719.0)	(10,   77.0, 6904.0)	(10,   56.0, 6976.0)	pi= 438.0	di=7223.0	wi=   1.0	Pal=   0.0	profit=438.000000
(21,   14.0, 5861.0)	(21,   38.0, 6152.0)	(21,   37.0, 6258.0)	(21,   43.0, 6504.0)	(21,   11.0, 6563.0)	(21,    1.0, 6597.0)	(21,   46.0, 6740.0)	(21,   37.0, 6777.0)	(21,   18.0, 6922.0)	(21,   66.0, 7042.0)	pi= 195.0	di=7695.0	wi=   1.4	Pal=   0.0	profit=195.000000
(198,   14.0, 5875.0)	(198,   50.0, 6202.0)	(198,   88.0, 6346.0)	(198,   37.0, 6541.0)	(198,   70.0, 6633.0)	(198,   80.0, 6713.0)	(198,   26.0, 6766.0)	(198,   23.0, 6800.0)	(198,   62.0, 6984.0)	(198,   76.0, 7118.0)	pi= 281.0	di=7472.0	wi=   0.7	Pal=   0.0	profit=281.000000
(170,   41.0, 5916.0)	(170,   61.0, 6263.0)	(170,   67.0, 6413.0)	(170,   37.0, 6578.0)	(170,   51.0, 6684.0)	(170,   20.0, 6733.0)	(170,   84.0, 6850.0)	(170,   18.0, 6868.0)	(170,   78.0, 7062.0)	(170,   26.0, 7144.0)	pi= 407.0	di=7348.0	wi=   0.9	Pal=   0.0	profit=407.000000
(61,   75.0, 5991.0)	(61,   46.0, 6309.0)	(61,   52.0, 6465.0)	(61,   63.0, 6641.0)	(61,   26.0, 6710.0)	(61,   44.0, 6777.0)	(61,   17.0, 6867.0)	(61,   16.0, 6884.0)	(61,   31.0, 7093.0)	(61,   96.0, 7240.0)	pi= 316.0	di=7742.0	wi=   1.3	Pal=   0.0	profit=316.000000
(102,   76.0, 6067.0)	(102,    1.0, 6310.0)	(102,   58.0, 6523.0)	(102,   71.0, 6712.0)	(102,   87.0, 6799.0)	(102,   11.0, 6810.0)	(102,   54.0, 6921.0)	(102,   33.0, 6954.0)	(102,   55.0, 7148.0)	(102,   20.0, 7260.0)	pi=  43.0	di=7568.0	wi=   1.3	Pal=   0.0	profit=43.000000
(2,   95.0, 6162.0)	(2,   41.0, 6351.0)	(2,   76.0, 6599.0)	(2,   39.0, 6751.0)	(2,   28.0, 6827.0)	(2,   28.0, 6855.0)	(2,   48.0, 6969.0)	(2,   25.0, 6994.0)	(2,   64.0, 7212.0)	(2,   41.0, 7301.0)	pi= 221.0	di=7523.0	wi=   1.5	Pal=   0.0	profit=221.000000
(189,   74.0, 6236.0)	(189,   43.0, 6394.0)	(189,   33.0, 6632.0)	(189,   10.0, 6761.0)	(189,   77.0, 6904.0)	(189,   33.0, 6937.0)	(189,   96.0, 7065.0)	(189,   53.0, 7118.0)	(189,   68.0, 7280.0)	(189,   58.0, 7359.0)	pi= 219.0	di=8236.0	wi=   1.4	Pal=   0.0	profit=219.000000
(92,   57.0, 6293.0)	(92,   54.0, 6448.0)	(92,   27.0, 6659.0)	(92,   29.0, 6790.0)	(92,   68.0, 6972.0)	(92,   43.0, 7015.0)	(92,   11.0, 7076.0)	(92,   76.0, 7194.0)	(92,   71.0, 7351.0)	(92,   81.0, 7440.0)	pi= 285.0	di=7523.0	wi=   0.8	Pal=   0.0	profit=285.000000
(75,   72.0, 6365.0)	(75,   32.0, 6480.0)	(75,   59.0, 6718.0)	(75,   47.0, 6837.0)	(75,   53.0, 7025.0)	(75,   56.0, 7081.0)	(75,   32.0, 7113.0)	(75,   57.0, 7251.0)	(75,   36.0, 7387.0)	(75,   35.0, 7475.0)	pi= 235.0	di=8151.0	wi=   1.2	Pal=   0.0	profit=235.000000
(14,   22.0, 6387.0)	(14,   38.0, 6518.0)	(14,   49.0, 6767.0)	(14,   17.0, 6854.0)	(14,   24.0, 7049.0)	(14,   80.0, 7161.0)	(14,   98.0, 7259.0)	(14,   93.0, 7352.0)	(14,    7.0, 7394.0)	(14,   95.0, 7570.0)	pi= 173.0	di=7681.0	wi=   1.5	Pal=   0.0	profit=173.000000
(174,   89.0, 6476.0)	(174,   37.0, 6555.0)	(174,   11.0, 6778.0)	(174,   92.0, 6946.0)	(174,   93.0, 7142.0)	(174,   63.0, 7224.0)	(174,   86.0, 7345.0)	(174,    8.0, 7360.0)	(174,   48.0, 7442.0)	(174,   21.0, 7591.0)	pi= 362.0	di=7711.0	wi=   0.9	Pal=   0.0	profit=362.000000
(0,   21.0, 6497.0)	(0,   28.0, 6583.0)	(0,   97.0, 6875.0)	(0,   78.0, 7024.0)	(0,   57.0, 7199.0)	(0,   62.0, 7286.0)	(0,   46.0, 7391.0)	(0,   62.0, 7453.0)	(0,   52.0, 7505.0)	(0,   87.0, 7678.0)	pi= 254.0	di=7759.0	wi=   1.0	Pal=   0.0	profit=254.000000
(35,   90.0, 6587.0)	(35,   59.0, 6646.0)	(35,   38.0, 6913.0)	(35,   13.0, 7037.0)	(35,   91.0, 7290.0)	(35,   87.0, 7377.0)	(35,   53.0, 7444.0)	(35,   27.0, 7480.0)	(35,   12.0, 7517.0)	(35,   88.0, 7766.0)	pi= 331.0	di=8019.0	wi=   0.6	Pal=   0.0	profit=331.000000
(24,   99.0, 6686.0)	(24,   68.0, 6754.0)	(24,   37.0, 6950.0)	(24,   35.0, 7072.0)	(24,   77.0, 7367.0)	(24,   56.0, 7433.0)	(24,   23.0, 7467.0)	(24,    4.0, 7484.0)	(24,   70.0, 7587.0)	(24,    9.0, 7775.0)	pi= 137.0	di=7845.0	wi=   0.5	Pal=   0.0	profit=137.000000
(33,   52.0, 6738.0)	(33,   48.0, 6802.0)	(33,   95.0, 7045.0)	(33,   42.0, 7114.0)	(33,    1.0, 7368.0)	(33,   58.0, 7491.0)	(33,   13.0, 7504.0)	(33,   50.0, 7554.0)	(33,   59.0, 7646.0)	(33,   37.0, 7812.0)	pi= 302.0	di=8066.0	wi=   0.6	Pal=   0.0	profit=302.000000
(64,   23.0, 6761.0)	(64,   81.0, 6883.0)	(64,   45.0, 7090.0)	(64,   71.0, 7185.0)	(64,   94.0, 7462.0)	(64,    5.0, 7496.0)	(64,   34.0, 7538.0)	(64,   97.0, 7651.0)	(64,   90.0, 7741.0)	(64,   54.0, 7866.0)	pi= 230.0	di=7893.0	wi=   1.3	Pal=   0.0	profit=230.000000
(154,   42.0, 6803.0)	(154,   11.0, 6894.0)	(154,   56.0, 7146.0)	(154,   32.0, 7217.0)	(154,   23.0, 7485.0)	(154,    6.0, 7502.0)	(154,   98.0, 7636.0)	(154,   16.0, 7667.0)	(154,   82.0, 7823.0)	(154,   77.0, 7943.0)	pi= 227.0	di=8374.0	wi=   1.0	Pal=   0.0	profit=227.000000
(159,   47.0, 6850.0)	(159,   28.0, 6922.0)	(159,   72.0, 7218.0)	(159,   81.0, 7299.0)	(159,   77.0, 7562.0)	(159,   57.0, 7619.0)	(159,   62.0, 7698.0)	(159,    8.0, 7706.0)	(159,   50.0, 7873.0)	(159,   49.0, 7992.0)	pi= 178.0	di=8074.0	wi=   0.7	Pal=   0.0	profit=178.000000
(40,   62.0, 6912.0)	(40,   14.0, 6936.0)	(40,   60.0, 7278.0)	(40,   73.0, 7372.0)	(40,   75.0, 7637.0)	(40,   20.0, 7657.0)	(40,   42.0, 7740.0)	(40,   17.0, 7757.0)	(40,   76.0, 7949.0)	(40,   85.0, 8077.0)	pi= 152.0	di=8341.0	wi=   0.8	Pal=   0.0	profit=152.000000
(101,   81.0, 6993.0)	(101,   49.0, 7042.0)	(101,   31.0, 7309.0)	(101,   90.0, 7462.0)	(101,   67.0, 7704.0)	(101,   23.0, 7727.0)	(101,    1.0, 7741.0)	(101,   37.0, 7794.0)	(101,   21.0, 7970.0)	(101,   41.0, 8118.0)	pi=  60.0	di=8209.0	wi=   1.4	Pal=   0.0	profit=60.000000
(141,   38.0, 7031.0)	(141,   88.0, 7130.0)	(141,   94.0, 7403.0)	(141,   45.0, 7507.0)	(141,   34.0, 7738.0)	(141,   33.0, 7771.0)	(141,    7.0, 7778.0)	(141,    5.0, 7799.0)	(141,   85.0, 8055.0)	(141,   68.0, 8186.0)	pi= 451.0	di=8256.0	wi=   0.7	Pal=   0.0	profit=451.000000
(147,  100.0, 7131.0)	(147,   14.0, 7145.0)	(147,   77.0, 7480.0)	(147,   22.0, 7529.0)	(147,   74.0, 7812.0)	(147,   22.0, 7834.0)	(147,   13.0, 7847.0)	(147,   52.0, 7899.0)	(147,   91.0, 8146.0)	(147,   90.0, 8276.0)	pi= 135.0	di=8257.0	wi=   0.7	Pal=  13.3	profit=121.700000
max Profit=41803.000000 
