Order ID	Pi	di	wi	accepted	devery	delayed	Profit
0	  52.0	1295.0	   1.4	1	1219.0	0	52.000000
1	 170.0	1480.0	   0.6	1	1452.0	0	170.000000
2	 140.0	 992.0	   0.9	1	 834.0	0	140.000000
3	 231.0	 982.0	   0.7	1	 824.0	0	231.000000
4	 372.0	 142.0	   0.7	1	 390.0	1	198.400000
5	 177.0	  66.0	   1.1	0
6	 218.0	1331.0	   0.6	1	1312.0	0	218.000000
7	 461.0	 306.0	   1.4	1	 250.0	0	461.000000
8	 273.0	1243.0	   1.2	1	1141.0	0	273.000000
9	  89.0	 179.0	   0.8	0
10	  51.0	1335.0	   1.5	1	1300.0	0	51.000000
11	 244.0	 784.0	   1.2	1	 668.0	0	244.000000
12	 118.0	1517.0	   0.8	1	1237.0	0	118.000000
13	 402.0	 296.0	   0.7	1	 474.0	1	277.400000
14	 143.0	1656.0	   0.9	1	1632.0	0	143.000000
15	 467.0	 294.0	   1.4	1	 315.0	1	437.600000
16	 316.0	 938.0	   1.2	1	 906.0	0	316.000000
17	 483.0	1587.0	   1.5	1	1552.0	0	483.000000
18	 313.0	1123.0	   1.0	1	1112.0	0	313.000000
19	 392.0	1696.0	   0.5	1	1663.0	0	392.000000
20	   1.0	1079.0	   1.2	0
21	 153.0	1030.0	   1.1	1	1014.0	0	153.000000
22	 151.0	 807.0	   1.0	1	 781.0	0	151.000000
23	 451.0	 457.0	   0.6	1	 608.0	1	360.400000
24	 331.0	  24.0	   1.2	0
25	 192.0	 377.0	   0.8	1	 514.0	1	82.400000
26	 268.0	 153.0	   0.9	1	 151.0	0	268.000000
27	 105.0	 782.0	   0.5	1	 752.0	0	105.000000
28	  77.0	1529.0	   0.7	1	1373.0	0	77.000000
29	 115.0	1386.0	   0.7	1	 909.0	0	115.000000
------Order Sequence(ID)-------------------------------
26	26	26	26	26	
7	7	7	7	7	
15	15	15	15	15	
4	4	4	4	4	
13	13	13	13	13	
25	25	25	25	25	
23	23	23	23	23	
11	11	11	11	11	
27	27	27	27	27	
22	22	22	22	22	
3	3	3	3	3	
2	2	2	2	2	
16	16	16	16	16	
29	29	29	29	29	
21	21	21	21	21	
18	18	18	18	18	
8	8	8	8	8	
0	0	0	0	0	
12	12	12	12	12	
10	10	10	10	10	
6	6	6	6	6	
28	28	28	28	28	
1	1	1	1	1	
17	17	17	17	17	
14	14	14	14	14	
19	19	19	19	19	
------Finished time(ID)-------------------------------
(26,    0.0,    0.0)	(26,   18.0,   18.0)	(26,   62.0,   80.0)	(26,   10.0,   90.0)	(26,   61.0,  151.0)	pi= 268.0	di= 153.0	wi=   0.9	Pal=   0.0	profit=268.000000
(7,    6.0,    6.0)	(7,   35.0,   53.0)	(7,   59.0,  139.0)	(7,   79.0,  218.0)	(7,   32.0,  250.0)	pi= 461.0	di= 306.0	wi=   1.4	Pal=   0.0	profit=461.000000
(15,    7.0,   13.0)	(15,   20.0,   73.0)	(15,   78.0,  217.0)	(15,   80.0,  298.0)	(15,   17.0,  315.0)	pi= 467.0	di= 294.0	wi=   1.4	Pal=  29.4	profit=437.600000
(4,   17.0,   30.0)	(4,    0.0,   73.0)	(4,   77.0,  294.0)	(4,    9.0,  307.0)	(4,   75.0,  390.0)	pi= 372.0	di= 142.0	wi=   0.7	Pal= 173.6	profit=198.400000
(13,   20.0,   50.0)	(13,   81.0,  154.0)	(13,   29.0,  323.0)	(13,   48.0,  371.0)	(13,   84.0,  474.0)	pi= 402.0	di= 296.0	wi=   0.7	Pal= 124.6	profit=277.400000
(25,   52.0,  102.0)	(25,   82.0,  236.0)	(25,   97.0,  420.0)	(25,   47.0,  467.0)	(25,   40.0,  514.0)	pi= 192.0	di= 377.0	wi=   0.8	Pal= 109.6	profit=82.400000
(23,   89.0,  191.0)	(23,   27.0,  263.0)	(23,   60.0,  480.0)	(23,   62.0,  542.0)	(23,   66.0,  608.0)	pi= 451.0	di= 457.0	wi=   0.6	Pal=  90.6	profit=360.400000
(11,   42.0,  233.0)	(11,   93.0,  356.0)	(11,   25.0,  505.0)	(11,   73.0,  615.0)	(11,   53.0,  668.0)	pi= 244.0	di= 784.0	wi=   1.2	Pal=   0.0	profit=244.000000
(27,   85.0,  318.0)	(27,   47.0,  403.0)	(27,   18.0,  523.0)	(27,    5.0,  620.0)	(27,   84.0,  752.0)	pi= 105.0	di= 782.0	wi=   0.5	Pal=   0.0	profit=105.000000
(22,    3.0,  321.0)	(22,    8.0,  411.0)	(22,   86.0,  609.0)	(22,   86.0,  706.0)	(22,   29.0,  781.0)	pi= 151.0	di= 807.0	wi=   1.0	Pal=   0.0	profit=151.000000
(3,   48.0,  369.0)	(3,   67.0,  478.0)	(3,   85.0,  694.0)	(3,   50.0,  756.0)	(3,   43.0,  824.0)	pi= 231.0	di= 982.0	wi=   0.7	Pal=   0.0	profit=231.000000
(2,   34.0,  403.0)	(2,   66.0,  544.0)	(2,   40.0,  734.0)	(2,   16.0,  772.0)	(2,   10.0,  834.0)	pi= 140.0	di= 992.0	wi=   0.9	Pal=   0.0	profit=140.000000
(16,    4.0,  407.0)	(16,    2.0,  546.0)	(16,    4.0,  738.0)	(16,   40.0,  812.0)	(16,   72.0,  906.0)	pi= 316.0	di= 938.0	wi=   1.2	Pal=   0.0	profit=316.000000
(29,   19.0,  426.0)	(29,   84.0,  630.0)	(29,    5.0,  743.0)	(29,   97.0,  909.0)	(29,    0.0,  909.0)	pi= 115.0	di=1386.0	wi=   0.7	Pal=   0.0	profit=115.000000
(21,  100.0,  526.0)	(21,   76.0,  706.0)	(21,   32.0,  775.0)	(21,    6.0,  915.0)	(21,   99.0, 1014.0)	pi= 153.0	di=1030.0	wi=   1.1	Pal=   0.0	profit=153.000000
(18,   49.0,  575.0)	(18,   92.0,  798.0)	(18,   13.0,  811.0)	(18,   67.0,  982.0)	(18,   98.0, 1112.0)	pi= 313.0	di=1123.0	wi=   1.0	Pal=   0.0	profit=313.000000
(8,   35.0,  610.0)	(8,   64.0,  862.0)	(8,   32.0,  894.0)	(8,   22.0, 1004.0)	(8,   29.0, 1141.0)	pi= 273.0	di=1243.0	wi=   1.2	Pal=   0.0	profit=273.000000
(0,   59.0,  669.0)	(0,    1.0,  863.0)	(0,   26.0,  920.0)	(0,   34.0, 1038.0)	(0,   78.0, 1219.0)	pi=  52.0	di=1295.0	wi=   1.4	Pal=   0.0	profit=52.000000
(12,   18.0,  687.0)	(12,   30.0,  893.0)	(12,   45.0,  965.0)	(12,   78.0, 1116.0)	(12,   18.0, 1237.0)	pi= 118.0	di=1517.0	wi=   0.8	Pal=   0.0	profit=118.000000
(10,    1.0,  688.0)	(10,   65.0,  958.0)	(10,   93.0, 1058.0)	(10,   69.0, 1185.0)	(10,   63.0, 1300.0)	pi=  51.0	di=1335.0	wi=   1.5	Pal=   0.0	profit=51.000000
(6,   88.0,  776.0)	(6,   63.0, 1021.0)	(6,   80.0, 1138.0)	(6,   97.0, 1282.0)	(6,   12.0, 1312.0)	pi= 218.0	di=1331.0	wi=   0.6	Pal=   0.0	profit=218.000000
(28,   48.0,  824.0)	(28,   41.0, 1062.0)	(28,    0.0, 1138.0)	(28,   62.0, 1344.0)	(28,   29.0, 1373.0)	pi=  77.0	di=1529.0	wi=   0.7	Pal=   0.0	profit=77.000000
(1,   50.0,  874.0)	(1,   73.0, 1135.0)	(1,   68.0, 1206.0)	(1,   83.0, 1427.0)	(1,   25.0, 1452.0)	pi= 170.0	di=1480.0	wi=   0.6	Pal=   0.0	profit=170.000000
(17,   20.0,  894.0)	(17,   23.0, 1158.0)	(17,   89.0, 1295.0)	(17,   55.0, 1482.0)	(17,   70.0, 1552.0)	pi= 483.0	di=1587.0	wi=   1.5	Pal=   0.0	profit=483.000000
(14,   92.0,  986.0)	(14,  100.0, 1258.0)	(14,    1.0, 1296.0)	(14,   94.0, 1576.0)	(14,   56.0, 1632.0)	pi= 143.0	di=1656.0	wi=   0.9	Pal=   0.0	profit=143.000000
(19,   51.0, 1037.0)	(19,   44.0, 1302.0)	(19,   81.0, 1383.0)	(19,   30.0, 1606.0)	(19,   31.0, 1663.0)	pi= 392.0	di=1696.0	wi=   0.5	Pal=   0.0	profit=392.000000
max Profit=5830.200000 
