Order ID	Pi	di	wi	accepted	devery	delayed	Profit
0	 302.0	1126.0	   0.9	1	1088.0	0	302.000000
1	 175.0	 309.0	   1.5	0
2	 205.0	 525.0	   1.0	0
3	 110.0	1158.0	   1.2	0
4	 288.0	 753.0	   1.3	1	 751.0	0	288.000000
5	 482.0	1072.0	   0.9	1	1018.0	0	482.000000
6	 411.0	 896.0	   0.7	1	 846.0	0	411.000000
7	 153.0	  73.0	   1.4	0
8	  45.0	 768.0	   0.9	0
9	 142.0	1149.0	   0.9	1	1133.0	0	142.000000
10	 304.0	 461.0	   1.2	1	 416.0	0	304.000000
11	 268.0	 390.0	   0.6	0
12	 292.0	1046.0	   0.7	1	1031.0	0	292.000000
13	 411.0	 396.0	   1.0	1	 569.0	1	238.000000
14	 210.0	1554.0	   0.7	1	1454.0	0	210.000000
15	  68.0	 271.0	   1.4	0
16	 131.0	 717.0	   1.2	0
17	 119.0	   8.0	   0.5	0
18	 130.0	 491.0	   1.1	0
19	  76.0	 161.0	   0.8	0
20	 463.0	 867.0	   1.0	1	 950.0	1	380.000000
21	  98.0	1201.0	   0.9	1	1234.0	1	68.300000
22	 428.0	1175.0	   0.9	1	1169.0	0	428.000000
23	 259.0	1347.0	   1.2	1	1361.0	1	242.200000
24	 366.0	 328.0	   0.8	0
25	  35.0	1301.0	   1.4	0
26	  99.0	 871.0	   0.6	0
27	 322.0	 520.0	   1.5	0
28	 485.0	 533.0	   1.3	1	 617.0	1	375.800000
29	 483.0	1394.0	   0.6	1	 389.0	0	483.000000
------Order Sequence(ID)-------------------------------
29	29	29	29	29	29	29	29	29	29	
10	10	10	10	10	10	10	10	10	10	
13	13	13	13	13	13	13	13	13	13	
28	28	28	28	28	28	28	28	28	28	
4	4	4	4	4	4	4	4	4	4	
6	6	6	6	6	6	6	6	6	6	
20	20	20	20	20	20	20	20	20	20	
5	5	5	5	5	5	5	5	5	5	
12	12	12	12	12	12	12	12	12	12	
0	0	0	0	0	0	0	0	0	0	
9	9	9	9	9	9	9	9	9	9	
22	22	22	22	22	22	22	22	22	22	
21	21	21	21	21	21	21	21	21	21	
23	23	23	23	23	23	23	23	23	23	
14	14	14	14	14	14	14	14	14	14	
------Finished time(ID)-------------------------------
(29,    3.0,    3.0)	(29,   11.0,   14.0)	(29,   27.0,   41.0)	(29,   18.0,   59.0)	(29,    4.0,   63.0)	(29,    2.0,   65.0)	(29,   91.0,  156.0)	(29,   75.0,  231.0)	(29,   60.0,  291.0)	(29,   98.0,  389.0)	pi= 483.0	di=1394.0	wi=   0.6	Pal=   0.0	profit=483.000000
(10,   17.0,   20.0)	(10,   60.0,   80.0)	(10,   13.0,   93.0)	(10,   78.0,  171.0)	(10,   52.0,  223.0)	(10,   58.0,  281.0)	(10,   21.0,  302.0)	(10,   33.0,  335.0)	(10,   11.0,  346.0)	(10,   27.0,  416.0)	pi= 304.0	di= 461.0	wi=   1.2	Pal=   0.0	profit=304.000000
(13,   44.0,   64.0)	(13,   41.0,  121.0)	(13,    3.0,  124.0)	(13,   43.0,  214.0)	(13,   20.0,  243.0)	(13,   16.0,  297.0)	(13,   60.0,  362.0)	(13,   54.0,  416.0)	(13,   79.0,  495.0)	(13,   74.0,  569.0)	pi= 411.0	di= 396.0	wi=   1.0	Pal= 173.0	profit=238.000000
(28,   34.0,   98.0)	(28,   30.0,  151.0)	(28,   98.0,  249.0)	(28,   63.0,  312.0)	(28,    7.0,  319.0)	(28,   66.0,  385.0)	(28,   37.0,  422.0)	(28,   76.0,  498.0)	(28,   64.0,  562.0)	(28,   48.0,  617.0)	pi= 485.0	di= 533.0	wi=   1.3	Pal= 109.2	profit=375.800000
(4,   29.0,  127.0)	(4,   82.0,  233.0)	(4,   53.0,  302.0)	(4,    3.0,  315.0)	(4,   41.0,  360.0)	(4,   71.0,  456.0)	(4,   87.0,  543.0)	(4,   89.0,  632.0)	(4,   77.0,  709.0)	(4,   42.0,  751.0)	pi= 288.0	di= 753.0	wi=   1.3	Pal=   0.0	profit=288.000000
(6,   77.0,  204.0)	(6,   65.0,  298.0)	(6,   42.0,  344.0)	(6,   71.0,  415.0)	(6,   89.0,  504.0)	(6,   41.0,  545.0)	(6,   85.0,  630.0)	(6,   36.0,  668.0)	(6,   12.0,  721.0)	(6,   95.0,  846.0)	pi= 411.0	di= 896.0	wi=   0.7	Pal=   0.0	profit=411.000000
(20,   97.0,  301.0)	(20,   15.0,  316.0)	(20,   15.0,  359.0)	(20,   16.0,  431.0)	(20,   35.0,  539.0)	(20,   94.0,  639.0)	(20,   98.0,  737.0)	(20,   28.0,  765.0)	(20,   98.0,  863.0)	(20,   87.0,  950.0)	pi= 463.0	di= 867.0	wi=   1.0	Pal=  83.0	profit=380.000000
(5,   68.0,  369.0)	(5,   46.0,  415.0)	(5,   48.0,  463.0)	(5,   89.0,  552.0)	(5,    7.0,  559.0)	(5,   33.0,  672.0)	(5,   47.0,  784.0)	(5,   72.0,  856.0)	(5,   33.0,  896.0)	(5,   68.0, 1018.0)	pi= 482.0	di=1072.0	wi=   0.9	Pal=   0.0	profit=482.000000
(12,   51.0,  420.0)	(12,   26.0,  446.0)	(12,   99.0,  562.0)	(12,    9.0,  571.0)	(12,   94.0,  665.0)	(12,   33.0,  705.0)	(12,   61.0,  845.0)	(12,   14.0,  870.0)	(12,   58.0,  954.0)	(12,   13.0, 1031.0)	pi= 292.0	di=1046.0	wi=   0.7	Pal=   0.0	profit=292.000000
(0,   27.0,  447.0)	(0,   83.0,  530.0)	(0,   58.0,  620.0)	(0,    6.0,  626.0)	(0,   79.0,  744.0)	(0,   24.0,  768.0)	(0,    2.0,  847.0)	(0,   61.0,  931.0)	(0,   46.0, 1000.0)	(0,   57.0, 1088.0)	pi= 302.0	di=1126.0	wi=   0.9	Pal=   0.0	profit=302.000000
(9,   19.0,  466.0)	(9,   98.0,  628.0)	(9,   52.0,  680.0)	(9,   70.0,  750.0)	(9,   75.0,  825.0)	(9,   16.0,  841.0)	(9,   74.0,  921.0)	(9,   58.0,  989.0)	(9,   76.0, 1076.0)	(9,   45.0, 1133.0)	pi= 142.0	di=1149.0	wi=   0.9	Pal=   0.0	profit=142.000000
(22,   23.0,  489.0)	(22,  100.0,  728.0)	(22,    5.0,  733.0)	(22,   96.0,  846.0)	(22,   30.0,  876.0)	(22,   88.0,  964.0)	(22,   43.0, 1007.0)	(22,    4.0, 1011.0)	(22,   63.0, 1139.0)	(22,   30.0, 1169.0)	pi= 428.0	di=1175.0	wi=   0.9	Pal=   0.0	profit=428.000000
(21,   32.0,  521.0)	(21,   98.0,  826.0)	(21,   43.0,  869.0)	(21,    0.0,  869.0)	(21,   18.0,  894.0)	(21,   20.0,  984.0)	(21,   31.0, 1038.0)	(21,   57.0, 1095.0)	(21,   40.0, 1179.0)	(21,   55.0, 1234.0)	pi=  98.0	di=1201.0	wi=   0.9	Pal=  29.7	profit=68.300000
(23,   43.0,  564.0)	(23,    4.0,  830.0)	(23,   35.0,  904.0)	(23,   96.0, 1000.0)	(23,    0.0, 1000.0)	(23,   50.0, 1050.0)	(23,   95.0, 1145.0)	(23,   48.0, 1193.0)	(23,   69.0, 1262.0)	(23,   99.0, 1361.0)	pi= 259.0	di=1347.0	wi=   1.2	Pal=  16.8	profit=242.200000
(14,   70.0,  634.0)	(14,   28.0,  858.0)	(14,  100.0, 1004.0)	(14,   42.0, 1046.0)	(14,  100.0, 1146.0)	(14,   67.0, 1213.0)	(14,   14.0, 1227.0)	(14,   69.0, 1296.0)	(14,   13.0, 1309.0)	(14,   93.0, 1454.0)	pi= 210.0	di=1554.0	wi=   0.7	Pal=   0.0	profit=210.000000
max Profit=4646.300000 
