Order ID	Pi	di	wi	accepted	devery	delayed	Profit
0	 287.0	 363.0	   0.9	1	 291.0	0	287.000000
1	 462.0	 207.0	   1.3	1	  68.0	0	462.000000
2	  27.0	 841.0	   1.4	0
3	 255.0	 206.0	   0.7	0
4	 394.0	 356.0	   0.7	1	 380.0	1	377.200000
5	 463.0	 953.0	   0.9	1	 905.0	0	463.000000
6	 323.0	 534.0	   0.6	1	 582.0	1	294.200000
7	 115.0	1031.0	   0.9	1	1000.0	0	115.000000
8	 214.0	 122.0	   1.4	0
9	 307.0	1261.0	   1.2	1	1219.0	0	307.000000
10	  52.0	 891.0	   1.4	1	 821.0	0	52.000000
11	  26.0	 685.0	   1.3	0
12	 461.0	 779.0	   0.6	1	 767.0	0	461.000000
13	 340.0	1396.0	   1.0	1	1369.0	0	340.000000
14	 373.0	1062.0	   1.5	1	1050.0	0	373.000000
15	 431.0	1093.0	   0.7	1	 787.0	0	431.000000
16	  96.0	 563.0	   1.2	1	 202.0	0	96.000000
17	 265.0	 519.0	   1.5	1	 465.0	0	265.000000
18	  53.0	1268.0	   1.2	1	1230.0	0	53.000000
19	 318.0	  74.0	   1.2	0
20	 246.0	 448.0	   0.8	0
21	 404.0	1290.0	   1.5	1	1257.0	0	404.000000
22	 281.0	 583.0	   1.3	1	 672.0	1	165.300000
23	 307.0	 300.0	   0.8	1	 303.0	1	304.600000
24	 489.0	 553.0	   1.4	1	 558.0	1	482.000000
25	 116.0	1242.0	   0.7	1	1197.0	0	116.000000
26	  23.0	 272.0	   0.5	0
27	  64.0	1152.0	   1.4	1	1084.0	0	64.000000
28	 166.0	 256.0	   1.4	0
29	 254.0	 475.0	   0.5	1	 448.0	0	254.000000
------Order Sequence(ID)-------------------------------
1	1	1	1	1	
16	16	16	16	16	
0	0	0	0	0	
23	23	23	23	23	
4	4	4	4	4	
29	29	29	29	29	
17	17	17	17	17	
24	24	24	24	24	
6	6	6	6	6	
22	22	22	22	22	
12	12	12	12	12	
15	15	15	15	15	
10	10	10	10	10	
5	5	5	5	5	
7	7	7	7	7	
14	14	14	14	14	
27	27	27	27	27	
25	25	25	25	25	
9	9	9	9	9	
18	18	18	18	18	
21	21	21	21	21	
13	13	13	13	13	
------Finished time(ID)-------------------------------
(1,    0.0,    0.0)	(1,    5.0,    5.0)	(1,   15.0,   20.0)	(1,   33.0,   53.0)	(1,   15.0,   68.0)	pi= 462.0	di= 207.0	wi=   1.3	Pal=   0.0	profit=462.000000
(16,   18.0,   18.0)	(16,   12.0,   30.0)	(16,   80.0,  110.0)	(16,   46.0,  156.0)	(16,   46.0,  202.0)	pi=  96.0	di= 563.0	wi=   1.2	Pal=   0.0	profit=96.000000
(0,   27.0,   45.0)	(0,   54.0,   99.0)	(0,   44.0,  154.0)	(0,   94.0,  250.0)	(0,   41.0,  291.0)	pi= 287.0	di= 363.0	wi=   0.9	Pal=   0.0	profit=287.000000
(23,   44.0,   89.0)	(23,    6.0,  105.0)	(23,   48.0,  202.0)	(23,   21.0,  271.0)	(23,   12.0,  303.0)	pi= 307.0	di= 300.0	wi=   0.8	Pal=   2.4	profit=304.600000
(4,   66.0,  155.0)	(4,   43.0,  198.0)	(4,   91.0,  293.0)	(4,   29.0,  322.0)	(4,   58.0,  380.0)	pi= 394.0	di= 356.0	wi=   0.7	Pal=  16.8	profit=377.200000
(29,   24.0,  179.0)	(29,   80.0,  278.0)	(29,   27.0,  320.0)	(29,   86.0,  408.0)	(29,   40.0,  448.0)	pi= 254.0	di= 475.0	wi=   0.5	Pal=   0.0	profit=254.000000
(17,   96.0,  275.0)	(17,   10.0,  288.0)	(17,   81.0,  401.0)	(17,   45.0,  453.0)	(17,   12.0,  465.0)	pi= 265.0	di= 519.0	wi=   1.5	Pal=   0.0	profit=265.000000
(24,   46.0,  321.0)	(24,   47.0,  368.0)	(24,   16.0,  417.0)	(24,   28.0,  481.0)	(24,   77.0,  558.0)	pi= 489.0	di= 553.0	wi=   1.4	Pal=   7.0	profit=482.000000
(6,    1.0,  322.0)	(6,   47.0,  415.0)	(6,   81.0,  498.0)	(6,   52.0,  550.0)	(6,   24.0,  582.0)	pi= 323.0	di= 534.0	wi=   0.6	Pal=  28.8	profit=294.200000
(22,   97.0,  419.0)	(22,   58.0,  477.0)	(22,   84.0,  582.0)	(22,   65.0,  647.0)	(22,   25.0,  672.0)	pi= 281.0	di= 583.0	wi=   1.3	Pal= 115.7	profit=165.300000
(12,   43.0,  462.0)	(12,   25.0,  502.0)	(12,   51.0,  633.0)	(12,   67.0,  714.0)	(12,   53.0,  767.0)	pi= 461.0	di= 779.0	wi=   0.6	Pal=   0.0	profit=461.000000
(15,   33.0,  495.0)	(15,   96.0,  598.0)	(15,   62.0,  695.0)	(15,    2.0,  716.0)	(15,   20.0,  787.0)	pi= 431.0	di=1093.0	wi=   0.7	Pal=   0.0	profit=431.000000
(10,   52.0,  547.0)	(10,   79.0,  677.0)	(10,   33.0,  728.0)	(10,   65.0,  793.0)	(10,   28.0,  821.0)	pi=  52.0	di= 891.0	wi=   1.4	Pal=   0.0	profit=52.000000
(5,   36.0,  583.0)	(5,   70.0,  747.0)	(5,    9.0,  756.0)	(5,   64.0,  857.0)	(5,   48.0,  905.0)	pi= 463.0	di= 953.0	wi=   0.9	Pal=   0.0	profit=463.000000
(7,   73.0,  656.0)	(7,    7.0,  754.0)	(7,   88.0,  844.0)	(7,   59.0,  916.0)	(7,   84.0, 1000.0)	pi= 115.0	di=1031.0	wi=   0.9	Pal=   0.0	profit=115.000000
(14,   48.0,  704.0)	(14,   17.0,  771.0)	(14,   15.0,  859.0)	(14,   66.0,  982.0)	(14,   50.0, 1050.0)	pi= 373.0	di=1062.0	wi=   1.5	Pal=   0.0	profit=373.000000
(27,   51.0,  755.0)	(27,   92.0,  863.0)	(27,   70.0,  933.0)	(27,   43.0, 1025.0)	(27,   34.0, 1084.0)	pi=  64.0	di=1152.0	wi=   1.4	Pal=   0.0	profit=64.000000
(25,   76.0,  831.0)	(25,  100.0,  963.0)	(25,   68.0, 1031.0)	(25,   85.0, 1116.0)	(25,   81.0, 1197.0)	pi= 116.0	di=1242.0	wi=   0.7	Pal=   0.0	profit=116.000000
(9,   22.0,  853.0)	(9,   53.0, 1016.0)	(9,   53.0, 1084.0)	(9,   20.0, 1136.0)	(9,   22.0, 1219.0)	pi= 307.0	di=1261.0	wi=   1.2	Pal=   0.0	profit=307.000000
(18,   31.0,  884.0)	(18,   48.0, 1064.0)	(18,   11.0, 1095.0)	(18,   34.0, 1170.0)	(18,   11.0, 1230.0)	pi=  53.0	di=1268.0	wi=   1.2	Pal=   0.0	profit=53.000000
(21,   71.0,  955.0)	(21,   38.0, 1102.0)	(21,   57.0, 1159.0)	(21,   79.0, 1249.0)	(21,    8.0, 1257.0)	pi= 404.0	di=1290.0	wi=   1.5	Pal=   0.0	profit=404.000000
(13,   21.0,  976.0)	(13,   11.0, 1113.0)	(13,   79.0, 1238.0)	(13,   55.0, 1304.0)	(13,   65.0, 1369.0)	pi= 340.0	di=1396.0	wi=   1.0	Pal=   0.0	profit=340.000000
max Profit=6166.300000 
