Order ID	Pi	di	wi	accepted	devery	delayed	Profit
0	  80.0	 238.0	   1.2	0
1	 462.0	 250.0	   0.9	1	 151.0	0	462.000000
2	  80.0	1067.0	   1.5	1	 555.0	0	80.000000
3	 202.0	1227.0	   1.1	1	1244.0	1	183.300000
4	 136.0	 145.0	   1.4	0
5	 171.0	 887.0	   0.8	1	 896.0	1	163.800000
6	 314.0	 669.0	   1.5	1	 592.0	0	314.000000
7	 287.0	 921.0	   1.1	1	 931.0	1	276.000000
8	 499.0	1167.0	   0.8	1	1111.0	0	499.000000
9	  97.0	1130.0	   0.6	0
10	 323.0	 211.0	   1.0	1	 187.0	0	323.000000
11	 407.0	 847.0	   1.2	1	 725.0	0	407.000000
12	 433.0	 847.0	   1.4	1	 837.0	0	433.000000
13	  11.0	1222.0	   1.5	0
14	 428.0	1141.0	   0.5	1	1265.0	1	366.000000
15	 282.0	 992.0	   1.2	1	 820.0	0	282.000000
16	 322.0	 336.0	   1.1	1	  89.0	0	322.000000
17	 413.0	 317.0	   1.5	1	 300.0	0	413.000000
18	 249.0	 521.0	   1.5	1	 523.0	1	246.000000
19	 410.0	1062.0	   1.2	1	1080.0	1	388.400000
20	  60.0	  40.0	   1.4	0
21	  53.0	 138.0	   0.6	0
22	 374.0	 503.0	   1.5	1	 489.0	0	374.000000
23	  87.0	 187.0	   1.0	0
24	 257.0	1137.0	   1.2	1	1136.0	0	257.000000
25	 388.0	 351.0	   1.1	1	 374.0	1	362.700000
26	 398.0	 322.0	   0.9	1	 472.0	1	263.000000
27	 383.0	 187.0	   1.2	1	 209.0	1	356.600000
28	 192.0	 731.0	   0.8	1	 648.0	0	192.000000
29	  75.0	 927.0	   0.6	1	 719.0	0	75.000000
------Order Sequence(ID)-------------------------------
16	16	16	
1	1	1	
10	10	10	
27	27	27	
17	17	17	
25	25	25	
26	26	26	
22	22	22	
18	18	18	
2	2	2	
6	6	6	
28	28	28	
29	29	29	
11	11	11	
15	15	15	
12	12	12	
5	5	5	
7	7	7	
19	19	19	
8	8	8	
24	24	24	
3	3	3	
14	14	14	
------Finished time(ID)-------------------------------
(16,    3.0,    3.0)	(16,   10.0,   13.0)	(16,   76.0,   89.0)	pi= 322.0	di= 336.0	wi=   1.1	Pal=   0.0	profit=322.000000
(1,   15.0,   18.0)	(1,   23.0,   41.0)	(1,   62.0,  151.0)	pi= 462.0	di= 250.0	wi=   0.9	Pal=   0.0	profit=462.000000
(10,   16.0,   34.0)	(10,   67.0,  108.0)	(10,   36.0,  187.0)	pi= 323.0	di= 211.0	wi=   1.0	Pal=   0.0	profit=323.000000
(27,   81.0,  115.0)	(27,   83.0,  198.0)	(27,   11.0,  209.0)	pi= 383.0	di= 187.0	wi=   1.2	Pal=  26.4	profit=356.600000
(17,   21.0,  136.0)	(17,    5.0,  203.0)	(17,   91.0,  300.0)	pi= 413.0	di= 317.0	wi=   1.5	Pal=   0.0	profit=413.000000
(25,   14.0,  150.0)	(25,    3.0,  206.0)	(25,   74.0,  374.0)	pi= 388.0	di= 351.0	wi=   1.1	Pal=  25.3	profit=362.700000
(26,   79.0,  229.0)	(26,   66.0,  295.0)	(26,   98.0,  472.0)	pi= 398.0	di= 322.0	wi=   0.9	Pal= 135.0	profit=263.000000
(22,   40.0,  269.0)	(22,   52.0,  347.0)	(22,   17.0,  489.0)	pi= 374.0	di= 503.0	wi=   1.5	Pal=   0.0	profit=374.000000
(18,   82.0,  351.0)	(18,   50.0,  401.0)	(18,   34.0,  523.0)	pi= 249.0	di= 521.0	wi=   1.5	Pal=   3.0	profit=246.000000
(2,   12.0,  363.0)	(2,   55.0,  456.0)	(2,   32.0,  555.0)	pi=  80.0	di=1067.0	wi=   1.5	Pal=   0.0	profit=80.000000
(6,   72.0,  435.0)	(6,   75.0,  531.0)	(6,   37.0,  592.0)	pi= 314.0	di= 669.0	wi=   1.5	Pal=   0.0	profit=314.000000
(28,   96.0,  531.0)	(28,   80.0,  611.0)	(28,   37.0,  648.0)	pi= 192.0	di= 731.0	wi=   0.8	Pal=   0.0	profit=192.000000
(29,    7.0,  538.0)	(29,    1.0,  612.0)	(29,   71.0,  719.0)	pi=  75.0	di= 927.0	wi=   0.6	Pal=   0.0	profit=75.000000
(11,    3.0,  541.0)	(11,   11.0,  623.0)	(11,    6.0,  725.0)	pi= 407.0	di= 847.0	wi=   1.2	Pal=   0.0	profit=407.000000
(15,   87.0,  628.0)	(15,  100.0,  728.0)	(15,   92.0,  820.0)	pi= 282.0	di= 992.0	wi=   1.2	Pal=   0.0	profit=282.000000
(12,   61.0,  689.0)	(12,   55.0,  783.0)	(12,   17.0,  837.0)	pi= 433.0	di= 847.0	wi=   1.4	Pal=   0.0	profit=433.000000
(5,   70.0,  759.0)	(5,   81.0,  864.0)	(5,   32.0,  896.0)	pi= 171.0	di= 887.0	wi=   0.8	Pal=   7.2	profit=163.800000
(7,   97.0,  856.0)	(7,   65.0,  929.0)	(7,    2.0,  931.0)	pi= 287.0	di= 921.0	wi=   1.1	Pal=  11.0	profit=276.000000
(19,   33.0,  889.0)	(19,   65.0,  994.0)	(19,   86.0, 1080.0)	pi= 410.0	di=1062.0	wi=   1.2	Pal=  21.6	profit=388.400000
(8,   49.0,  938.0)	(8,   12.0, 1006.0)	(8,   31.0, 1111.0)	pi= 499.0	di=1167.0	wi=   0.8	Pal=   0.0	profit=499.000000
(24,    4.0,  942.0)	(24,   82.0, 1088.0)	(24,   25.0, 1136.0)	pi= 257.0	di=1137.0	wi=   1.2	Pal=   0.0	profit=257.000000
(3,   89.0, 1031.0)	(3,   82.0, 1170.0)	(3,   74.0, 1244.0)	pi= 202.0	di=1227.0	wi=   1.1	Pal=  18.7	profit=183.300000
(14,    4.0, 1035.0)	(14,   70.0, 1240.0)	(14,   21.0, 1265.0)	pi= 428.0	di=1141.0	wi=   0.5	Pal=  62.0	profit=366.000000
max Profit=7038.800000 
