Order ID	Pi	di	wi	accepted	devery	delayed	Profit
0	 184.0	1270.0	   1.5	1	 582.0	0	184.000000
1	 425.0	  48.0	   1.5	0
2	 129.0	 489.0	   0.6	1	 408.0	0	129.000000
3	 160.0	 415.0	   0.5	0
4	 452.0	1551.0	   0.9	1	1478.0	0	452.000000
5	 199.0	 941.0	   1.5	1	 669.0	0	199.000000
6	 262.0	 813.0	   1.0	1	 469.0	0	262.000000
7	 487.0	 836.0	   0.7	1	 814.0	0	487.000000
8	 137.0	 598.0	   1.2	1	 525.0	0	137.000000
9	 484.0	1107.0	   0.6	1	1073.0	0	484.000000
10	 190.0	1397.0	   0.6	1	1316.0	0	190.000000
11	 499.0	1637.0	   0.9	1	1463.0	0	499.000000
12	 447.0	1440.0	   1.4	1	1378.0	0	447.000000
13	 185.0	 385.0	   1.1	1	 350.0	0	185.000000
14	  89.0	 696.0	   1.0	1	 293.0	0	89.000000
15	 162.0	  84.0	   1.0	0
16	  43.0	 941.0	   1.3	1	 475.0	0	43.000000
17	 299.0	1388.0	   0.8	1	1143.0	0	299.000000
18	 391.0	 116.0	   1.4	1	 215.0	1	252.400000
19	 235.0	 911.0	   0.6	1	 734.0	0	235.000000
20	 468.0	1359.0	   1.4	1	1239.0	0	468.000000
21	 440.0	 328.0	   1.4	1	 293.0	0	440.000000
22	   8.0	 953.0	   0.6	1	 584.0	0	8.000000
23	 369.0	1012.0	   1.3	1	 902.0	0	369.000000
24	 296.0	1312.0	   1.5	1	1002.0	0	296.000000
25	 326.0	 995.0	   0.9	1	 983.0	0	326.000000
26	  76.0	 202.0	   0.9	1	 220.0	1	59.800000
27	 447.0	1385.0	   1.2	1	1210.0	0	447.000000
28	 432.0	 333.0	   0.8	1	 326.0	0	432.000000
29	 328.0	  50.0	   0.6	1	 131.0	1	279.400000
------Order Sequence(ID)-------------------------------
29	29	29	
18	18	18	
26	26	26	
14	14	14	
21	21	21	
28	28	28	
13	13	13	
2	2	2	
6	6	6	
16	16	16	
8	8	8	
0	0	0	
22	22	22	
5	5	5	
19	19	19	
7	7	7	
23	23	23	
25	25	25	
24	24	24	
9	9	9	
17	17	17	
27	27	27	
20	20	20	
10	10	10	
12	12	12	
11	11	11	
4	4	4	
------Finished time(ID)-------------------------------
(29,   32.0,   32.0)	(29,   28.0,   60.0)	(29,   71.0,  131.0)	pi= 328.0	di=  50.0	wi=   0.6	Pal=  48.6	profit=279.400000
(18,   59.0,   91.0)	(18,   80.0,  171.0)	(18,   44.0,  215.0)	pi= 391.0	di= 116.0	wi=   1.4	Pal= 138.6	profit=252.400000
(26,    4.0,   95.0)	(26,   49.0,  220.0)	(26,    0.0,  220.0)	pi=  76.0	di= 202.0	wi=   0.9	Pal=  16.2	profit=59.800000
(14,   19.0,  114.0)	(14,   10.0,  230.0)	(14,   63.0,  293.0)	pi=  89.0	di= 696.0	wi=   1.0	Pal=   0.0	profit=89.000000
(21,   73.0,  187.0)	(21,   44.0,  274.0)	(21,    0.0,  293.0)	pi= 440.0	di= 328.0	wi=   1.4	Pal=   0.0	profit=440.000000
(28,   49.0,  236.0)	(28,    8.0,  282.0)	(28,   33.0,  326.0)	pi= 432.0	di= 333.0	wi=   0.8	Pal=   0.0	profit=432.000000
(13,   28.0,  264.0)	(13,   27.0,  309.0)	(13,   24.0,  350.0)	pi= 185.0	di= 385.0	wi=   1.1	Pal=   0.0	profit=185.000000
(2,   47.0,  311.0)	(2,   53.0,  364.0)	(2,   44.0,  408.0)	pi= 129.0	di= 489.0	wi=   0.6	Pal=   0.0	profit=129.000000
(6,   11.0,  322.0)	(6,   42.0,  406.0)	(6,   61.0,  469.0)	pi= 262.0	di= 813.0	wi=   1.0	Pal=   0.0	profit=262.000000
(16,   16.0,  338.0)	(16,   18.0,  424.0)	(16,    6.0,  475.0)	pi=  43.0	di= 941.0	wi=   1.3	Pal=   0.0	profit=43.000000
(8,   74.0,  412.0)	(8,   47.0,  471.0)	(8,   50.0,  525.0)	pi= 137.0	di= 598.0	wi=   1.2	Pal=   0.0	profit=137.000000
(0,    3.0,  415.0)	(0,    1.0,  472.0)	(0,   57.0,  582.0)	pi= 184.0	di=1270.0	wi=   1.5	Pal=   0.0	profit=184.000000
(22,   47.0,  462.0)	(22,   36.0,  508.0)	(22,    2.0,  584.0)	pi=   8.0	di= 953.0	wi=   0.6	Pal=   0.0	profit=8.000000
(5,   30.0,  492.0)	(5,   87.0,  595.0)	(5,   74.0,  669.0)	pi= 199.0	di= 941.0	wi=   1.5	Pal=   0.0	profit=199.000000
(19,   31.0,  523.0)	(19,   87.0,  682.0)	(19,   52.0,  734.0)	pi= 235.0	di= 911.0	wi=   0.6	Pal=   0.0	profit=235.000000
(7,   90.0,  613.0)	(7,   37.0,  719.0)	(7,   80.0,  814.0)	pi= 487.0	di= 836.0	wi=   0.7	Pal=   0.0	profit=487.000000
(23,   93.0,  706.0)	(23,   47.0,  766.0)	(23,   88.0,  902.0)	pi= 369.0	di=1012.0	wi=   1.3	Pal=   0.0	profit=369.000000
(25,   32.0,  738.0)	(25,   23.0,  789.0)	(25,   81.0,  983.0)	pi= 326.0	di= 995.0	wi=   0.9	Pal=   0.0	profit=326.000000
(24,   62.0,  800.0)	(24,   86.0,  886.0)	(24,   19.0, 1002.0)	pi= 296.0	di=1312.0	wi=   1.5	Pal=   0.0	profit=296.000000
(9,   56.0,  856.0)	(9,   95.0,  981.0)	(9,   71.0, 1073.0)	pi= 484.0	di=1107.0	wi=   0.6	Pal=   0.0	profit=484.000000
(17,   95.0,  951.0)	(17,   33.0, 1014.0)	(17,   70.0, 1143.0)	pi= 299.0	di=1388.0	wi=   0.8	Pal=   0.0	profit=299.000000
(27,   35.0,  986.0)	(27,   72.0, 1086.0)	(27,   67.0, 1210.0)	pi= 447.0	di=1385.0	wi=   1.2	Pal=   0.0	profit=447.000000
(20,   79.0, 1065.0)	(20,   30.0, 1116.0)	(20,   29.0, 1239.0)	pi= 468.0	di=1359.0	wi=   1.4	Pal=   0.0	profit=468.000000
(10,   42.0, 1107.0)	(10,   48.0, 1164.0)	(10,   77.0, 1316.0)	pi= 190.0	di=1397.0	wi=   0.6	Pal=   0.0	profit=190.000000
(12,   67.0, 1174.0)	(12,   85.0, 1259.0)	(12,   62.0, 1378.0)	pi= 447.0	di=1440.0	wi=   1.4	Pal=   0.0	profit=447.000000
(11,   82.0, 1256.0)	(11,   48.0, 1307.0)	(11,   85.0, 1463.0)	pi= 499.0	di=1637.0	wi=   0.9	Pal=   0.0	profit=499.000000
(4,   16.0, 1272.0)	(4,   20.0, 1327.0)	(4,   15.0, 1478.0)	pi= 452.0	di=1551.0	wi=   0.9	Pal=   0.0	profit=452.000000
max Profit=7698.600000 
