Order ID	Pi	di	wi	accepted	devery	delayed	Profit
0	 285.0	 816.0	   0.7	1	 846.0	1	264.000000
1	 243.0	1227.0	   0.7	1	1230.0	1	240.900000
2	 339.0	 566.0	   0.7	1	 576.0	1	332.000000
3	  43.0	1187.0	   1.4	1	1192.0	1	36.000000
4	 487.0	 278.0	   1.3	1	 288.0	1	474.000000
5	 201.0	 949.0	   1.0	1	 948.0	0	201.000000
6	 360.0	 632.0	   0.9	1	 656.0	1	338.400000
7	 388.0	 822.0	   1.0	1	 685.0	0	388.000000
8	 408.0	 576.0	   0.7	1	 471.0	0	408.000000
9	  28.0	 741.0	   1.0	0
10	 327.0	  19.0	   1.1	0
11	 338.0	 605.0	   1.0	1	 601.0	0	338.000000
12	 233.0	 216.0	   1.5	0
13	 460.0	 373.0	   0.8	1	 233.0	0	460.000000
14	 278.0	 602.0	   1.4	1	 370.0	0	278.000000
15	  65.0	 370.0	   0.7	0
16	  78.0	 951.0	   1.2	0
17	 376.0	 346.0	   1.0	1	 218.0	0	376.000000
18	 377.0	1342.0	   0.7	1	1280.0	0	377.000000
19	  48.0	 494.0	   1.0	0
20	 215.0	  45.0	   1.2	0
21	 227.0	 266.0	   0.6	0
22	 192.0	 301.0	   0.5	0
23	 124.0	 167.0	   1.3	0
24	 230.0	 803.0	   1.2	1	 555.0	0	230.000000
25	 437.0	 974.0	   0.7	1	1056.0	1	379.600000
26	  77.0	 295.0	   0.9	0
27	 150.0	1144.0	   0.6	1	1150.0	1	146.400000
28	 273.0	1077.0	   1.1	1	 929.0	0	273.000000
29	 152.0	 767.0	   0.9	1	 786.0	1	134.900000
------Order Sequence(ID)-------------------------------
17	17	17	17	17	
13	13	13	13	13	
4	4	4	4	4	
14	14	14	14	14	
8	8	8	8	8	
24	24	24	24	24	
2	2	2	2	2	
11	11	11	11	11	
6	6	6	6	6	
7	7	7	7	7	
29	29	29	29	29	
0	0	0	0	0	
28	28	28	28	28	
5	5	5	5	5	
25	25	25	25	25	
27	27	27	27	27	
3	3	3	3	3	
1	1	1	1	1	
18	18	18	18	18	
------Finished time(ID)-------------------------------
(17,   11.0,   11.0)	(17,   46.0,   57.0)	(17,   26.0,   83.0)	(17,   64.0,  147.0)	(17,   71.0,  218.0)	pi= 376.0	di= 346.0	wi=   1.0	Pal=   0.0	profit=376.000000
(13,   42.0,   53.0)	(13,   41.0,   98.0)	(13,   48.0,  146.0)	(13,   61.0,  208.0)	(13,   15.0,  233.0)	pi= 460.0	di= 373.0	wi=   0.8	Pal=   0.0	profit=460.000000
(4,   40.0,   93.0)	(4,   50.0,  148.0)	(4,   79.0,  227.0)	(4,   38.0,  265.0)	(4,   23.0,  288.0)	pi= 487.0	di= 278.0	wi=   1.3	Pal=  13.0	profit=474.000000
(14,   36.0,  129.0)	(14,   80.0,  228.0)	(14,    6.0,  234.0)	(14,   87.0,  352.0)	(14,   18.0,  370.0)	pi= 278.0	di= 602.0	wi=   1.4	Pal=   0.0	profit=278.000000
(8,   81.0,  210.0)	(8,   18.0,  246.0)	(8,   62.0,  308.0)	(8,   57.0,  409.0)	(8,   62.0,  471.0)	pi= 408.0	di= 576.0	wi=   0.7	Pal=   0.0	profit=408.000000
(24,   17.0,  227.0)	(24,   72.0,  318.0)	(24,   88.0,  406.0)	(24,   86.0,  495.0)	(24,   60.0,  555.0)	pi= 230.0	di= 803.0	wi=   1.2	Pal=   0.0	profit=230.000000
(2,   37.0,  264.0)	(2,   84.0,  402.0)	(2,  100.0,  506.0)	(2,    5.0,  511.0)	(2,   21.0,  576.0)	pi= 339.0	di= 566.0	wi=   0.7	Pal=   7.0	profit=332.000000
(11,   66.0,  330.0)	(11,   44.0,  446.0)	(11,    0.0,  506.0)	(11,   74.0,  585.0)	(11,   16.0,  601.0)	pi= 338.0	di= 605.0	wi=   1.0	Pal=   0.0	profit=338.000000
(6,   23.0,  353.0)	(6,   98.0,  544.0)	(6,   10.0,  554.0)	(6,   17.0,  602.0)	(6,   54.0,  656.0)	pi= 360.0	di= 632.0	wi=   0.9	Pal=  21.6	profit=338.400000
(7,   43.0,  396.0)	(7,   15.0,  559.0)	(7,   31.0,  590.0)	(7,   82.0,  684.0)	(7,    1.0,  685.0)	pi= 388.0	di= 822.0	wi=   1.0	Pal=   0.0	profit=388.000000
(29,   25.0,  421.0)	(29,   58.0,  617.0)	(29,   30.0,  647.0)	(29,   97.0,  781.0)	(29,    5.0,  786.0)	pi= 152.0	di= 767.0	wi=   0.9	Pal=  17.1	profit=134.900000
(0,   94.0,  515.0)	(0,   45.0,  662.0)	(0,   93.0,  755.0)	(0,   18.0,  799.0)	(0,   47.0,  846.0)	pi= 285.0	di= 816.0	wi=   0.7	Pal=  21.0	profit=264.000000
(28,   90.0,  605.0)	(28,    9.0,  671.0)	(28,    0.0,  755.0)	(28,   22.0,  821.0)	(28,   83.0,  929.0)	pi= 273.0	di=1077.0	wi=   1.1	Pal=   0.0	profit=273.000000
(5,   42.0,  647.0)	(5,    8.0,  679.0)	(5,   36.0,  791.0)	(5,   28.0,  849.0)	(5,   19.0,  948.0)	pi= 201.0	di= 949.0	wi=   1.0	Pal=   0.0	profit=201.000000
(25,   56.0,  703.0)	(25,   96.0,  799.0)	(25,   95.0,  894.0)	(25,  100.0,  994.0)	(25,   62.0, 1056.0)	pi= 437.0	di= 974.0	wi=   0.7	Pal=  57.4	profit=379.600000
(27,   84.0,  787.0)	(27,   21.0,  820.0)	(27,   24.0,  918.0)	(27,   61.0, 1055.0)	(27,   94.0, 1150.0)	pi= 150.0	di=1144.0	wi=   0.6	Pal=   3.6	profit=146.400000
(3,   47.0,  834.0)	(3,   91.0,  925.0)	(3,   22.0,  947.0)	(3,   99.0, 1154.0)	(3,   38.0, 1192.0)	pi=  43.0	di=1187.0	wi=   1.4	Pal=   7.0	profit=36.000000
(1,   57.0,  891.0)	(1,   65.0,  990.0)	(1,   97.0, 1087.0)	(1,   67.0, 1221.0)	(1,    9.0, 1230.0)	pi= 243.0	di=1227.0	wi=   0.7	Pal=   2.1	profit=240.900000
(18,   77.0,  968.0)	(18,   60.0, 1050.0)	(18,   99.0, 1186.0)	(18,    1.0, 1222.0)	(18,   50.0, 1280.0)	pi= 377.0	di=1342.0	wi=   0.7	Pal=   0.0	profit=377.000000
max Profit=5675.200000 
