Order ID	Pi	di	wi	accepted	devery	delayed	Profit
0	  83.0	1381.0	   1.5	1	1345.0	0	83.000000
1	 442.0	 220.0	   1.2	0
2	  24.0	 422.0	   1.0	0
3	   9.0	 213.0	   0.7	0
4	 487.0	 705.0	   0.8	1	 790.0	1	419.000000
5	 200.0	1237.0	   0.8	0
6	 460.0	 563.0	   1.2	1	 537.0	0	460.000000
7	 111.0	1003.0	   1.1	0
8	 410.0	1004.0	   0.8	1	 433.0	0	410.000000
9	  58.0	1015.0	   1.1	0
10	 454.0	 142.0	   0.8	0
11	 163.0	1251.0	   1.2	0
12	 266.0	 339.0	   0.8	0
13	 300.0	  24.0	   0.8	0
14	  38.0	 369.0	   1.3	0
15	 385.0	1016.0	   1.4	1	 683.0	0	385.000000
16	 442.0	 799.0	   1.4	1	 771.0	0	442.000000
17	 328.0	1431.0	   0.7	1	1511.0	1	272.000000
18	 445.0	1276.0	   0.5	1	1254.0	0	445.000000
19	 150.0	 581.0	   1.2	0
20	 232.0	1047.0	   1.1	1	1018.0	0	232.000000
21	  85.0	 711.0	   0.6	0
22	 322.0	 892.0	   1.1	1	 887.0	0	322.000000
23	 306.0	1373.0	   1.4	1	1281.0	0	306.000000
24	 432.0	 410.0	   1.0	1	 438.0	1	404.000000
25	 429.0	 919.0	   1.0	1	 970.0	1	378.000000
26	 104.0	 642.0	   1.1	0
27	 155.0	 326.0	   1.3	0
28	 414.0	 878.0	   1.4	1	 979.0	1	272.600000
29	 418.0	1382.0	   0.9	1	1115.0	0	418.000000
------Order Sequence(ID)-------------------------------
8	8	8	8	8	8	8	8	8	8	
24	24	24	24	24	24	24	24	24	24	
6	6	6	6	6	6	6	6	6	6	
15	15	15	15	15	15	15	15	15	15	
16	16	16	16	16	16	16	16	16	16	
4	4	4	4	4	4	4	4	4	4	
22	22	22	22	22	22	22	22	22	22	
25	25	25	25	25	25	25	25	25	25	
28	28	28	28	28	28	28	28	28	28	
20	20	20	20	20	20	20	20	20	20	
29	29	29	29	29	29	29	29	29	29	
18	18	18	18	18	18	18	18	18	18	
23	23	23	23	23	23	23	23	23	23	
0	0	0	0	0	0	0	0	0	0	
17	17	17	17	17	17	17	17	17	17	
------Finished time(ID)-------------------------------
(8,    5.0,    5.0)	(8,   33.0,   38.0)	(8,   57.0,   95.0)	(8,   41.0,  136.0)	(8,   46.0,  182.0)	(8,   43.0,  225.0)	(8,   15.0,  240.0)	(8,   59.0,  299.0)	(8,   45.0,  344.0)	(8,   89.0,  433.0)	pi= 410.0	di=1004.0	wi=   0.8	Pal=   0.0	profit=410.000000
(24,   67.0,   72.0)	(24,   16.0,   88.0)	(24,   45.0,  140.0)	(24,   22.0,  162.0)	(24,   66.0,  248.0)	(24,   58.0,  306.0)	(24,    8.0,  314.0)	(24,   47.0,  361.0)	(24,    9.0,  370.0)	(24,    5.0,  438.0)	pi= 432.0	di= 410.0	wi=   1.0	Pal=  28.0	profit=404.000000
(6,   66.0,  138.0)	(6,   52.0,  190.0)	(6,   70.0,  260.0)	(6,   59.0,  319.0)	(6,   11.0,  330.0)	(6,    3.0,  333.0)	(6,   13.0,  346.0)	(6,   78.0,  439.0)	(6,   93.0,  532.0)	(6,    5.0,  537.0)	pi= 460.0	di= 563.0	wi=   1.2	Pal=   0.0	profit=460.000000
(15,   28.0,  166.0)	(15,    2.0,  192.0)	(15,   15.0,  275.0)	(15,   12.0,  331.0)	(15,   49.0,  380.0)	(15,    6.0,  386.0)	(15,   33.0,  419.0)	(15,   98.0,  537.0)	(15,   91.0,  628.0)	(15,   55.0,  683.0)	pi= 385.0	di=1016.0	wi=   1.4	Pal=   0.0	profit=385.000000
(16,   84.0,  250.0)	(16,   16.0,  266.0)	(16,   47.0,  322.0)	(16,   53.0,  384.0)	(16,   37.0,  421.0)	(16,   48.0,  469.0)	(16,   73.0,  542.0)	(16,   32.0,  574.0)	(16,   76.0,  704.0)	(16,   67.0,  771.0)	pi= 442.0	di= 799.0	wi=   1.4	Pal=   0.0	profit=442.000000
(4,   64.0,  314.0)	(4,    8.0,  322.0)	(4,   23.0,  345.0)	(4,   25.0,  409.0)	(4,   41.0,  462.0)	(4,   95.0,  564.0)	(4,   83.0,  647.0)	(4,   67.0,  714.0)	(4,   37.0,  751.0)	(4,   19.0,  790.0)	pi= 487.0	di= 705.0	wi=   0.8	Pal=  68.0	profit=419.000000
(22,   37.0,  351.0)	(22,    5.0,  356.0)	(22,   33.0,  389.0)	(22,   34.0,  443.0)	(22,   76.0,  538.0)	(22,   91.0,  655.0)	(22,   51.0,  706.0)	(22,   30.0,  744.0)	(22,   46.0,  797.0)	(22,   90.0,  887.0)	pi= 322.0	di= 892.0	wi=   1.1	Pal=   0.0	profit=322.000000
(25,   57.0,  408.0)	(25,   61.0,  469.0)	(25,   81.0,  550.0)	(25,   55.0,  605.0)	(25,    5.0,  610.0)	(25,   67.0,  722.0)	(25,    4.0,  726.0)	(25,   95.0,  839.0)	(25,   60.0,  899.0)	(25,   71.0,  970.0)	pi= 429.0	di= 919.0	wi=   1.0	Pal=  51.0	profit=378.000000
(28,   55.0,  463.0)	(28,    1.0,  470.0)	(28,   15.0,  565.0)	(28,   37.0,  642.0)	(28,   59.0,  701.0)	(28,   50.0,  772.0)	(28,   97.0,  869.0)	(28,   73.0,  942.0)	(28,   21.0,  963.0)	(28,    9.0,  979.0)	pi= 414.0	di= 878.0	wi=   1.4	Pal= 141.4	profit=272.600000
(20,   82.0,  545.0)	(20,   51.0,  596.0)	(20,   99.0,  695.0)	(20,    9.0,  704.0)	(20,   21.0,  725.0)	(20,   84.0,  856.0)	(20,   46.0,  915.0)	(20,   24.0,  966.0)	(20,    5.0,  971.0)	(20,   39.0, 1018.0)	pi= 232.0	di=1047.0	wi=   1.1	Pal=   0.0	profit=232.000000
(29,    8.0,  553.0)	(29,   78.0,  674.0)	(29,   36.0,  731.0)	(29,    6.0,  737.0)	(29,   85.0,  822.0)	(29,   70.0,  926.0)	(29,   54.0,  980.0)	(29,   41.0, 1021.0)	(29,   28.0, 1049.0)	(29,   66.0, 1115.0)	pi= 418.0	di=1382.0	wi=   0.9	Pal=   0.0	profit=418.000000
(18,   82.0,  635.0)	(18,   31.0,  705.0)	(18,    1.0,  732.0)	(18,   10.0,  747.0)	(18,   32.0,  854.0)	(18,   59.0,  985.0)	(18,   54.0, 1039.0)	(18,   31.0, 1070.0)	(18,   87.0, 1157.0)	(18,   97.0, 1254.0)	pi= 445.0	di=1276.0	wi=   0.5	Pal=   0.0	profit=445.000000
(23,   65.0,  700.0)	(23,   17.0,  722.0)	(23,   88.0,  820.0)	(23,   71.0,  891.0)	(23,   68.0,  959.0)	(23,   92.0, 1077.0)	(23,   50.0, 1127.0)	(23,   14.0, 1141.0)	(23,   68.0, 1225.0)	(23,   27.0, 1281.0)	pi= 306.0	di=1373.0	wi=   1.4	Pal=   0.0	profit=306.000000
(0,   62.0,  762.0)	(0,   33.0,  795.0)	(0,   94.0,  914.0)	(0,   61.0,  975.0)	(0,   65.0, 1040.0)	(0,   35.0, 1112.0)	(0,   27.0, 1154.0)	(0,   34.0, 1188.0)	(0,   39.0, 1264.0)	(0,   64.0, 1345.0)	pi=  83.0	di=1381.0	wi=   1.5	Pal=   0.0	profit=83.000000
(17,   23.0,  785.0)	(17,   32.0,  827.0)	(17,    7.0,  921.0)	(17,   19.0,  994.0)	(17,   98.0, 1138.0)	(17,   95.0, 1233.0)	(17,   46.0, 1279.0)	(17,   98.0, 1377.0)	(17,   73.0, 1450.0)	(17,   61.0, 1511.0)	pi= 328.0	di=1431.0	wi=   0.7	Pal=  56.0	profit=272.000000
max Profit=5248.600000 
