Order ID	Pi	di	wi	accepted	devery	delayed	Profit
0	 406.0	1215.0	   1.2	1	1059.0	0	406.000000
1	 202.0	 268.0	   0.8	0
2	 407.0	 375.0	   1.4	1	 129.0	0	407.000000
3	 230.0	 588.0	   1.2	1	 466.0	0	230.000000
4	 239.0	1628.0	   1.3	1	 732.0	0	239.000000
5	 237.0	1185.0	   0.7	0
6	 150.0	 503.0	   1.0	0
7	 165.0	 701.0	   1.1	1	 665.0	0	165.000000
8	 339.0	1660.0	   0.5	1	1294.0	0	339.000000
9	 260.0	 480.0	   1.4	1	 361.0	0	260.000000
10	 217.0	1338.0	   1.1	1	1270.0	0	217.000000
11	  58.0	1155.0	   1.2	1	 643.0	0	58.000000
12	  32.0	1838.0	   1.0	0
13	  49.0	1192.0	   1.0	0
14	 189.0	 825.0	   0.8	1	 531.0	0	189.000000
15	 265.0	1134.0	   0.6	1	 870.0	0	265.000000
16	 375.0	1788.0	   1.3	1	1723.0	0	375.000000
17	 157.0	1544.0	   1.1	1	1453.0	0	157.000000
18	 403.0	1060.0	   0.6	1	 948.0	0	403.000000
19	 258.0	 829.0	   1.0	1	 827.0	0	258.000000
20	 352.0	1296.0	   0.6	1	1172.0	0	352.000000
21	 360.0	1631.0	   1.3	1	1539.0	0	360.000000
22	 465.0	1822.0	   1.4	1	1646.0	0	465.000000
23	 315.0	1439.0	   0.5	1	1395.0	0	315.000000
24	  91.0	 606.0	   0.8	0
25	 143.0	 886.0	   1.4	0
26	 105.0	1394.0	   1.1	0
27	   9.0	1218.0	   1.2	0
28	  55.0	1485.0	   1.2	0
29	 310.0	 304.0	   1.0	1	 278.0	0	310.000000
30	 417.0	 379.0	   1.4	1	 372.0	0	417.000000
31	 221.0	2067.0	   0.8	1	2019.0	0	221.000000
32	 350.0	1042.0	   1.4	1	 957.0	0	350.000000
33	  91.0	1144.0	   1.5	0
34	 287.0	 998.0	   0.7	1	 996.0	0	287.000000
35	 179.0	1985.0	   0.8	1	2002.0	1	165.400000
36	  93.0	1012.0	   0.8	0
37	 356.0	1363.0	   0.6	1	1287.0	0	356.000000
38	  55.0	1842.0	   0.8	0
39	 246.0	 576.0	   0.7	0
40	 500.0	1187.0	   1.1	1	1146.0	0	500.000000
41	 279.0	 587.0	   1.2	1	 563.0	0	279.000000
42	 196.0	1750.0	   0.6	1	1740.0	0	196.000000
43	 434.0	1407.0	   1.0	1	1033.0	0	434.000000
44	 118.0	1825.0	   0.7	1	1843.0	1	105.400000
45	  86.0	  33.0	   1.0	0
46	  85.0	  66.0	   0.7	0
47	 403.0	 269.0	   0.7	1	 169.0	0	403.000000
48	 378.0	 654.0	   0.9	1	 448.0	0	378.000000
49	 227.0	1820.0	   1.1	1	1820.0	0	227.000000
------Order Sequence(ID)-------------------------------
2	2	2	
47	47	47	
29	29	29	
9	9	9	
30	30	30	
48	48	48	
3	3	3	
14	14	14	
41	41	41	
11	11	11	
7	7	7	
4	4	4	
19	19	19	
15	15	15	
18	18	18	
32	32	32	
34	34	34	
43	43	43	
0	0	0	
40	40	40	
20	20	20	
10	10	10	
37	37	37	
8	8	8	
23	23	23	
17	17	17	
21	21	21	
22	22	22	
16	16	16	
42	42	42	
49	49	49	
44	44	44	
35	35	35	
31	31	31	
------Finished time(ID)-------------------------------
(2,   11.0,   11.0)	(2,   41.0,   52.0)	(2,   77.0,  129.0)	pi= 407.0	di= 375.0	wi=   1.4	Pal=   0.0	profit=407.000000
(47,   46.0,   57.0)	(47,   81.0,  138.0)	(47,   31.0,  169.0)	pi= 403.0	di= 269.0	wi=   0.7	Pal=   0.0	profit=403.000000
(29,   72.0,  129.0)	(29,   78.0,  216.0)	(29,   62.0,  278.0)	pi= 310.0	di= 304.0	wi=   1.0	Pal=   0.0	profit=310.000000
(9,   72.0,  201.0)	(9,   62.0,  278.0)	(9,   83.0,  361.0)	pi= 260.0	di= 480.0	wi=   1.4	Pal=   0.0	profit=260.000000
(30,   13.0,  214.0)	(30,   77.0,  355.0)	(30,   11.0,  372.0)	pi= 417.0	di= 379.0	wi=   1.4	Pal=   0.0	profit=417.000000
(48,   39.0,  253.0)	(48,   17.0,  372.0)	(48,   76.0,  448.0)	pi= 378.0	di= 654.0	wi=   0.9	Pal=   0.0	profit=378.000000
(3,   70.0,  323.0)	(3,   21.0,  393.0)	(3,   18.0,  466.0)	pi= 230.0	di= 588.0	wi=   1.2	Pal=   0.0	profit=230.000000
(14,   76.0,  399.0)	(14,   54.0,  453.0)	(14,   65.0,  531.0)	pi= 189.0	di= 825.0	wi=   0.8	Pal=   0.0	profit=189.000000
(41,   75.0,  474.0)	(41,   19.0,  493.0)	(41,   32.0,  563.0)	pi= 279.0	di= 587.0	wi=   1.2	Pal=   0.0	profit=279.000000
(11,   13.0,  487.0)	(11,   45.0,  538.0)	(11,   80.0,  643.0)	pi=  58.0	di=1155.0	wi=   1.2	Pal=   0.0	profit=58.000000
(7,   30.0,  517.0)	(7,   29.0,  567.0)	(7,   22.0,  665.0)	pi= 165.0	di= 701.0	wi=   1.1	Pal=   0.0	profit=165.000000
(4,    0.0,  517.0)	(4,    6.0,  573.0)	(4,   67.0,  732.0)	pi= 239.0	di=1628.0	wi=   1.3	Pal=   0.0	profit=239.000000
(19,   75.0,  592.0)	(19,   83.0,  675.0)	(19,   95.0,  827.0)	pi= 258.0	di= 829.0	wi=   1.0	Pal=   0.0	profit=258.000000
(15,    5.0,  597.0)	(15,   70.0,  745.0)	(15,   43.0,  870.0)	pi= 265.0	di=1134.0	wi=   0.6	Pal=   0.0	profit=265.000000
(18,   68.0,  665.0)	(18,   62.0,  807.0)	(18,   78.0,  948.0)	pi= 403.0	di=1060.0	wi=   0.6	Pal=   0.0	profit=403.000000
(32,   46.0,  711.0)	(32,   81.0,  888.0)	(32,    9.0,  957.0)	pi= 350.0	di=1042.0	wi=   1.4	Pal=   0.0	profit=350.000000
(34,   65.0,  776.0)	(34,   37.0,  925.0)	(34,   39.0,  996.0)	pi= 287.0	di= 998.0	wi=   0.7	Pal=   0.0	profit=287.000000
(43,   86.0,  862.0)	(43,   40.0,  965.0)	(43,   37.0, 1033.0)	pi= 434.0	di=1407.0	wi=   1.0	Pal=   0.0	profit=434.000000
(0,   79.0,  941.0)	(0,   28.0,  993.0)	(0,   26.0, 1059.0)	pi= 406.0	di=1215.0	wi=   1.2	Pal=   0.0	profit=406.000000
(40,   68.0, 1009.0)	(40,    7.0, 1016.0)	(40,   87.0, 1146.0)	pi= 500.0	di=1187.0	wi=   1.1	Pal=   0.0	profit=500.000000
(20,   11.0, 1020.0)	(20,   96.0, 1116.0)	(20,   26.0, 1172.0)	pi= 352.0	di=1296.0	wi=   0.6	Pal=   0.0	profit=352.000000
(10,   69.0, 1089.0)	(10,   49.0, 1165.0)	(10,   98.0, 1270.0)	pi= 217.0	di=1338.0	wi=   1.1	Pal=   0.0	profit=217.000000
(37,   82.0, 1171.0)	(37,   58.0, 1229.0)	(37,   17.0, 1287.0)	pi= 356.0	di=1363.0	wi=   0.6	Pal=   0.0	profit=356.000000
(8,   30.0, 1201.0)	(8,   34.0, 1263.0)	(8,    7.0, 1294.0)	pi= 339.0	di=1660.0	wi=   0.5	Pal=   0.0	profit=339.000000
(23,   64.0, 1265.0)	(23,   33.0, 1298.0)	(23,   97.0, 1395.0)	pi= 315.0	di=1439.0	wi=   0.5	Pal=   0.0	profit=315.000000
(17,   44.0, 1309.0)	(17,    5.0, 1314.0)	(17,   58.0, 1453.0)	pi= 157.0	di=1544.0	wi=   1.1	Pal=   0.0	profit=157.000000
(21,   55.0, 1364.0)	(21,   32.0, 1396.0)	(21,   86.0, 1539.0)	pi= 360.0	di=1631.0	wi=   1.3	Pal=   0.0	profit=360.000000
(22,   99.0, 1463.0)	(22,   96.0, 1559.0)	(22,   87.0, 1646.0)	pi= 465.0	di=1822.0	wi=   1.4	Pal=   0.0	profit=465.000000
(16,   93.0, 1556.0)	(16,   87.0, 1646.0)	(16,   77.0, 1723.0)	pi= 375.0	di=1788.0	wi=   1.3	Pal=   0.0	profit=375.000000
(42,   85.0, 1641.0)	(42,   17.0, 1663.0)	(42,   17.0, 1740.0)	pi= 196.0	di=1750.0	wi=   0.6	Pal=   0.0	profit=196.000000
(49,   66.0, 1707.0)	(49,   32.0, 1739.0)	(49,   80.0, 1820.0)	pi= 227.0	di=1820.0	wi=   1.1	Pal=   0.0	profit=227.000000
(44,   86.0, 1793.0)	(44,   10.0, 1803.0)	(44,   23.0, 1843.0)	pi= 118.0	di=1825.0	wi=   0.7	Pal=  12.6	profit=105.400000
(35,   81.0, 1874.0)	(35,   51.0, 1925.0)	(35,   77.0, 2002.0)	pi= 179.0	di=1985.0	wi=   0.8	Pal=  13.6	profit=165.400000
(31,   59.0, 1933.0)	(31,   16.0, 1949.0)	(31,   17.0, 2019.0)	pi= 221.0	di=2067.0	wi=   0.8	Pal=   0.0	profit=221.000000
max Profit=10088.800000 
