Order ID	Pi	di	wi	accepted	devery	delayed	Profit
0	 358.0	1141.0	   1.0	1	 979.0	0	358.000000
1	 235.0	1032.0	   1.0	1	1029.0	0	235.000000
2	 454.0	1269.0	   0.8	1	 546.0	0	454.000000
3	 396.0	1974.0	   0.9	1	1198.0	0	396.000000
4	 429.0	 931.0	   1.4	1	 820.0	0	429.000000
5	 412.0	1521.0	   0.5	1	1485.0	0	412.000000
6	 409.0	1122.0	   1.2	1	1121.0	0	409.000000
7	 410.0	2033.0	   1.3	1	1882.0	0	410.000000
8	  78.0	1821.0	   1.3	1	1703.0	0	78.000000
9	 114.0	 594.0	   1.2	0
10	 200.0	 718.0	   0.9	0
11	 493.0	2274.0	   0.6	1	2263.0	0	493.000000
12	 350.0	1229.0	   0.8	1	1228.0	0	350.000000
13	 178.0	 278.0	   0.8	0
14	 491.0	 577.0	   0.9	1	 636.0	1	437.900000
15	 170.0	 371.0	   1.4	0
16	 132.0	 579.0	   1.0	0
17	  26.0	1842.0	   0.7	0
18	 401.0	 392.0	   0.9	0
19	 424.0	1401.0	   1.0	1	1383.0	0	424.000000
20	 357.0	1685.0	   1.3	1	1641.0	0	357.000000
21	 308.0	1872.0	   0.5	1	1858.0	0	308.000000
22	  62.0	2048.0	   1.3	1	2013.0	0	62.000000
23	 221.0	 498.0	   1.3	0
24	  49.0	 167.0	   1.1	0
25	 126.0	1011.0	   0.9	0
26	 329.0	1977.0	   1.0	1	1949.0	0	329.000000
27	 399.0	 931.0	   0.7	0
28	 146.0	1639.0	   1.4	0
29	 459.0	 384.0	   0.9	1	 533.0	1	324.900000
30	 188.0	1606.0	   0.6	1	1549.0	0	188.000000
31	 155.0	  28.0	   0.7	0
32	 259.0	1193.0	   1.5	1	 896.0	0	259.000000
33	 138.0	 330.0	   1.3	0
34	 165.0	1007.0	   1.3	0
35	 101.0	1380.0	   1.2	0
36	 306.0	2292.0	   0.9	1	2107.0	0	306.000000
37	 488.0	 479.0	   1.4	0
38	 278.0	2069.0	   1.1	1	2003.0	0	278.000000
39	 147.0	 139.0	   1.4	0
40	 164.0	1211.0	   0.6	0
41	   2.0	1377.0	   1.2	0
42	 327.0	 734.0	   1.5	1	 733.0	0	327.000000
43	 168.0	2236.0	   1.3	1	2125.0	0	168.000000
44	 301.0	1148.0	   1.2	1	1135.0	0	301.000000
45	 133.0	1910.0	   0.7	1	1475.0	0	133.000000
46	  77.0	1812.0	   0.8	1	1772.0	0	77.000000
47	 217.0	 357.0	   1.4	0
48	  17.0	1314.0	   1.0	0
49	  97.0	2330.0	   0.6	1	2342.0	1	89.800000
------Order Sequence(ID)-------------------------------
29	29	29	29	29	29	29	29	29	29	
2	2	2	2	2	2	2	2	2	2	
14	14	14	14	14	14	14	14	14	14	
42	42	42	42	42	42	42	42	42	42	
4	4	4	4	4	4	4	4	4	4	
32	32	32	32	32	32	32	32	32	32	
0	0	0	0	0	0	0	0	0	0	
1	1	1	1	1	1	1	1	1	1	
6	6	6	6	6	6	6	6	6	6	
44	44	44	44	44	44	44	44	44	44	
3	3	3	3	3	3	3	3	3	3	
12	12	12	12	12	12	12	12	12	12	
19	19	19	19	19	19	19	19	19	19	
45	45	45	45	45	45	45	45	45	45	
5	5	5	5	5	5	5	5	5	5	
30	30	30	30	30	30	30	30	30	30	
20	20	20	20	20	20	20	20	20	20	
8	8	8	8	8	8	8	8	8	8	
46	46	46	46	46	46	46	46	46	46	
21	21	21	21	21	21	21	21	21	21	
7	7	7	7	7	7	7	7	7	7	
26	26	26	26	26	26	26	26	26	26	
38	38	38	38	38	38	38	38	38	38	
22	22	22	22	22	22	22	22	22	22	
36	36	36	36	36	36	36	36	36	36	
43	43	43	43	43	43	43	43	43	43	
11	11	11	11	11	11	11	11	11	11	
49	49	49	49	49	49	49	49	49	49	
------Finished time(ID)-------------------------------
(29,   29.0,   29.0)	(29,   18.0,   47.0)	(29,   86.0,  133.0)	(29,   16.0,  149.0)	(29,   69.0,  218.0)	(29,   15.0,  233.0)	(29,   93.0,  326.0)	(29,   61.0,  387.0)	(29,   61.0,  448.0)	(29,   85.0,  533.0)	pi= 459.0	di= 384.0	wi=   0.9	Pal= 134.1	profit=324.900000
(2,   23.0,   52.0)	(2,   10.0,   62.0)	(2,   63.0,  196.0)	(2,    3.0,  199.0)	(2,    7.0,  225.0)	(2,   99.0,  332.0)	(2,   39.0,  371.0)	(2,   73.0,  460.0)	(2,   60.0,  520.0)	(2,   13.0,  546.0)	pi= 454.0	di=1269.0	wi=   0.8	Pal=   0.0	profit=454.000000
(14,   85.0,  137.0)	(14,   57.0,  194.0)	(14,   88.0,  284.0)	(14,   69.0,  353.0)	(14,    4.0,  357.0)	(14,   21.0,  378.0)	(14,   52.0,  430.0)	(14,   17.0,  477.0)	(14,    2.0,  522.0)	(14,   90.0,  636.0)	pi= 491.0	di= 577.0	wi=   0.9	Pal=  53.1	profit=437.900000
(42,   32.0,  169.0)	(42,   62.0,  256.0)	(42,   83.0,  367.0)	(42,    8.0,  375.0)	(42,   74.0,  449.0)	(42,   73.0,  522.0)	(42,   70.0,  592.0)	(42,   16.0,  608.0)	(42,   56.0,  664.0)	(42,   69.0,  733.0)	pi= 327.0	di= 734.0	wi=   1.5	Pal=   0.0	profit=327.000000
(4,   55.0,  224.0)	(4,   85.0,  341.0)	(4,   42.0,  409.0)	(4,   27.0,  436.0)	(4,   63.0,  512.0)	(4,   32.0,  554.0)	(4,    3.0,  595.0)	(4,   85.0,  693.0)	(4,   97.0,  790.0)	(4,   30.0,  820.0)	pi= 429.0	di= 931.0	wi=   1.4	Pal=   0.0	profit=429.000000
(32,   83.0,  307.0)	(32,   36.0,  377.0)	(32,   97.0,  506.0)	(32,   13.0,  519.0)	(32,   27.0,  546.0)	(32,   75.0,  629.0)	(32,   64.0,  693.0)	(32,   34.0,  727.0)	(32,   64.0,  854.0)	(32,   42.0,  896.0)	pi= 259.0	di=1193.0	wi=   1.5	Pal=   0.0	profit=259.000000
(0,   38.0,  345.0)	(0,   96.0,  473.0)	(0,   24.0,  530.0)	(0,   62.0,  592.0)	(0,   45.0,  637.0)	(0,   48.0,  685.0)	(0,    1.0,  694.0)	(0,   48.0,  775.0)	(0,   51.0,  905.0)	(0,   74.0,  979.0)	pi= 358.0	di=1141.0	wi=   1.0	Pal=   0.0	profit=358.000000
(1,   97.0,  442.0)	(1,   53.0,  526.0)	(1,   58.0,  588.0)	(1,   29.0,  621.0)	(1,   95.0,  732.0)	(1,    2.0,  734.0)	(1,   85.0,  819.0)	(1,   11.0,  830.0)	(1,   82.0,  987.0)	(1,   42.0, 1029.0)	pi= 235.0	di=1032.0	wi=   1.0	Pal=   0.0	profit=235.000000
(6,   78.0,  520.0)	(6,   77.0,  603.0)	(6,   59.0,  662.0)	(6,   59.0,  721.0)	(6,   19.0,  751.0)	(6,   15.0,  766.0)	(6,   75.0,  894.0)	(6,   71.0,  965.0)	(6,   65.0, 1052.0)	(6,   69.0, 1121.0)	pi= 409.0	di=1122.0	wi=   1.2	Pal=   0.0	profit=409.000000
(44,   16.0,  536.0)	(44,   41.0,  644.0)	(44,   79.0,  741.0)	(44,   44.0,  785.0)	(44,   12.0,  797.0)	(44,   64.0,  861.0)	(44,   50.0,  944.0)	(44,   74.0, 1039.0)	(44,   83.0, 1135.0)	(44,    0.0, 1135.0)	pi= 301.0	di=1148.0	wi=   1.2	Pal=   0.0	profit=301.000000
(3,   30.0,  566.0)	(3,   40.0,  684.0)	(3,    9.0,  750.0)	(3,   15.0,  800.0)	(3,   64.0,  864.0)	(3,   39.0,  903.0)	(3,   38.0,  982.0)	(3,   61.0, 1100.0)	(3,   21.0, 1156.0)	(3,   42.0, 1198.0)	pi= 396.0	di=1974.0	wi=   0.9	Pal=   0.0	profit=396.000000
(12,   76.0,  642.0)	(12,   31.0,  715.0)	(12,   81.0,  831.0)	(12,   65.0,  896.0)	(12,   30.0,  926.0)	(12,   87.0, 1013.0)	(12,   83.0, 1096.0)	(12,   68.0, 1168.0)	(12,   32.0, 1200.0)	(12,   28.0, 1228.0)	pi= 350.0	di=1229.0	wi=   0.8	Pal=   0.0	profit=350.000000
(19,   24.0,  666.0)	(19,   77.0,  792.0)	(19,   83.0,  914.0)	(19,   10.0,  924.0)	(19,   43.0,  969.0)	(19,   88.0, 1101.0)	(19,    7.0, 1108.0)	(19,   94.0, 1262.0)	(19,   30.0, 1292.0)	(19,   91.0, 1383.0)	pi= 424.0	di=1401.0	wi=   1.0	Pal=   0.0	profit=424.000000
(45,   12.0,  678.0)	(45,   17.0,  809.0)	(45,   15.0,  929.0)	(45,   46.0,  975.0)	(45,   58.0, 1033.0)	(45,   13.0, 1114.0)	(45,  100.0, 1214.0)	(45,   51.0, 1313.0)	(45,   13.0, 1326.0)	(45,   92.0, 1475.0)	pi= 133.0	di=1910.0	wi=   0.7	Pal=   0.0	profit=133.000000
(5,   65.0,  743.0)	(5,   71.0,  880.0)	(5,   19.0,  948.0)	(5,   34.0, 1009.0)	(5,   83.0, 1116.0)	(5,   92.0, 1208.0)	(5,   47.0, 1261.0)	(5,   53.0, 1366.0)	(5,    8.0, 1374.0)	(5,   10.0, 1485.0)	pi= 412.0	di=1521.0	wi=   0.5	Pal=   0.0	profit=412.000000
(30,   61.0,  804.0)	(30,   92.0,  972.0)	(30,   76.0, 1048.0)	(30,   83.0, 1131.0)	(30,   75.0, 1206.0)	(30,   45.0, 1253.0)	(30,   86.0, 1347.0)	(30,   77.0, 1443.0)	(30,   16.0, 1459.0)	(30,   64.0, 1549.0)	pi= 188.0	di=1606.0	wi=   0.6	Pal=   0.0	profit=188.000000
(20,   79.0,  883.0)	(20,   25.0,  997.0)	(20,   46.0, 1094.0)	(20,   67.0, 1198.0)	(20,   15.0, 1221.0)	(20,    3.0, 1256.0)	(20,   87.0, 1434.0)	(20,   98.0, 1541.0)	(20,   11.0, 1552.0)	(20,   89.0, 1641.0)	pi= 357.0	di=1685.0	wi=   1.3	Pal=   0.0	profit=357.000000
(8,   53.0,  936.0)	(8,   25.0, 1022.0)	(8,   94.0, 1188.0)	(8,   42.0, 1240.0)	(8,   51.0, 1291.0)	(8,   61.0, 1352.0)	(8,   59.0, 1493.0)	(8,   16.0, 1557.0)	(8,   56.0, 1613.0)	(8,   62.0, 1703.0)	pi=  78.0	di=1821.0	wi=   1.3	Pal=   0.0	profit=78.000000
(46,   70.0, 1006.0)	(46,   21.0, 1043.0)	(46,    2.0, 1190.0)	(46,    4.0, 1244.0)	(46,   45.0, 1336.0)	(46,   88.0, 1440.0)	(46,    6.0, 1499.0)	(46,   51.0, 1608.0)	(46,   53.0, 1666.0)	(46,   69.0, 1772.0)	pi=  77.0	di=1812.0	wi=   0.8	Pal=   0.0	profit=77.000000
(21,   92.0, 1098.0)	(21,   65.0, 1163.0)	(21,   90.0, 1280.0)	(21,   61.0, 1341.0)	(21,   25.0, 1366.0)	(21,   99.0, 1539.0)	(21,   19.0, 1558.0)	(21,   75.0, 1683.0)	(21,   85.0, 1768.0)	(21,   86.0, 1858.0)	pi= 308.0	di=1872.0	wi=   0.5	Pal=   0.0	profit=308.000000
(7,   55.0, 1153.0)	(7,   85.0, 1248.0)	(7,   29.0, 1309.0)	(7,   40.0, 1381.0)	(7,   95.0, 1476.0)	(7,   55.0, 1594.0)	(7,   92.0, 1686.0)	(7,   19.0, 1705.0)	(7,   96.0, 1864.0)	(7,   18.0, 1882.0)	pi= 410.0	di=2033.0	wi=   1.3	Pal=   0.0	profit=410.000000
(26,   77.0, 1230.0)	(26,   57.0, 1305.0)	(26,   77.0, 1386.0)	(26,   83.0, 1469.0)	(26,   79.0, 1555.0)	(26,   57.0, 1651.0)	(26,   56.0, 1742.0)	(26,    6.0, 1748.0)	(26,   14.0, 1878.0)	(26,   67.0, 1949.0)	pi= 329.0	di=1977.0	wi=   1.0	Pal=   0.0	profit=329.000000
(38,   11.0, 1241.0)	(38,   35.0, 1340.0)	(38,   72.0, 1458.0)	(38,   59.0, 1528.0)	(38,   98.0, 1653.0)	(38,   82.0, 1735.0)	(38,   93.0, 1835.0)	(38,   19.0, 1854.0)	(38,   57.0, 1935.0)	(38,   54.0, 2003.0)	pi= 278.0	di=2069.0	wi=   1.1	Pal=   0.0	profit=278.000000
(22,   60.0, 1301.0)	(22,   46.0, 1386.0)	(22,   92.0, 1550.0)	(22,    0.0, 1550.0)	(22,   24.0, 1677.0)	(22,   71.0, 1806.0)	(22,    1.0, 1836.0)	(22,   83.0, 1937.0)	(22,   22.0, 1959.0)	(22,   10.0, 2013.0)	pi=  62.0	di=2048.0	wi=   1.3	Pal=   0.0	profit=62.000000
(36,   51.0, 1352.0)	(36,   57.0, 1443.0)	(36,   61.0, 1611.0)	(36,   19.0, 1630.0)	(36,   91.0, 1768.0)	(36,   24.0, 1830.0)	(36,   71.0, 1907.0)	(36,   60.0, 1997.0)	(36,   29.0, 2026.0)	(36,   81.0, 2107.0)	pi= 306.0	di=2292.0	wi=   0.9	Pal=   0.0	profit=306.000000
(43,   60.0, 1412.0)	(43,   61.0, 1504.0)	(43,    4.0, 1615.0)	(43,   90.0, 1720.0)	(43,   52.0, 1820.0)	(43,   58.0, 1888.0)	(43,   83.0, 1990.0)	(43,   61.0, 2058.0)	(43,   65.0, 2123.0)	(43,    2.0, 2125.0)	pi= 168.0	di=2236.0	wi=   1.3	Pal=   0.0	profit=168.000000
(11,   63.0, 1475.0)	(11,   53.0, 1557.0)	(11,   25.0, 1640.0)	(11,    2.0, 1722.0)	(11,   74.0, 1894.0)	(11,   62.0, 1956.0)	(11,   23.0, 2013.0)	(11,    6.0, 2064.0)	(11,   69.0, 2192.0)	(11,   71.0, 2263.0)	pi= 493.0	di=2274.0	wi=   0.6	Pal=   0.0	profit=493.000000
(49,   66.0, 1541.0)	(49,   41.0, 1598.0)	(49,   64.0, 1704.0)	(49,   12.0, 1734.0)	(49,   86.0, 1980.0)	(49,   52.0, 2032.0)	(49,   96.0, 2128.0)	(49,   87.0, 2215.0)	(49,   52.0, 2267.0)	(49,   75.0, 2342.0)	pi=  97.0	di=2330.0	wi=   0.6	Pal=   7.2	profit=89.800000
max Profit=8393.600000 
