Order ID	Pi	di	wi	accepted	devery	delayed	Profit
0	 201.0	1291.0	   1.0	1	1285.0	0	201.000000
1	 152.0	2093.0	   1.2	1	1759.0	0	152.000000
2	 137.0	2648.0	   1.2	1	2495.0	0	137.000000
3	 244.0	 489.0	   1.0	1	 473.0	0	244.000000
4	 165.0	1667.0	   1.2	1	1461.0	0	165.000000
5	 273.0	 926.0	   1.2	1	 831.0	0	273.000000
6	 164.0	2320.0	   1.3	1	2207.0	0	164.000000
7	 351.0	1212.0	   1.3	1	1084.0	0	351.000000
8	 396.0	 422.0	   1.0	1	 372.0	0	396.000000
9	  10.0	1978.0	   0.7	1	1866.0	0	10.000000
10	 239.0	1731.0	   0.8	1	1712.0	0	239.000000
11	  85.0	1917.0	   1.0	1	1622.0	0	85.000000
12	 376.0	2157.0	   1.5	1	1553.0	0	376.000000
13	 244.0	 842.0	   0.9	1	 780.0	0	244.000000
14	  68.0	1213.0	   0.7	1	 948.0	0	68.000000
15	 452.0	1013.0	   0.8	1	 976.0	0	452.000000
16	  31.0	2473.0	   0.5	1	2287.0	0	31.000000
17	 211.0	2391.0	   1.1	1	2308.0	0	211.000000
18	 495.0	2517.0	   1.1	1	2220.0	0	495.000000
19	 469.0	 565.0	   1.4	1	 524.0	0	469.000000
20	 315.0	  76.0	   1.4	0
21	 311.0	 262.0	   0.8	1	 267.0	1	307.000000
22	 130.0	1414.0	   1.3	1	 785.0	0	130.000000
23	 295.0	1098.0	   1.1	1	 723.0	0	295.000000
24	  16.0	2304.0	   0.8	1	2069.0	0	16.000000
25	 371.0	1451.0	   1.0	1	1377.0	0	371.000000
26	   3.0	2320.0	   1.1	1	2248.0	0	3.000000
27	  95.0	 399.0	   1.2	1	 384.0	0	95.000000
28	 210.0	2141.0	   0.9	1	1842.0	0	210.000000
29	 480.0	2198.0	   1.2	1	2117.0	0	480.000000
30	 297.0	1884.0	   0.7	1	1772.0	0	297.000000
31	 378.0	1203.0	   1.4	1	1184.0	0	378.000000
32	  29.0	1472.0	   0.8	1	1205.0	0	29.000000
33	 258.0	 216.0	   0.9	0
34	 447.0	1061.0	   1.0	1	1051.0	0	447.000000
35	 282.0	2187.0	   0.6	1	1967.0	0	282.000000
36	 176.0	 359.0	   0.7	0
37	 163.0	2425.0	   1.0	1	2415.0	0	163.000000
38	 166.0	 544.0	   1.4	1	 383.0	0	166.000000
39	  57.0	 985.0	   1.5	0
40	 338.0	 606.0	   1.3	1	 611.0	1	331.500000
41	 196.0	1959.0	   0.5	1	1924.0	0	196.000000
42	 179.0	2004.0	   0.8	1	1262.0	0	179.000000
43	 207.0	2207.0	   1.1	1	1379.0	0	207.000000
44	 445.0	1661.0	   1.3	1	1593.0	0	445.000000
45	 118.0	 193.0	   0.8	1	 179.0	0	118.000000
46	 226.0	1797.0	   0.8	1	1721.0	0	226.000000
47	  56.0	 885.0	   0.6	1	 663.0	0	56.000000
48	 428.0	  58.0	   1.3	1	 134.0	1	329.200000
49	  33.0	2517.0	   0.8	1	2245.0	0	33.000000
------Order Sequence(ID)-------------------------------
48	48	48	
45	45	45	
21	21	21	
8	8	8	
38	38	38	
27	27	27	
3	3	3	
19	19	19	
40	40	40	
47	47	47	
23	23	23	
13	13	13	
22	22	22	
5	5	5	
14	14	14	
15	15	15	
34	34	34	
7	7	7	
31	31	31	
32	32	32	
42	42	42	
0	0	0	
25	25	25	
43	43	43	
4	4	4	
12	12	12	
44	44	44	
11	11	11	
10	10	10	
46	46	46	
1	1	1	
30	30	30	
28	28	28	
9	9	9	
41	41	41	
35	35	35	
24	24	24	
29	29	29	
6	6	6	
18	18	18	
49	49	49	
26	26	26	
16	16	16	
17	17	17	
37	37	37	
2	2	2	
------Finished time(ID)-------------------------------
(48,   26.0,   26.0)	(48,   64.0,   90.0)	(48,   44.0,  134.0)	pi= 428.0	di=  58.0	wi=   1.3	Pal=  98.8	profit=329.200000
(45,   25.0,   51.0)	(45,    6.0,   96.0)	(45,   45.0,  179.0)	pi= 118.0	di= 193.0	wi=   0.8	Pal=   0.0	profit=118.000000
(21,   65.0,  116.0)	(21,   90.0,  206.0)	(21,   61.0,  267.0)	pi= 311.0	di= 262.0	wi=   0.8	Pal=   4.0	profit=307.000000
(8,   29.0,  145.0)	(8,   74.0,  280.0)	(8,   92.0,  372.0)	pi= 396.0	di= 422.0	wi=   1.0	Pal=   0.0	profit=396.000000
(38,   61.0,  206.0)	(38,   39.0,  319.0)	(38,   11.0,  383.0)	pi= 166.0	di= 544.0	wi=   1.4	Pal=   0.0	profit=166.000000
(27,   13.0,  219.0)	(27,   61.0,  380.0)	(27,    1.0,  384.0)	pi=  95.0	di= 399.0	wi=   1.2	Pal=   0.0	profit=95.000000
(3,   46.0,  265.0)	(3,    0.0,  380.0)	(3,   89.0,  473.0)	pi= 244.0	di= 489.0	wi=   1.0	Pal=   0.0	profit=244.000000
(19,   83.0,  348.0)	(19,   24.0,  404.0)	(19,   51.0,  524.0)	pi= 469.0	di= 565.0	wi=   1.4	Pal=   0.0	profit=469.000000
(40,  100.0,  448.0)	(40,   99.0,  547.0)	(40,   64.0,  611.0)	pi= 338.0	di= 606.0	wi=   1.3	Pal=   6.5	profit=331.500000
(47,   39.0,  487.0)	(47,   48.0,  595.0)	(47,   52.0,  663.0)	pi=  56.0	di= 885.0	wi=   0.6	Pal=   0.0	profit=56.000000
(23,   53.0,  540.0)	(23,    4.0,  599.0)	(23,   60.0,  723.0)	pi= 295.0	di=1098.0	wi=   1.1	Pal=   0.0	profit=295.000000
(13,   66.0,  606.0)	(13,   86.0,  692.0)	(13,   57.0,  780.0)	pi= 244.0	di= 842.0	wi=   0.9	Pal=   0.0	profit=244.000000
(22,   17.0,  623.0)	(22,   55.0,  747.0)	(22,    5.0,  785.0)	pi= 130.0	di=1414.0	wi=   1.3	Pal=   0.0	profit=130.000000
(5,   33.0,  656.0)	(5,   75.0,  822.0)	(5,    9.0,  831.0)	pi= 273.0	di= 926.0	wi=   1.2	Pal=   0.0	profit=273.000000
(14,   34.0,  690.0)	(14,   33.0,  855.0)	(14,   93.0,  948.0)	pi=  68.0	di=1213.0	wi=   0.7	Pal=   0.0	profit=68.000000
(15,   47.0,  737.0)	(15,   21.0,  876.0)	(15,   28.0,  976.0)	pi= 452.0	di=1013.0	wi=   0.8	Pal=   0.0	profit=452.000000
(34,   77.0,  814.0)	(34,   70.0,  946.0)	(34,   75.0, 1051.0)	pi= 447.0	di=1061.0	wi=   1.0	Pal=   0.0	profit=447.000000
(7,   87.0,  901.0)	(7,   31.0,  977.0)	(7,   33.0, 1084.0)	pi= 351.0	di=1212.0	wi=   1.3	Pal=   0.0	profit=351.000000
(31,   92.0,  993.0)	(31,    5.0,  998.0)	(31,  100.0, 1184.0)	pi= 378.0	di=1203.0	wi=   1.4	Pal=   0.0	profit=378.000000
(32,    8.0, 1001.0)	(32,   66.0, 1067.0)	(32,   21.0, 1205.0)	pi=  29.0	di=1472.0	wi=   0.8	Pal=   0.0	profit=29.000000
(42,    2.0, 1003.0)	(42,   11.0, 1078.0)	(42,   57.0, 1262.0)	pi= 179.0	di=2004.0	wi=   0.8	Pal=   0.0	profit=179.000000
(0,   96.0, 1099.0)	(0,   84.0, 1183.0)	(0,   23.0, 1285.0)	pi= 201.0	di=1291.0	wi=   1.0	Pal=   0.0	profit=201.000000
(25,   61.0, 1160.0)	(25,   95.0, 1278.0)	(25,   92.0, 1377.0)	pi= 371.0	di=1451.0	wi=   1.0	Pal=   0.0	profit=371.000000
(43,    2.0, 1162.0)	(43,   63.0, 1341.0)	(43,    2.0, 1379.0)	pi= 207.0	di=2207.0	wi=   1.1	Pal=   0.0	profit=207.000000
(4,   95.0, 1257.0)	(4,   20.0, 1361.0)	(4,   82.0, 1461.0)	pi= 165.0	di=1667.0	wi=   1.2	Pal=   0.0	profit=165.000000
(12,    4.0, 1261.0)	(12,   36.0, 1397.0)	(12,   92.0, 1553.0)	pi= 376.0	di=2157.0	wi=   1.5	Pal=   0.0	profit=376.000000
(44,   48.0, 1309.0)	(44,   93.0, 1490.0)	(44,   40.0, 1593.0)	pi= 445.0	di=1661.0	wi=   1.3	Pal=   0.0	profit=445.000000
(11,    9.0, 1318.0)	(11,   67.0, 1557.0)	(11,   29.0, 1622.0)	pi=  85.0	di=1917.0	wi=   1.0	Pal=   0.0	profit=85.000000
(10,   53.0, 1371.0)	(10,   70.0, 1627.0)	(10,   85.0, 1712.0)	pi= 239.0	di=1731.0	wi=   0.8	Pal=   0.0	profit=239.000000
(46,   73.0, 1444.0)	(46,   36.0, 1663.0)	(46,    9.0, 1721.0)	pi= 226.0	di=1797.0	wi=   0.8	Pal=   0.0	profit=226.000000
(1,   23.0, 1467.0)	(1,   21.0, 1684.0)	(1,   38.0, 1759.0)	pi= 152.0	di=2093.0	wi=   1.2	Pal=   0.0	profit=152.000000
(30,   94.0, 1561.0)	(30,   68.0, 1752.0)	(30,   13.0, 1772.0)	pi= 297.0	di=1884.0	wi=   0.7	Pal=   0.0	profit=297.000000
(28,   25.0, 1586.0)	(28,   80.0, 1832.0)	(28,   10.0, 1842.0)	pi= 210.0	di=2141.0	wi=   0.9	Pal=   0.0	profit=210.000000
(9,   82.0, 1668.0)	(9,   20.0, 1852.0)	(9,   14.0, 1866.0)	pi=  10.0	di=1978.0	wi=   0.7	Pal=   0.0	profit=10.000000
(41,   70.0, 1738.0)	(41,   38.0, 1890.0)	(41,   34.0, 1924.0)	pi= 196.0	di=1959.0	wi=   0.5	Pal=   0.0	profit=196.000000
(35,   52.0, 1790.0)	(35,   57.0, 1947.0)	(35,   20.0, 1967.0)	pi= 282.0	di=2187.0	wi=   0.6	Pal=   0.0	profit=282.000000
(24,   45.0, 1835.0)	(24,   33.0, 1980.0)	(24,   89.0, 2069.0)	pi=  16.0	di=2304.0	wi=   0.8	Pal=   0.0	profit=16.000000
(29,   66.0, 1901.0)	(29,   97.0, 2077.0)	(29,   40.0, 2117.0)	pi= 480.0	di=2198.0	wi=   1.2	Pal=   0.0	profit=480.000000
(6,   29.0, 1930.0)	(6,   33.0, 2110.0)	(6,   90.0, 2207.0)	pi= 164.0	di=2320.0	wi=   1.3	Pal=   0.0	profit=164.000000
(18,   89.0, 2019.0)	(18,    7.0, 2117.0)	(18,   13.0, 2220.0)	pi= 495.0	di=2517.0	wi=   1.1	Pal=   0.0	profit=495.000000
(49,   31.0, 2050.0)	(49,   25.0, 2142.0)	(49,   25.0, 2245.0)	pi=  33.0	di=2517.0	wi=   0.8	Pal=   0.0	profit=33.000000
(26,   13.0, 2063.0)	(26,   43.0, 2185.0)	(26,    3.0, 2248.0)	pi=   3.0	di=2320.0	wi=   1.1	Pal=   0.0	profit=3.000000
(16,   33.0, 2096.0)	(16,   38.0, 2223.0)	(16,   39.0, 2287.0)	pi=  31.0	di=2473.0	wi=   0.5	Pal=   0.0	profit=31.000000
(17,    9.0, 2105.0)	(17,   63.0, 2286.0)	(17,   21.0, 2308.0)	pi= 211.0	di=2391.0	wi=   1.1	Pal=   0.0	profit=211.000000
(37,    0.0, 2105.0)	(37,   43.0, 2329.0)	(37,   86.0, 2415.0)	pi= 163.0	di=2425.0	wi=   1.0	Pal=   0.0	profit=163.000000
(2,   99.0, 2204.0)	(2,   84.0, 2413.0)	(2,   80.0, 2495.0)	pi= 137.0	di=2648.0	wi=   1.2	Pal=   0.0	profit=137.000000
max Profit=10552.700000 
