Order ID	Pi	di	wi	accepted	devery	delayed	Profit
0	  34.0	1984.0	   1.3	0
1	 320.0	2710.0	   1.0	1	2703.0	0	320.000000
2	  32.0	2258.0	   1.4	1	2145.0	0	32.000000
3	 312.0	2842.0	   1.2	1	2751.0	0	312.000000
4	 484.0	2164.0	   0.7	1	1978.0	0	484.000000
5	 197.0	 573.0	   1.1	1	 570.0	0	197.000000
6	 483.0	2328.0	   0.5	1	2094.0	0	483.000000
7	 412.0	1045.0	   0.9	1	 969.0	0	412.000000
8	 480.0	1770.0	   1.2	1	1716.0	0	480.000000
9	 167.0	2594.0	   0.9	1	 855.0	0	167.000000
10	 318.0	2117.0	   0.7	1	1949.0	0	318.000000
11	  58.0	2623.0	   1.2	1	2493.0	0	58.000000
12	 197.0	 252.0	   0.5	0
13	 289.0	2649.0	   1.5	1	2433.0	0	289.000000
14	   2.0	 259.0	   1.1	0
15	 250.0	1797.0	   1.0	1	1424.0	0	250.000000
16	 239.0	1951.0	   1.3	1	1765.0	0	239.000000
17	 257.0	1888.0	   1.0	1	1055.0	0	257.000000
18	  74.0	1688.0	   1.4	1	1447.0	0	74.000000
19	   8.0	2727.0	   0.5	0
20	 128.0	2011.0	   0.5	1	1577.0	0	128.000000
21	 404.0	1096.0	   1.3	1	 992.0	0	404.000000
22	 300.0	2206.0	   0.9	1	1848.0	0	300.000000
23	 220.0	 180.0	   0.7	0
24	 113.0	1633.0	   0.6	0
25	 427.0	1618.0	   1.3	1	1540.0	0	427.000000
26	 397.0	2902.0	   0.5	1	2807.0	0	397.000000
27	 183.0	2841.0	   1.3	1	2804.0	0	183.000000
28	  94.0	  90.0	   1.4	0
29	 317.0	 876.0	   0.8	1	 699.0	0	317.000000
30	 246.0	2614.0	   0.7	1	 518.0	0	246.000000
31	 419.0	2043.0	   1.5	1	1222.0	0	419.000000
32	 230.0	2401.0	   1.3	1	2219.0	0	230.000000
33	 228.0	   6.0	   0.5	0
34	 265.0	2044.0	   0.7	1	1264.0	0	265.000000
35	 149.0	 196.0	   0.8	0
36	 499.0	2078.0	   0.8	1	1099.0	0	499.000000
37	 267.0	 651.0	   0.6	0
38	 369.0	 731.0	   0.8	1	 668.0	0	369.000000
39	  23.0	1701.0	   1.1	0
40	 280.0	1840.0	   1.4	1	1657.0	0	280.000000
41	 441.0	2441.0	   0.7	1	2270.0	0	441.000000
42	 177.0	2493.0	   1.4	1	2462.0	0	177.000000
43	 473.0	2629.0	   1.0	1	2570.0	0	473.000000
44	 238.0	1714.0	   1.2	1	 770.0	0	238.000000
45	 250.0	2188.0	   1.4	1	2033.0	0	250.000000
46	 400.0	1532.0	   0.7	1	1506.0	0	400.000000
47	 285.0	1941.0	   0.9	1	1940.0	0	285.000000
48	  71.0	2425.0	   1.4	1	2369.0	0	71.000000
49	 150.0	 328.0	   0.7	1	 393.0	1	104.500000
------Order Sequence(ID)-------------------------------
49	49	49	49	49	49	49	49	49	49	
30	30	30	30	30	30	30	30	30	30	
5	5	5	5	5	5	5	5	5	5	
38	38	38	38	38	38	38	38	38	38	
29	29	29	29	29	29	29	29	29	29	
44	44	44	44	44	44	44	44	44	44	
9	9	9	9	9	9	9	9	9	9	
7	7	7	7	7	7	7	7	7	7	
21	21	21	21	21	21	21	21	21	21	
17	17	17	17	17	17	17	17	17	17	
36	36	36	36	36	36	36	36	36	36	
31	31	31	31	31	31	31	31	31	31	
34	34	34	34	34	34	34	34	34	34	
15	15	15	15	15	15	15	15	15	15	
18	18	18	18	18	18	18	18	18	18	
46	46	46	46	46	46	46	46	46	46	
25	25	25	25	25	25	25	25	25	25	
20	20	20	20	20	20	20	20	20	20	
40	40	40	40	40	40	40	40	40	40	
8	8	8	8	8	8	8	8	8	8	
16	16	16	16	16	16	16	16	16	16	
22	22	22	22	22	22	22	22	22	22	
47	47	47	47	47	47	47	47	47	47	
10	10	10	10	10	10	10	10	10	10	
4	4	4	4	4	4	4	4	4	4	
45	45	45	45	45	45	45	45	45	45	
6	6	6	6	6	6	6	6	6	6	
2	2	2	2	2	2	2	2	2	2	
32	32	32	32	32	32	32	32	32	32	
41	41	41	41	41	41	41	41	41	41	
48	48	48	48	48	48	48	48	48	48	
13	13	13	13	13	13	13	13	13	13	
42	42	42	42	42	42	42	42	42	42	
11	11	11	11	11	11	11	11	11	11	
43	43	43	43	43	43	43	43	43	43	
1	1	1	1	1	1	1	1	1	1	
3	3	3	3	3	3	3	3	3	3	
27	27	27	27	27	27	27	27	27	27	
26	26	26	26	26	26	26	26	26	26	
------Finished time(ID)-------------------------------
(49,   26.0,   26.0)	(49,   15.0,   41.0)	(49,    1.0,   42.0)	(49,   48.0,   90.0)	(49,   47.0,  137.0)	(49,   21.0,  158.0)	(49,   72.0,  230.0)	(49,   96.0,  326.0)	(49,   63.0,  389.0)	(49,    4.0,  393.0)	pi= 150.0	di= 328.0	wi=   0.7	Pal=  45.5	profit=104.500000
(30,    4.0,   30.0)	(30,    0.0,   41.0)	(30,   76.0,  118.0)	(30,   82.0,  200.0)	(30,   37.0,  237.0)	(30,   84.0,  321.0)	(30,   55.0,  376.0)	(30,   11.0,  387.0)	(30,   83.0,  472.0)	(30,   46.0,  518.0)	pi= 246.0	di=2614.0	wi=   0.7	Pal=   0.0	profit=246.000000
(5,   73.0,  103.0)	(5,   35.0,  138.0)	(5,   62.0,  200.0)	(5,   94.0,  294.0)	(5,   61.0,  355.0)	(5,   32.0,  387.0)	(5,   60.0,  447.0)	(5,    6.0,  453.0)	(5,   59.0,  531.0)	(5,   39.0,  570.0)	pi= 197.0	di= 573.0	wi=   1.1	Pal=   0.0	profit=197.000000
(38,   65.0,  168.0)	(38,   80.0,  248.0)	(38,   44.0,  292.0)	(38,   61.0,  355.0)	(38,   25.0,  380.0)	(38,    5.0,  392.0)	(38,   43.0,  490.0)	(38,   56.0,  546.0)	(38,   12.0,  558.0)	(38,   98.0,  668.0)	pi= 369.0	di= 731.0	wi=   0.8	Pal=   0.0	profit=369.000000
(29,   45.0,  213.0)	(29,   49.0,  297.0)	(29,   58.0,  355.0)	(29,   17.0,  372.0)	(29,   69.0,  449.0)	(29,   18.0,  467.0)	(29,   38.0,  528.0)	(29,   85.0,  631.0)	(29,   52.0,  683.0)	(29,   16.0,  699.0)	pi= 317.0	di= 876.0	wi=   0.8	Pal=   0.0	profit=317.000000
(44,   31.0,  244.0)	(44,   34.0,  331.0)	(44,   24.0,  379.0)	(44,   95.0,  474.0)	(44,    6.0,  480.0)	(44,   22.0,  502.0)	(44,   95.0,  623.0)	(44,   37.0,  668.0)	(44,   15.0,  698.0)	(44,   71.0,  770.0)	pi= 238.0	di=1714.0	wi=   1.2	Pal=   0.0	profit=238.000000
(9,   46.0,  290.0)	(9,   54.0,  385.0)	(9,    5.0,  390.0)	(9,   21.0,  495.0)	(9,   33.0,  528.0)	(9,   65.0,  593.0)	(9,   90.0,  713.0)	(9,   29.0,  742.0)	(9,   95.0,  837.0)	(9,   18.0,  855.0)	pi= 167.0	di=2594.0	wi=   0.9	Pal=   0.0	profit=167.000000
(7,   76.0,  366.0)	(7,    4.0,  389.0)	(7,   99.0,  489.0)	(7,   34.0,  529.0)	(7,   62.0,  591.0)	(7,   54.0,  647.0)	(7,   51.0,  764.0)	(7,   84.0,  848.0)	(7,   27.0,  875.0)	(7,   94.0,  969.0)	pi= 412.0	di=1045.0	wi=   0.9	Pal=   0.0	profit=412.000000
(21,   25.0,  391.0)	(21,   45.0,  436.0)	(21,   62.0,  551.0)	(21,    5.0,  556.0)	(21,   88.0,  679.0)	(21,   83.0,  762.0)	(21,   77.0,  841.0)	(21,   87.0,  935.0)	(21,   51.0,  986.0)	(21,    6.0,  992.0)	pi= 404.0	di=1096.0	wi=   1.3	Pal=   0.0	profit=404.000000
(17,   41.0,  432.0)	(17,   64.0,  500.0)	(17,    7.0,  558.0)	(17,   65.0,  623.0)	(17,   97.0,  776.0)	(17,   46.0,  822.0)	(17,   67.0,  908.0)	(17,   52.0,  987.0)	(17,   25.0, 1012.0)	(17,   43.0, 1055.0)	pi= 257.0	di=1888.0	wi=   1.0	Pal=   0.0	profit=257.000000
(36,   11.0,  443.0)	(36,   16.0,  516.0)	(36,   26.0,  584.0)	(36,   94.0,  717.0)	(36,   21.0,  797.0)	(36,   41.0,  863.0)	(36,   53.0,  961.0)	(36,   16.0, 1003.0)	(36,   41.0, 1053.0)	(36,   44.0, 1099.0)	pi= 499.0	di=2078.0	wi=   0.8	Pal=   0.0	profit=499.000000
(31,   70.0,  513.0)	(31,   65.0,  581.0)	(31,   98.0,  682.0)	(31,   55.0,  772.0)	(31,   42.0,  839.0)	(31,   66.0,  929.0)	(31,    9.0,  970.0)	(31,   87.0, 1090.0)	(31,   35.0, 1125.0)	(31,   97.0, 1222.0)	pi= 419.0	di=2043.0	wi=   1.5	Pal=   0.0	profit=419.000000
(34,   11.0,  524.0)	(34,   49.0,  630.0)	(34,   28.0,  710.0)	(34,   71.0,  843.0)	(34,   88.0,  931.0)	(34,    9.0,  940.0)	(34,   74.0, 1044.0)	(34,   93.0, 1183.0)	(34,   38.0, 1221.0)	(34,   42.0, 1264.0)	pi= 265.0	di=2044.0	wi=   0.7	Pal=   0.0	profit=265.000000
(15,   60.0,  584.0)	(15,   26.0,  656.0)	(15,   63.0,  773.0)	(15,   88.0,  931.0)	(15,   42.0,  973.0)	(15,   37.0, 1010.0)	(15,   96.0, 1140.0)	(15,   77.0, 1260.0)	(15,   73.0, 1333.0)	(15,   91.0, 1424.0)	pi= 250.0	di=1797.0	wi=   1.0	Pal=   0.0	profit=250.000000
(18,   48.0,  632.0)	(18,   85.0,  741.0)	(18,   96.0,  869.0)	(18,   40.0,  971.0)	(18,   16.0,  989.0)	(18,   87.0, 1097.0)	(18,   33.0, 1173.0)	(18,    8.0, 1268.0)	(18,   25.0, 1358.0)	(18,   23.0, 1447.0)	pi=  74.0	di=1688.0	wi=   1.4	Pal=   0.0	profit=74.000000
(46,   40.0,  672.0)	(46,   99.0,  840.0)	(46,    1.0,  870.0)	(46,    3.0,  974.0)	(46,   84.0, 1073.0)	(46,   87.0, 1184.0)	(46,   95.0, 1279.0)	(46,   35.0, 1314.0)	(46,   12.0, 1370.0)	(46,   59.0, 1506.0)	pi= 400.0	di=1532.0	wi=   0.7	Pal=   0.0	profit=400.000000
(25,  100.0,  772.0)	(25,   39.0,  879.0)	(25,   94.0,  973.0)	(25,   74.0, 1048.0)	(25,   71.0, 1144.0)	(25,   31.0, 1215.0)	(25,   64.0, 1343.0)	(25,   69.0, 1412.0)	(25,   63.0, 1475.0)	(25,   34.0, 1540.0)	pi= 427.0	di=1618.0	wi=   1.3	Pal=   0.0	profit=427.000000
(20,   62.0,  834.0)	(20,   50.0,  929.0)	(20,   52.0, 1025.0)	(20,    0.0, 1048.0)	(20,   68.0, 1212.0)	(20,   46.0, 1261.0)	(20,   61.0, 1404.0)	(20,   65.0, 1477.0)	(20,   76.0, 1553.0)	(20,   24.0, 1577.0)	pi= 128.0	di=2011.0	wi=   0.5	Pal=   0.0	profit=128.000000
(40,   15.0,  849.0)	(40,   46.0,  975.0)	(40,   26.0, 1051.0)	(40,   95.0, 1146.0)	(40,   18.0, 1230.0)	(40,   46.0, 1307.0)	(40,   70.0, 1474.0)	(40,   16.0, 1493.0)	(40,   41.0, 1594.0)	(40,   63.0, 1657.0)	pi= 280.0	di=1840.0	wi=   1.4	Pal=   0.0	profit=280.000000
(8,   92.0,  941.0)	(8,   81.0, 1056.0)	(8,   85.0, 1141.0)	(8,   57.0, 1203.0)	(8,   61.0, 1291.0)	(8,   30.0, 1337.0)	(8,   92.0, 1566.0)	(8,    1.0, 1567.0)	(8,   23.0, 1617.0)	(8,   59.0, 1716.0)	pi= 480.0	di=1770.0	wi=   1.2	Pal=   0.0	profit=480.000000
(16,   80.0, 1021.0)	(16,   48.0, 1104.0)	(16,    4.0, 1145.0)	(16,  100.0, 1303.0)	(16,   11.0, 1314.0)	(16,   71.0, 1408.0)	(16,   18.0, 1584.0)	(16,   12.0, 1596.0)	(16,   22.0, 1639.0)	(16,   49.0, 1765.0)	pi= 239.0	di=1951.0	wi=   1.3	Pal=   0.0	profit=239.000000
(22,   59.0, 1080.0)	(22,   11.0, 1115.0)	(22,   63.0, 1208.0)	(22,    0.0, 1303.0)	(22,   13.0, 1327.0)	(22,   50.0, 1458.0)	(22,   18.0, 1602.0)	(22,   20.0, 1622.0)	(22,   17.0, 1656.0)	(22,   83.0, 1848.0)	pi= 300.0	di=2206.0	wi=   0.9	Pal=   0.0	profit=300.000000
(47,   28.0, 1108.0)	(47,   24.0, 1139.0)	(47,   82.0, 1290.0)	(47,   48.0, 1351.0)	(47,   55.0, 1406.0)	(47,   96.0, 1554.0)	(47,   95.0, 1697.0)	(47,   57.0, 1754.0)	(47,   91.0, 1845.0)	(47,   92.0, 1940.0)	pi= 285.0	di=1941.0	wi=   0.9	Pal=   0.0	profit=285.000000
(10,   41.0, 1149.0)	(10,   81.0, 1230.0)	(10,   12.0, 1302.0)	(10,   91.0, 1442.0)	(10,  100.0, 1542.0)	(10,   92.0, 1646.0)	(10,   70.0, 1767.0)	(10,   94.0, 1861.0)	(10,   16.0, 1877.0)	(10,    9.0, 1949.0)	pi= 318.0	di=2117.0	wi=   0.7	Pal=   0.0	profit=318.000000
(4,   61.0, 1210.0)	(4,   20.0, 1250.0)	(4,   15.0, 1317.0)	(4,   47.0, 1489.0)	(4,   36.0, 1578.0)	(4,   72.0, 1718.0)	(4,   45.0, 1812.0)	(4,   63.0, 1924.0)	(4,   15.0, 1939.0)	(4,   29.0, 1978.0)	pi= 484.0	di=2164.0	wi=   0.7	Pal=   0.0	profit=484.000000
(45,   68.0, 1278.0)	(45,   34.0, 1312.0)	(45,   72.0, 1389.0)	(45,   75.0, 1564.0)	(45,   98.0, 1676.0)	(45,   42.0, 1760.0)	(45,   95.0, 1907.0)	(45,   61.0, 1985.0)	(45,    6.0, 1991.0)	(45,   42.0, 2033.0)	pi= 250.0	di=2188.0	wi=   1.4	Pal=   0.0	profit=250.000000
(6,    4.0, 1282.0)	(6,   89.0, 1401.0)	(6,   47.0, 1448.0)	(6,   37.0, 1601.0)	(6,   22.0, 1698.0)	(6,   81.0, 1841.0)	(6,   74.0, 1981.0)	(6,   17.0, 2002.0)	(6,    9.0, 2011.0)	(6,   61.0, 2094.0)	pi= 483.0	di=2328.0	wi=   0.5	Pal=   0.0	profit=483.000000
(2,   78.0, 1360.0)	(2,   58.0, 1459.0)	(2,   94.0, 1553.0)	(2,   77.0, 1678.0)	(2,   53.0, 1751.0)	(2,   11.0, 1852.0)	(2,   33.0, 2014.0)	(2,   46.0, 2060.0)	(2,   22.0, 2082.0)	(2,   51.0, 2145.0)	pi=  32.0	di=2258.0	wi=   1.4	Pal=   0.0	profit=32.000000
(32,   95.0, 1455.0)	(32,   79.0, 1538.0)	(32,   54.0, 1607.0)	(32,   19.0, 1697.0)	(32,   83.0, 1834.0)	(32,   60.0, 1912.0)	(32,   36.0, 2050.0)	(32,   18.0, 2078.0)	(32,   85.0, 2167.0)	(32,   52.0, 2219.0)	pi= 230.0	di=2401.0	wi=   1.3	Pal=   0.0	profit=230.000000
(41,   99.0, 1554.0)	(41,   81.0, 1635.0)	(41,   41.0, 1676.0)	(41,   74.0, 1771.0)	(41,   93.0, 1927.0)	(41,   64.0, 1991.0)	(41,   78.0, 2128.0)	(41,   65.0, 2193.0)	(41,   33.0, 2226.0)	(41,   44.0, 2270.0)	pi= 441.0	di=2441.0	wi=   0.7	Pal=   0.0	profit=441.000000
(48,   35.0, 1589.0)	(48,   60.0, 1695.0)	(48,   67.0, 1762.0)	(48,   94.0, 1865.0)	(48,   48.0, 1975.0)	(48,   97.0, 2088.0)	(48,   18.0, 2146.0)	(48,    7.0, 2200.0)	(48,   69.0, 2295.0)	(48,   74.0, 2369.0)	pi=  71.0	di=2425.0	wi=   1.4	Pal=   0.0	profit=71.000000
(13,   84.0, 1673.0)	(13,  100.0, 1795.0)	(13,   71.0, 1866.0)	(13,   87.0, 1953.0)	(13,   44.0, 2019.0)	(13,   34.0, 2122.0)	(13,   11.0, 2157.0)	(13,   77.0, 2277.0)	(13,   16.0, 2311.0)	(13,   64.0, 2433.0)	pi= 289.0	di=2649.0	wi=   1.5	Pal=   0.0	profit=289.000000
(42,   99.0, 1772.0)	(42,  100.0, 1895.0)	(42,   66.0, 1961.0)	(42,   24.0, 1985.0)	(42,   32.0, 2051.0)	(42,   45.0, 2167.0)	(42,   88.0, 2255.0)	(42,   86.0, 2363.0)	(42,   77.0, 2440.0)	(42,   22.0, 2462.0)	pi= 177.0	di=2493.0	wi=   1.4	Pal=   0.0	profit=177.000000
(11,   78.0, 1850.0)	(11,   92.0, 1987.0)	(11,   56.0, 2043.0)	(11,   12.0, 2055.0)	(11,   33.0, 2088.0)	(11,   40.0, 2207.0)	(11,   49.0, 2304.0)	(11,   68.0, 2431.0)	(11,   11.0, 2451.0)	(11,   31.0, 2493.0)	pi=  58.0	di=2623.0	wi=   1.2	Pal=   0.0	profit=58.000000
(43,   49.0, 1899.0)	(43,   79.0, 2066.0)	(43,    3.0, 2069.0)	(43,   95.0, 2164.0)	(43,   50.0, 2214.0)	(43,   73.0, 2287.0)	(43,   67.0, 2371.0)	(43,   74.0, 2505.0)	(43,    0.0, 2505.0)	(43,   65.0, 2570.0)	pi= 473.0	di=2629.0	wi=   1.0	Pal=   0.0	profit=473.000000
(1,   21.0, 1920.0)	(1,   76.0, 2142.0)	(1,   31.0, 2173.0)	(1,   68.0, 2241.0)	(1,   23.0, 2264.0)	(1,   99.0, 2386.0)	(1,   97.0, 2483.0)	(1,   18.0, 2523.0)	(1,   86.0, 2609.0)	(1,   94.0, 2703.0)	pi= 320.0	di=2710.0	wi=   1.0	Pal=   0.0	profit=320.000000
(3,   23.0, 1943.0)	(3,   84.0, 2226.0)	(3,   61.0, 2287.0)	(3,   47.0, 2334.0)	(3,   24.0, 2358.0)	(3,   61.0, 2447.0)	(3,   56.0, 2539.0)	(3,   64.0, 2603.0)	(3,    0.0, 2609.0)	(3,   48.0, 2751.0)	pi= 312.0	di=2842.0	wi=   1.2	Pal=   0.0	profit=312.000000
(27,   56.0, 1999.0)	(27,   42.0, 2268.0)	(27,   58.0, 2345.0)	(27,   24.0, 2369.0)	(27,   15.0, 2384.0)	(27,   29.0, 2476.0)	(27,    5.0, 2544.0)	(27,   31.0, 2634.0)	(27,   14.0, 2648.0)	(27,   53.0, 2804.0)	pi= 183.0	di=2841.0	wi=   1.3	Pal=   0.0	profit=183.000000
(26,   58.0, 2057.0)	(26,   36.0, 2304.0)	(26,   22.0, 2367.0)	(26,   46.0, 2415.0)	(26,   39.0, 2454.0)	(26,   83.0, 2559.0)	(26,   87.0, 2646.0)	(26,   14.0, 2660.0)	(26,   27.0, 2687.0)	(26,    3.0, 2807.0)	pi= 397.0	di=2902.0	wi=   0.5	Pal=   0.0	profit=397.000000
max Profit=11275.500000 
