2
100

65 97 
90 70 
97 84 
98 90 
93 56 
78 99 
98 71 
99 77 
66 73 
79 53 
85 66 
91 79 
77 88 
89 62 
83 73 
87 61 
91 60 
70 82 
59 94 
69 61 
56 60 
77 59 
53 89 
92 65 
78 57 
72 63 
68 80 
84 82 
80 66 
86 69 
50 67 
96 76 
86 69 
80 91 
56 89 
58 50 
79 94 
82 82 
79 58 
88 54 
71 66 
85 95 
68 58 
82 57 
96 91 
97 74 
85 91 
71 99 
99 94 
54 72 
70 70 
60 57 
60 83 
75 87 
63 55 
72 73 
95 63 
95 67 
77 94 
67 84 
95 66 
54 65 
78 81 
74 68 
93 79 
86 72 
75 97 
51 62 
94 71 
52 88 
81 97 
77 51 
76 66 
52 62 
99 77 
71 67 
65 68 
62 72 
69 80 
97 99 
87 56 
97 79 
74 68 
98 68 
84 90 
97 51 
80 76 
81 90 
85 84 
60 51 
62 53 
62 80 
75 57 
50 97 
65 56 
81 88 
58 96 
68 64 
51 85 
92 76 

72 90 55 67 92 70 70 51 90 79 51 58 73 80 92 64 62 60 57 62 93 94 54 85 71 95 85 56 99 51 57 92 66 89 71 65 77 73 86 67 66 89 60 93 91 93 71 68 91 94 99 82 57 53 58 97 61 73 79 50 90 97 56 87 73 90 67 71 64 65 94 81 84 97 93 75 83 58 80 92 80 50 51 53 79 53 93 88 72 78 57 72 93 77 61 68 95 51 69 60 
63 81 56 52 62 89 86 50 65 62 97 63 51 55 66 69 52 84 94 54 97 78 77 90 52 51 78 85 74 70 82 80 88 91 79 54 60 54 58 90 73 73 87 99 99 75 99 76 91 82 76 73 94 82 67 99 93 87 74 63 57 83 93 72 92 71 72 87 73 77 56 89 50 98 57 68 72 51 89 73 51 76 95 89 82 91 56 66 76 59 63 87 66 58 99 76 74 82 83 85 
78 80 52 57 59 61 58 66 51 66 58 94 56 66 78 67 89 63 55 52 89 90 62 91 88 73 69 90 71 81 89 60 79 96 75 92 63 76 61 86 77 84 98 67 85 73 81 57 70 65 96 93 96 68 80 64 82 55 80 81 91 69 80 79 89 69 59 69 95 65 69 78 67 80 96 55 97 77 51 75 86 62 77 60 71 59 78 69 53 83 79 75 66 50 99 97 99 66 60 70 
82 77 51 83 71 79 52 79 77 62 68 68 71 70 90 80 53 55 58 88 67 58 81 53 58 74 93 52 68 97 59 74 76 92 63 99 88 65 73 84 99 89 55 77 51 55 85 89 75 61 93 78 82 72 64 52 89 56 64 80 59 99 90 62 99 95 78 56 99 88 64 87 95 59 71 76 89 59 95 51 58 76 86 72 84 91 69 51 58 78 55 84 64 75 56 61 67 68 63 99 
88 98 70 76 88 91 94 68 55 54 61 75 89 72 91 98 94 64 76 70 58 80 80 75 55 69 70 78 83 54 85 61 77 65 78 57 90 75 97 88 90 59 57 73 74 55 57 75 94 71 67 68 68 78 61 99 54 56 78 79 68 69 99 84 93 73 91 73 61 63 54 53 75 64 71 95 71 69 89 59 76 94 90 69 89 86 67 95 94 55 62 62 66 59 95 58 95 58 52 70 
63 62 57 79 72 84 99 79 79 55 97 97 61 86 57 61 60 87 93 72 50 77 83 91 96 99 51 84 98 93 55 65 70 66 75 81 94 94 98 90 67 76 91 76 65 83 66 69 96 95 82 75 56 77 67 82 76 88 97 53 58 72 90 52 83 70 63 59 78 62 81 83 79 64 65 56 94 83 57 56 94 97 68 56 66 91 53 64 58 98 99 82 77 78 91 70 80 63 85 62 
84 92 83 90 90 64 74 52 78 87 61 53 75 76 64 51 92 59 51 81 54 72 76 69 60 83 64 56 81 60 94 82 55 63 86 78 56 82 93 61 69 69 96 64 54 54 82 90 61 62 74 74 66 85 61 98 98 55 50 87 58 52 99 89 70 88 76 80 82 60 89 60 74 75 68 92 94 72 81 97 86 96 52 98 78 55 83 79 54 60 59 67 66 71 81 63 62 90 83 71 
99 97 95 75 78 83 55 89 63 76 55 82 69 97 89 99 85 91 96 71 81 84 93 58 92 59 50 60 59 80 58 94 85 88 62 71 57 73 87 88 98 70 59 96 96 51 87 76 68 61 74 68 64 87 92 89 95 61 65 99 76 97 86 88 82 99 77 79 50 56 81 82 78 89 92 79 61 58 86 96 65 69 50 68 95 82 98 67 99 73 52 75 56 60 71 93 50 67 81 58 
76 67 66 73 92 98 52 57 76 79 66 61 98 83 95 59 89 87 58 96 78 90 80 54 85 95 70 68 52 68 92 72 80 63 51 78 63 98 95 91 97 58 57 52 61 55 55 80 85 85 79 93 66 92 80 59 56 82 80 95 80 95 78 61 65 54 60 82 90 97 85 82 53 89 91 58 52 83 62 96 85 51 88 75 81 91 68 78 67 69 81 59 95 56 88 71 76 74 59 53 
77 50 61 56 99 56 51 97 70 81 94 89 88 90 90 97 76 97 76 94 52 83 79 52 65 58 51 50 85 99 94 94 86 68 80 78 92 95 96 76 70 58 53 78 64 90 89 68 51 57 67 75 91 82 95 58 65 56 96 72 94 69 54 70 73 50 53 71 86 79 94 64 68 53 58 60 75 52 74 98 96 96 60 81 90 62 65 83 60 98 97 51 93 60 80 97 57 80 95 79 
56 91 55 69 80 50 56 65 96 96 58 96 74 81 80 62 59 83 89 70 53 81 92 55 83 99 58 83 72 97 90 52 64 66 75 93 82 63 86 70 95 95 62 71 72 84 66 72 88 66 61 76 76 53 55 77 65 73 64 77 64 68 76 96 76 74 76 52 50 60 97 71 90 78 72 95 92 72 86 51 84 53 55 55 70 63 89 76 79 67 95 87 86 88 94 79 84 56 99 91 
77 78 84 76 93 84 71 63 51 61 98 73 65 99 69 52 51 68 70 97 69 95 68 67 95 65 66 71 53 65 72 97 82 68 75 73 57 91 97 53 95 79 53 72 92 99 96 70 87 53 80 79 77 60 81 68 54 68 50 75 54 58 70 85 99 76 50 85 80 96 56 68 79 52 87 51 66 81 93 51 65 59 60 59 90 79 64 51 80 89 73 59 93 54 93 82 86 74 82 91 
96 97 84 53 88 95 84 85 86 99 96 72 94 71 72 67 87 95 74 72 54 59 72 66 54 78 96 86 74 65 82 98 79 55 50 69 79 61 91 68 88 88 79 85 62 80 51 94 69 99 86 86 91 59 51 82 58 70 80 74 96 98 77 75 88 97 80 97 82 76 66 58 82 88 66 58 54 74 84 89 92 94 99 72 66 98 68 90 69 71 81 90 94 78 97 71 99 54 83 96 
92 58 98 98 60 91 81 61 88 73 50 81 57 66 74 58 92 84 81 86 52 89 88 61 98 97 54 82 98 91 55 84 94 66 69 98 72 76 90 83 86 89 76 52 77 54 51 93 54 53 55 63 88 84 92 85 97 51 70 75 58 57 68 98 89 95 82 73 74 62 83 93 51 84 88 76 92 94 58 50 80 97 93 74 78 81 67 56 59 68 68 93 55 72 86 98 94 87 57 98 
66 89 88 75 99 81 58 62 72 77 56 82 75 79 89 56 68 64 75 87 75 87 57 61 74 65 84 64 60 81 53 55 69 96 86 76 86 51 50 53 73 75 54 71 61 63 78 98 79 94 69 55 59 81 58 92 52 67 71 79 57 71 89 78 57 53 65 90 97 57 84 50 83 67 69 95 81 59 72 55 89 58 69 78 66 71 86 61 52 95 89 95 96 83 65 80 86 78 64 71 
76 55 92 52 96 87 64 57 98 55 85 90 74 98 95 98 50 50 71 73 60 53 85 58 99 62 78 65 76 84 90 80 80 63 61 53 73 92 71 87 62 80 83 54 54 58 85 78 54 70 77 88 96 87 92 87 65 73 74 77 93 72 85 83 97 81 58 85 85 91 72 86 70 74 62 75 79 66 60 69 62 59 50 53 67 53 65 92 62 90 84 71 52 99 73 74 57 78 94 92 
68 81 60 71 54 97 64 64 91 61 67 62 72 50 70 82 67 78 82 99 54 94 82 52 82 52 75 90 97 79 71 72 56 71 76 56 63 99 58 96 74 77 60 51 94 51 85 84 99 66 91 56 74 67 63 72 55 63 60 77 60 78 81 80 56 62 94 67 97 76 99 63 64 56 66 77 75 78 92 67 55 60 65 59 92 85 72 50 65 80 80 94 68 86 93 83 77 63 74 79 
96 98 90 59 79 80 62 86 56 67 65 57 88 84 50 63 74 77 78 64 85 68 94 78 91 94 99 76 72 57 50 70 52 85 65 77 55 53 91 68 96 51 72 70 75 63 92 99 58 54 78 94 83 89 72 52 54 81 70 98 92 78 65 98 89 51 81 92 72 59 75 53 87 73 99 57 66 97 60 78 83 78 51 52 52 63 75 83 66 58 80 59 79 58 80 58 97 60 91 81 
53 83 97 69 84 51 74 75 84 71 67 86 92 69 63 89 74 67 62 65 72 81 59 60 77 92 80 52 65 96 61 70 80 86 90 54 77 84 66 56 70 70 86 95 66 79 51 86 57 95 89 67 66 69 87 90 94 83 67 54 62 90 78 85 70 78 71 53 84 76 60 53 74 89 75 61 56 82 64 90 79 72 96 59 77 58 89 50 60 54 76 96 99 55 94 83 93 76 55 64 
95 56 59 71 99 74 80 74 72 51 51 88 95 56 73 65 92 70 81 85 86 98 87 58 63 90 94 89 99 84 83 58 95 58 82 68 54 76 99 74 84 85 53 79 64 66 81 69 99 53 83 95 75 95 79 58 74 52 99 54 80 81 73 85 96 69 93 57 76 90 67 67 70 74 96 70 59 73 92 91 88 70 60 56 52 85 89 79 77 84 99 58 66 79 90 98 82 72 62 87 
84 57 64 86 91 90 82 95 86 90 95 66 95 56 93 50 84 55 72 66 96 79 80 57 76 92 64 95 70 52 53 89 84 76 55 99 59 92 77 81 76 61 69 66 67 90 87 97 55 51 91 90 68 62 82 92 75 74 70 86 72 58 85 60 90 74 90 89 87 62 74 59 76 74 52 87 75 91 63 88 74 78 84 93 90 93 97 97 57 58 60 96 53 75 57 73 73 57 54 87 
65 98 76 87 75 58 94 77 73 76 71 54 64 50 92 85 97 75 63 66 73 68 76 97 99 51 95 99 71 76 57 52 74 64 68 77 78 97 94 78 51 50 83 79 97 69 71 91 60 52 85 97 51 69 52 85 84 57 74 95 59 62 81 54 95 99 55 66 55 74 70 70 81 72 97 74 84 55 52 74 78 78 91 73 68 97 95 66 84 61 94 92 75 85 74 75 50 72 96 81 
77 51 96 73 90 84 57 57 60 66 87 50 87 59 95 57 90 82 88 98 66 95 85 81 61 59 65 59 94 55 67 85 75 90 73 56 97 69 70 85 58 50 91 50 60 75 50 86 50 61 73 65 75 99 57 99 74 62 52 55 95 98 50 80 87 95 80 56 63 91 91 89 67 84 92 94 93 74 85 64 78 64 76 75 88 89 82 78 98 80 75 73 69 73 92 50 91 62 66 64 
81 76 92 99 87 98 52 62 70 68 59 91 93 75 55 52 86 54 98 54 92 83 59 60 85 89 64 67 88 75 77 87 83 94 73 86 72 91 54 56 83 73 99 58 75 68 92 92 75 78 81 97 77 50 65 99 86 99 91 85 61 98 99 86 87 74 67 71 57 85 60 50 91 64 60 53 91 98 65 54 68 62 68 57 68 93 97 62 84 74 85 70 99 83 69 74 76 61 50 54 
96 98 79 91 53 66 67 90 68 94 80 51 67 87 55 77 96 87 97 81 53 82 64 72 75 68 97 58 65 86 89 96 99 92 77 66 78 60 70 74 82 99 87 53 77 88 77 87 52 89 85 75 84 53 80 74 55 86 93 83 88 85 55 51 80 56 89 74 84 94 70 61 61 53 57 69 50 96 69 55 72 88 76 95 92 94 72 89 71 96 62 86 83 95 66 82 59 58 62 65 
82 54 86 85 52 89 59 97 70 62 88 72 61 76 50 83 82 51 62 52 63 98 74 62 85 88 65 78 56 92 72 81 65 73 83 80 93 94 88 78 67 98 52 71 69 87 65 61 66 67 67 55 65 90 69 91 83 51 71 70 54 78 60 55 62 55 93 54 81 59 61 79 53 99 54 81 53 68 83 69 82 60 90 99 57 68 93 97 76 51 51 83 62 79 95 88 97 69 98 88 
57 87 58 83 88 68 50 66 84 53 65 64 79 87 76 68 63 89 96 70 50 70 83 86 61 65 58 61 72 65 81 60 93 85 73 78 52 87 60 84 91 56 62 62 68 74 61 95 60 52 84 79 98 86 85 86 91 89 82 98 59 68 98 51 58 95 95 94 85 53 78 70 62 63 72 78 58 65 89 84 63 96 59 59 59 89 55 51 80 74 65 62 99 76 61 86 65 66 50 88 
61 54 97 73 79 61 63 52 54 72 90 88 75 92 96 87 71 53 62 88 56 55 52 69 90 56 59 90 90 68 83 55 59 83 66 79 90 50 77 54 99 96 95 73 64 89 71 96 89 68 63 61 58 72 62 92 62 53 80 70 62 98 78 67 63 79 65 55 53 93 87 54 77 73 81 60 65 72 56 81 82 97 97 67 92 60 50 90 53 92 77 97 75 82 90 83 58 60 64 96 
93 83 84 74 60 80 75 75 87 89 74 74 71 73 68 81 60 90 66 88 93 75 84 56 79 78 96 55 87 50 88 57 79 94 88 52 97 67 75 65 85 62 90 95 79 77 74 67 85 73 73 58 72 64 80 88 64 87 92 61 76 81 63 96 64 63 67 77 96 98 76 75 71 97 60 81 52 61 92 52 60 89 58 57 84 76 73 50 65 58 86 99 57 57 86 74 74 84 81 98 
79 57 79 61 86 96 97 73 84 62 94 50 79 91 90 75 52 68 99 68 88 63 80 50 72 71 70 86 93 91 88 51 55 83 93 65 57 88 79 96 90 88 56 81 68 64 58 55 76 80 78 56 97 77 78 68 87 60 56 51 70 70 74 58 97 96 96 57 70 86 88 60 60 87 93 53 67 84 63 54 50 96 86 60 60 82 56 80 74 54 85 73 88 94 94 55 64 82 80 76 
68 86 63 97 96 63 70 77 78 58 93 91 50 64 87 55 63 89 78 85 57 69 95 90 81 91 77 91 87 55 98 95 85 68 60 76 96 85 88 97 96 86 52 51 77 56 72 79 83 70 61 94 55 99 97 98 59 69 62 64 74 91 94 90 86 96 56 94 52 84 59 56 60 52 54 96 56 53 50 86 55 83 98 96 69 58 73 83 77 96 51 73 87 92 54 83 72 86 72 99 
77 66 79 85 54 52 58 89 84 65 56 59 61 70 63 72 65 76 76 93 72 88 73 80 50 52 91 85 98 99 89 92 63 61 51 85 59 84 99 90 61 94 64 92 50 78 63 80 77 54 66 56 98 54 84 74 50 98 60 70 77 88 84 97 74 85 56 80 68 84 97 65 50 81 53 57 57 55 53 90 91 71 59 62 95 77 97 50 98 70 55 72 54 75 51 78 78 87 54 54 
81 56 61 57 69 81 74 54 87 82 63 77 51 63 65 90 72 91 88 86 66 68 88 60 62 81 59 71 80 89 54 97 70 66 77 71 88 76 98 51 92 73 74 57 60 70 61 86 73 72 52 96 53 62 81 99 79 98 98 96 90 53 71 77 75 95 75 73 97 65 53 73 95 98 75 93 63 71 70 93 59 87 77 81 66 67 85 79 55 64 76 66 73 81 62 66 95 97 70 85 
66 59 79 50 77 91 73 85 60 91 96 56 51 67 54 97 76 74 58 74 52 79 57 87 82 89 69 71 63 92 60 77 57 83 66 52 87 60 58 62 63 58 83 92 88 84 79 67 65 99 73 55 77 99 85 78 68 55 95 70 64 97 85 67 54 72 88 83 85 88 69 58 52 93 61 91 95 73 69 99 78 93 87 80 84 81 68 74 96 86 96 52 57 58 77 80 94 68 63 78 
87 78 68 98 95 69 51 66 71 67 89 85 66 71 75 74 86 80 53 69 69 73 55 59 87 64 81 61 59 89 93 70 67 65 79 53 95 83 58 63 78 55 77 90 78 81 67 52 57 64 68 77 80 54 89 85 73 64 66 82 84 76 67 56 92 84 66 88 78 50 60 72 86 80 94 56 84 67 81 67 55 50 99 75 64 76 78 87 63 95 96 72 59 99 86 55 73 70 66 60 
58 79 62 90 53 56 64 61 69 93 94 77 97 65 79 71 75 66 74 82 81 69 75 83 79 94 87 88 50 87 74 63 55 59 57 51 50 70 61 92 67 88 53 94 98 83 96 84 92 94 92 66 55 93 58 80 83 99 76 60 65 59 83 75 81 53 78 89 57 81 50 84 72 60 78 61 99 94 90 88 68 57 51 91 92 56 84 67 85 63 92 58 61 62 83 84 63 70 97 64 
73 66 61 53 60 56 54 91 62 99 88 87 72 58 88 67 97 51 99 55 73 99 78 63 68 86 81 57 60 93 78 87 91 92 94 96 82 52 58 95 80 53 75 58 99 56 64 76 55 50 58 81 67 77 51 50 90 78 82 96 90 97 72 79 94 94 70 54 94 83 95 82 84 75 50 72 81 62 83 81 79 95 65 87 50 91 53 50 67 73 91 60 86 58 96 51 52 71 84 96 
57 80 81 53 73 82 84 69 74 72 73 63 78 53 70 99 84 79 88 60 58 67 76 51 63 59 88 65 51 51 86 97 95 95 59 56 73 75 51 98 75 98 92 54 96 84 79 66 55 72 96 71 65 74 74 93 65 80 89 83 81 82 96 71 64 70 67 87 85 60 62 94 82 96 99 53 91 85 77 78 52 98 55 64 87 77 59 74 80 70 97 85 70 50 53 86 72 69 95 61 
62 59 70 85 74 75 93 82 98 92 66 83 89 78 57 64 51 73 91 62 82 51 74 72 66 95 93 90 62 66 76 94 72 95 78 93 86 82 86 70 68 56 78 54 65 98 77 68 72 53 92 93 64 53 51 65 75 92 99 70 65 60 87 82 57 58 92 51 55 75 96 83 71 63 60 69 57 80 54 99 65 73 51 85 81 77 55 88 52 57 66 87 69 72 51 62 86 62 61 62 
59 57 91 79 81 56 70 92 54 92 89 78 98 98 93 92 86 64 60 73 85 54 62 66 62 88 78 53 65 81 96 79 80 86 65 80 94 50 51 94 57 63 63 62 99 81 90 92 75 74 70 55 73 61 74 86 63 80 65 55 80 63 66 86 93 54 60 71 53 76 69 71 53 53 78 96 62 54 80 62 74 90 51 69 67 81 83 71 77 56 64 87 81 51 65 86 55 56 53 69 
80 97 54 52 96 74 78 97 56 87 51 71 60 61 54 53 64 79 92 81 79 88 93 66 68 62 53 66 57 96 78 78 76 73 98 67 73 84 78 65 58 70 83 86 50 91 66 87 92 79 69 69 71 52 55 61 87 87 93 95 58 50 68 81 69 83 53 60 88 69 66 64 91 97 82 99 95 85 63 72 98 83 70 58 59 95 60 50 97 82 58 96 89 91 90 90 58 73 81 95 
67 76 53 59 94 85 73 99 95 62 72 57 72 72 52 80 64 75 57 84 84 68 51 61 76 73 66 59 80 61 52 50 70 93 84 83 62 59 61 76 50 65 99 69 71 97 51 89 57 90 79 53 57 59 74 89 50 80 98 86 89 87 55 62 97 76 52 81 95 77 66 80 65 95 68 76 87 92 85 79 80 81 56 89 58 90 76 60 96 62 95 65 54 83 99 74 78 84 84 78 
70 73 77 74 93 97 86 70 89 59 78 60 94 74 97 93 76 91 54 80 64 80 56 72 71 62 92 53 68 52 71 84 77 83 74 89 54 77 51 50 91 91 92 70 88 96 52 55 85 85 61 51 70 57 79 96 55 61 91 54 59 97 81 83 97 57 84 95 80 55 73 66 57 81 83 89 53 69 92 97 52 83 97 60 79 69 83 56 76 73 90 59 61 50 71 53 76 54 64 96 
98 53 61 90 81 62 87 59 85 64 69 75 52 92 67 57 98 71 70 80 82 62 65 52 77 81 67 94 79 79 54 95 68 93 81 68 60 69 77 97 80 84 94 69 79 86 67 72 65 89 83 66 88 65 90 88 90 61 90 83 83 90 70 62 69 79 53 64 76 50 94 66 83 60 50 97 81 69 60 65 77 83 89 63 69 54 97 93 97 85 70 93 62 79 55 98 75 70 78 53 
94 71 85 79 79 57 67 55 51 64 86 67 54 57 84 75 85 69 83 86 88 87 58 54 76 61 81 60 97 80 81 62 53 82 75 93 56 74 71 85 83 73 71 95 94 54 95 63 91 61 89 71 62 99 61 96 76 73 73 89 63 60 72 69 58 73 52 83 94 81 72 76 92 97 93 68 63 64 84 82 81 71 98 63 77 53 62 86 92 76 63 55 85 60 55 70 90 97 72 59 
66 88 95 57 79 98 68 92 93 78 99 93 80 75 72 80 66 84 91 96 50 98 90 66 54 53 50 88 98 71 66 93 79 77 76 80 51 81 84 57 54 50 90 66 53 58 72 91 80 81 91 81 68 54 69 52 69 93 55 89 63 53 92 52 78 53 70 79 93 55 95 83 81 86 84 52 85 51 58 83 85 54 99 94 87 89 79 86 83 55 77 98 68 73 84 62 79 69 68 63 
76 60 73 95 50 88 74 81 67 99 62 96 78 79 80 53 91 92 65 63 73 83 67 50 60 58 80 51 63 58 60 58 56 50 72 67 76 86 55 74 77 63 76 87 61 95 80 93 57 78 65 64 66 50 60 76 83 93 89 57 74 72 80 55 98 83 56 72 86 72 66 86 95 61 59 51 82 96 68 88 89 51 62 96 99 69 83 78 63 89 90 71 92 68 82 98 60 97 61 88 
54 67 67 67 85 87 61 79 50 78 82 87 91 62 57 60 84 84 88 86 77 84 61 92 74 84 66 78 84 69 96 90 97 70 57 71 64 77 59 53 76 87 88 74 77 72 85 69 69 62 74 98 77 64 96 82 56 69 69 86 55 83 98 76 82 91 91 65 94 72 62 89 81 68 89 61 95 85 92 79 65 67 84 69 98 51 84 85 91 55 58 63 99 97 98 97 64 98 87 55 
91 69 74 93 97 55 56 61 80 59 65 59 89 57 63 71 56 96 81 64 87 77 66 80 57 92 91 82 92 89 98 62 66 75 64 95 53 50 53 74 71 77 85 95 63 55 87 60 73 81 68 95 85 87 99 74 59 71 50 61 71 75 82 55 81 54 96 82 84 81 68 55 79 55 85 73 79 71 75 74 84 68 92 98 63 62 92 75 68 94 92 63 78 91 71 75 51 56 76 61 
53 91 62 88 62 63 68 71 52 58 84 57 65 63 76 86 51 61 57 91 72 90 66 87 67 79 95 51 98 81 62 59 99 75 85 99 90 82 60 71 54 62 80 96 95 89 98 56 52 78 60 84 50 65 71 98 79 64 77 98 82 94 71 99 93 60 83 99 89 99 64 87 85 97 80 79 87 59 83 50 74 90 76 74 97 55 71 97 99 50 96 56 79 54 66 74 69 63 84 57 
89 97 65 55 52 70 53 53 77 55 72 66 54 90 76 63 61 85 56 57 55 70 99 93 66 63 91 77 89 85 62 74 83 68 78 52 65 71 84 90 78 98 89 96 51 65 81 85 73 73 72 93 78 73 70 85 67 69 90 74 87 95 80 76 51 67 86 90 90 56 84 70 94 90 73 69 79 60 87 75 76 51 74 81 87 65 64 55 60 65 65 86 91 66 76 76 55 88 83 72 
79 78 76 58 67 74 74 80 69 85 59 56 67 83 74 51 81 58 51 75 97 96 86 88 74 64 57 59 81 56 51 91 78 56 71 82 63 93 75 86 54 96 79 59 91 84 54 50 60 53 74 51 89 75 90 72 58 95 98 73 71 66 71 99 70 91 53 95 57 69 98 98 92 73 93 52 55 72 71 53 64 96 94 98 88 87 98 61 78 85 70 64 65 71 83 52 94 97 54 96 
68 64 83 75 69 65 87 70 66 75 79 53 98 55 99 84 57 62 95 63 76 59 74 65 65 90 56 83 55 74 67 77 67 56 52 59 65 83 74 61 86 87 63 94 52 56 96 65 95 87 51 64 83 87 94 70 79 61 61 63 77 72 64 96 51 55 56 79 97 54 86 84 91 66 75 54 96 52 65 61 70 56 54 98 97 89 89 82 82 73 59 97 76 85 63 67 81 90 79 88 
59 76 58 51 82 90 71 64 88 85 78 80 86 84 81 57 95 85 93 56 81 56 77 61 80 95 83 60 89 87 94 56 58 99 99 80 62 88 96 90 72 52 56 90 50 85 88 66 85 81 92 91 52 97 52 85 89 59 94 57 73 99 88 87 61 96 63 92 88 65 91 70 78 85 52 54 59 60 96 54 55 70 83 54 84 51 82 73 85 75 52 76 85 75 90 50 99 81 60 53 
88 69 63 62 83 74 82 88 50 95 64 82 74 70 79 76 89 94 98 71 89 53 68 91 65 68 98 97 99 60 95 54 62 83 54 81 97 68 80 68 50 66 82 63 79 59 88 97 98 82 99 93 79 57 58 67 91 63 52 55 76 78 76 76 50 59 95 51 59 90 83 70 62 56 55 80 90 96 87 57 50 94 66 79 87 55 71 87 69 70 63 97 72 63 54 78 61 91 54 66 
68 67 56 81 58 59 92 81 67 97 66 61 89 76 75 71 78 60 92 73 60 56 57 94 61 52 74 63 97 71 58 92 93 59 62 78 88 60 87 91 58 91 91 61 88 82 99 69 78 66 51 55 51 70 50 51 60 81 88 77 76 74 55 88 74 82 79 95 61 78 79 65 95 52 93 80 88 69 58 62 53 50 92 95 93 83 93 69 90 88 75 88 78 97 51 98 75 71 79 88 
85 98 65 51 80 62 93 92 61 80 97 79 60 83 96 82 63 84 94 67 99 70 51 57 58 71 86 87 69 60 65 78 57 93 84 92 54 54 54 52 86 97 64 75 51 94 74 63 91 50 59 92 88 80 94 59 59 77 71 58 61 70 54 92 50 66 98 58 74 75 90 87 82 76 55 78 86 54 57 89 71 52 60 65 79 76 53 87 71 57 88 91 85 92 80 90 66 57 53 68 
87 80 95 74 83 88 87 85 82 70 55 74 81 94 59 72 92 97 77 89 96 60 70 91 64 87 82 64 65 81 52 59 93 94 57 72 91 95 96 56 52 51 74 58 98 59 67 80 92 78 52 90 53 68 66 78 50 91 96 93 81 59 69 63 81 89 66 90 76 52 91 79 73 57 88 94 70 95 57 76 97 83 68 97 75 95 81 90 92 58 78 64 85 56 56 86 86 69 52 93 
75 86 58 67 72 59 79 51 88 69 69 66 86 61 52 59 52 86 76 55 95 73 96 55 64 55 78 86 62 67 61 80 66 53 61 58 53 93 79 72 92 99 73 93 94 57 92 52 80 95 63 82 95 95 91 55 93 72 60 91 58 72 97 79 85 70 67 50 70 69 80 94 73 54 55 50 75 98 55 86 81 87 58 93 71 81 63 65 64 63 52 57 82 73 67 83 90 77 56 61 
51 79 65 92 66 68 50 92 87 82 69 59 81 82 96 51 79 91 66 57 93 87 82 63 67 65 59 79 85 77 63 55 66 60 75 97 79 68 99 80 61 70 63 74 70 61 78 59 58 79 92 89 76 61 83 57 97 66 54 72 57 58 97 87 74 82 69 94 70 94 89 98 64 56 79 66 84 51 66 95 50 94 74 99 98 67 85 80 62 86 56 80 77 72 78 71 65 80 70 81 
61 71 61 71 83 54 66 77 66 86 58 76 54 74 70 73 87 62 95 98 50 99 89 94 56 80 94 87 91 95 77 65 94 61 83 64 88 83 64 91 50 83 88 93 72 58 65 68 65 95 50 79 62 65 54 91 76 77 58 73 94 63 57 76 66 59 89 50 76 66 54 77 93 60 93 61 79 58 63 69 57 66 73 95 69 51 58 57 88 98 97 55 55 77 56 78 66 66 51 88 
72 59 58 80 77 72 63 66 79 64 55 80 92 71 98 89 62 52 77 64 63 74 97 85 79 64 79 87 80 81 53 69 72 71 68 85 58 96 71 60 84 54 92 66 92 93 66 84 98 58 87 56 76 88 88 69 50 71 72 76 72 95 79 87 67 67 63 94 69 91 70 92 72 50 72 85 68 90 97 87 85 90 60 56 57 98 79 87 79 60 74 84 74 76 73 98 82 57 78 63 
80 86 77 64 98 62 70 82 97 72 60 94 56 86 92 72 93 93 87 73 61 80 81 70 75 78 85 78 72 98 63 82 58 98 80 84 71 63 54 92 51 84 95 82 65 59 53 65 50 62 77 85 58 62 68 63 54 88 56 84 56 85 79 78 92 80 93 81 59 90 84 86 83 95 52 50 96 67 91 77 99 96 81 77 85 96 91 95 94 60 79 82 80 63 62 74 76 79 99 79 
65 57 54 75 65 55 70 94 77 57 52 96 53 54 86 69 89 65 99 73 74 90 55 79 82 54 73 71 72 58 78 77 96 71 79 92 70 63 69 61 58 57 88 54 59 78 98 98 94 55 54 53 94 60 66 61 55 67 66 54 84 79 66 95 55 50 79 78 79 86 60 70 81 87 75 93 69 78 71 61 97 88 90 83 57 99 62 72 53 79 98 76 58 93 90 77 61 77 56 64 
70 68 99 74 68 82 81 83 74 58 57 86 63 54 59 52 62 83 54 73 58 70 97 82 81 89 60 72 56 85 94 93 92 91 72 81 76 78 86 98 50 62 62 68 85 98 87 59 65 71 91 61 62 68 92 82 58 54 61 79 95 54 76 52 90 67 76 56 78 52 81 76 76 99 97 78 82 65 72 84 58 76 96 85 76 54 92 80 66 99 63 71 53 87 60 91 84 55 76 70 
99 60 55 72 51 75 89 74 81 72 81 89 52 99 50 97 71 83 84 53 76 59 71 80 98 74 90 50 56 93 64 50 95 70 87 96 89 97 59 70 85 89 77 53 99 97 52 65 86 98 64 79 57 62 50 98 84 59 96 64 65 56 60 67 55 59 59 54 88 90 80 97 80 61 90 94 60 88 65 69 51 90 75 80 76 77 92 51 63 73 84 78 71 64 91 80 86 74 88 69 
74 62 82 63 53 90 84 50 76 70 94 74 92 60 69 85 65 69 62 66 66 99 80 69 84 94 99 51 52 70 57 75 90 88 93 88 67 56 59 66 94 65 83 59 84 97 55 65 58 62 53 68 76 87 90 72 92 57 93 87 69 74 75 96 81 55 81 71 91 55 75 72 50 71 73 98 71 79 52 79 88 78 73 67 96 53 57 53 97 63 63 66 59 78 63 71 86 54 76 55 
65 53 85 53 86 68 87 65 94 90 61 91 97 88 74 97 52 55 87 92 67 79 61 61 73 60 57 63 86 70 97 81 52 80 85 93 73 99 67 73 75 93 57 53 80 94 90 59 58 74 98 51 69 75 97 58 62 65 57 67 67 72 68 90 95 89 90 61 60 58 82 97 92 99 91 64 60 72 96 89 68 60 85 51 97 60 79 96 55 87 87 90 52 85 85 57 69 56 68 91 
66 70 74 54 69 54 50 59 66 55 80 98 75 71 83 70 87 52 72 71 84 56 80 71 55 88 75 73 70 89 74 61 72 70 86 76 89 84 61 95 85 63 60 82 53 88 70 83 94 60 70 50 79 67 52 70 87 83 51 86 56 69 80 81 73 98 95 92 83 84 76 84 85 97 76 77 55 62 57 63 88 60 97 55 51 91 87 59 66 87 83 55 80 82 97 78 69 80 73 58 
86 90 85 66 73 89 65 68 79 56 78 85 94 56 80 78 91 60 53 86 89 88 84 98 53 96 91 93 69 83 61 62 81 88 95 90 53 60 94 79 89 98 66 94 51 64 53 61 75 84 76 62 69 66 91 60 92 71 72 55 65 74 83 89 81 55 74 84 85 61 77 96 97 70 58 79 68 54 73 95 55 54 50 87 64 82 76 71 79 62 53 79 58 51 69 67 92 82 85 56 
79 51 66 63 64 99 85 90 52 72 65 87 83 60 71 57 89 56 86 98 66 76 50 94 74 78 71 68 69 77 64 68 74 62 97 83 86 88 53 98 84 57 70 76 96 70 57 85 92 82 73 74 53 83 74 99 76 52 93 69 69 66 55 53 89 75 74 95 52 63 55 63 64 56 70 72 68 84 95 98 72 89 82 94 96 51 74 77 79 56 53 98 78 87 53 94 71 95 91 52 
73 77 74 76 90 73 69 50 69 82 81 63 80 87 83 84 91 82 76 89 59 81 75 55 91 76 85 77 87 75 62 95 91 71 55 50 68 58 83 99 54 65 52 84 51 67 89 89 72 65 96 50 70 87 58 88 96 85 92 84 60 79 85 58 91 59 98 54 87 97 94 62 53 50 68 85 89 82 92 93 63 58 50 56 55 93 64 52 72 53 79 58 60 61 73 61 72 74 62 63 
84 59 91 99 73 50 67 75 54 78 99 62 94 84 89 51 53 85 68 70 53 88 86 52 55 89 99 77 96 59 73 87 78 59 61 76 56 70 70 75 62 75 87 78 94 82 51 98 67 56 86 84 70 81 96 94 86 72 92 80 60 62 52 57 78 74 74 89 57 81 70 74 51 62 97 55 90 55 94 90 75 56 73 59 76 57 56 60 83 88 87 62 69 94 64 53 79 98 96 53 
82 93 64 84 66 91 80 88 94 60 52 86 64 75 64 71 99 68 70 82 99 50 79 54 74 51 68 52 77 74 64 62 57 80 86 57 66 88 82 85 53 82 73 55 88 96 82 57 80 73 68 87 88 66 68 89 56 84 62 67 69 75 54 64 73 65 64 91 74 78 66 55 76 79 87 81 89 79 80 63 87 60 89 88 66 96 51 96 85 85 61 57 50 51 90 86 99 99 72 94 
70 80 61 61 50 51 76 93 97 60 74 97 64 58 98 92 82 52 80 95 85 70 92 57 83 75 62 70 57 58 95 69 65 71 65 98 74 94 85 79 77 96 86 88 98 90 65 70 67 75 72 72 89 94 57 51 96 58 83 56 58 73 65 74 60 53 91 83 69 53 65 95 72 64 60 63 54 51 74 93 55 65 93 91 93 85 58 94 97 82 68 72 72 93 82 50 84 59 69 60 
83 97 80 61 78 99 77 79 76 69 71 73 56 90 70 71 70 79 99 83 98 95 54 50 78 72 70 50 65 95 58 78 74 80 93 95 90 59 61 97 86 96 87 96 62 93 73 63 85 57 87 77 75 78 84 97 66 74 53 74 62 55 72 74 72 54 79 73 80 94 66 73 77 54 88 77 66 74 76 75 85 92 60 66 66 86 62 80 91 86 59 97 86 90 87 70 93 64 84 53 
78 84 79 89 80 75 69 70 84 53 94 83 79 77 55 73 66 95 58 57 89 50 61 95 69 59 81 91 86 71 64 79 84 78 77 69 94 92 64 80 90 79 78 70 55 55 60 94 67 86 92 81 61 83 54 97 90 88 50 86 85 68 96 88 81 74 92 75 75 52 78 51 50 76 72 58 73 81 95 88 92 86 99 96 96 90 96 84 58 81 65 62 96 74 70 64 79 54 77 67 
78 87 79 57 78 93 81 88 56 61 61 98 50 66 74 93 89 50 91 73 74 54 54 92 73 75 94 56 81 63 50 88 73 70 68 71 70 76 99 68 58 67 70 85 78 58 53 85 92 87 57 93 71 67 55 79 93 70 72 67 54 50 97 59 64 88 53 63 53 96 98 99 99 66 75 87 97 68 53 91 83 71 84 63 72 54 87 79 72 92 57 78 51 78 98 88 62 64 90 51 
94 74 78 94 96 61 99 54 76 77 80 62 86 56 80 67 50 56 66 94 74 61 64 92 79 73 79 62 96 58 67 76 59 88 87 61 73 97 80 95 78 92 87 85 82 74 87 79 73 65 66 54 63 88 80 62 87 79 86 64 68 88 51 85 88 99 62 53 88 69 79 62 67 61 96 50 78 64 52 71 57 71 69 53 81 90 75 84 54 71 78 82 56 92 60 86 81 88 62 70 
79 69 65 63 69 63 83 68 62 57 64 81 94 99 96 70 70 63 91 82 70 58 97 51 67 88 56 57 78 55 97 96 50 71 63 80 88 67 53 53 91 88 81 87 71 86 91 89 59 73 88 91 60 94 96 94 85 52 86 53 95 79 84 73 66 73 98 95 58 67 55 85 93 77 63 77 72 72 91 58 52 63 51 94 71 99 52 97 70 70 64 55 72 70 86 67 65 80 97 55 
52 73 51 88 88 64 56 86 96 59 50 55 67 76 83 79 74 96 66 50 50 97 85 74 61 65 65 61 78 78 58 89 99 81 82 78 71 79 84 85 98 59 98 90 54 71 70 72 86 56 87 52 62 72 53 62 55 87 96 72 99 96 56 64 58 54 60 96 99 98 54 87 74 74 69 75 96 78 86 51 92 57 57 99 94 84 97 63 91 50 73 66 74 67 71 78 64 81 83 68 
52 70 86 60 68 71 79 81 55 59 62 96 52 84 57 82 69 60 55 81 75 77 56 64 61 50 66 56 84 93 88 77 55 74 75 67 53 58 53 83 92 71 62 74 59 71 77 90 95 94 98 82 97 91 67 55 80 62 85 94 52 82 89 90 74 95 67 76 72 78 62 63 56 73 77 86 71 97 76 64 73 88 86 52 76 56 77 54 83 62 54 76 69 55 53 81 79 93 67 58 
68 91 68 98 55 84 79 95 51 53 71 80 71 88 60 59 51 74 77 54 84 75 73 53 51 54 54 82 76 71 64 81 81 96 99 66 89 80 51 63 91 99 83 90 90 99 72 84 95 58 50 51 64 58 91 68 71 89 63 59 68 62 62 59 93 65 94 85 70 87 77 92 82 87 78 61 85 86 63 99 71 63 90 74 65 84 63 78 89 62 67 57 87 61 90 72 78 81 95 66 
80 67 98 84 92 87 58 96 84 67 72 55 50 66 79 70 98 89 69 63 70 86 83 64 82 78 55 56 78 97 75 61 59 80 88 78 83 83 90 71 61 64 80 81 93 92 98 77 87 53 56 94 65 51 55 60 99 58 51 56 80 58 53 76 95 78 61 85 50 62 66 54 69 96 63 74 74 93 78 80 62 78 56 69 73 97 80 88 57 98 83 81 95 70 99 80 79 80 57 72 
52 50 68 82 72 80 85 55 95 83 93 87 57 86 67 96 71 59 96 80 87 58 85 65 63 98 74 79 76 59 83 91 67 90 89 59 58 89 77 86 61 86 62 95 98 68 63 90 79 53 71 99 56 77 51 83 81 62 89 69 90 87 90 99 54 96 65 81 69 72 77 78 92 54 81 83 72 59 61 87 88 72 81 53 60 65 53 67 63 77 55 76 68 83 68 54 88 74 91 59 
95 51 96 73 87 80 85 83 81 56 87 89 81 99 85 66 71 77 57 77 50 68 75 89 87 53 51 94 62 72 94 91 93 69 55 65 73 51 66 60 91 91 96 90 76 71 95 66 83 89 90 76 81 71 78 91 76 98 85 94 54 87 58 80 92 65 70 65 71 95 79 84 80 94 66 57 78 63 82 53 84 72 69 66 70 51 88 50 63 95 68 69 56 94 61 85 89 77 85 62 
64 86 80 58 55 99 86 52 62 71 67 98 81 84 50 74 82 95 86 55 89 79 64 91 58 67 52 61 63 50 90 98 88 77 60 72 70 75 53 91 97 89 51 77 88 64 89 82 77 58 60 55 91 99 89 83 71 75 80 83 69 90 79 50 57 69 53 99 66 88 55 65 61 94 86 60 98 65 72 79 90 74 70 50 53 97 56 60 86 85 64 94 65 69 58 76 54 69 57 80 
80 81 84 90 63 73 85 93 80 82 85 53 83 67 64 81 95 87 51 72 81 53 59 88 88 96 69 66 70 75 97 53 58 99 88 85 89 70 72 86 91 57 77 68 69 84 82 93 69 70 53 71 57 71 55 84 95 55 60 90 87 99 60 58 72 94 84 93 84 74 98 88 91 85 70 82 79 51 56 85 82 55 64 52 91 53 51 82 67 87 96 81 73 51 57 69 73 92 79 98 
79 84 78 61 62 86 90 95 73 89 90 81 55 87 71 74 57 81 88 58 84 53 60 54 70 97 60 86 58 68 98 70 64 65 98 96 60 74 78 59 71 80 65 85 90 78 52 67 90 98 60 91 90 88 75 74 83 86 71 91 56 71 74 90 76 74 76 69 78 76 85 59 50 69 82 51 85 92 77 61 92 66 52 91 53 85 50 82 79 62 82 83 84 54 77 82 78 57 64 89 
77 55 76 59 76 97 84 85 86 61 79 98 61 67 63 82 96 84 57 67 96 73 80 94 82 63 84 54 80 93 56 72 60 72 86 67 81 56 96 80 53 51 89 58 85 64 90 70 77 57 79 54 52 69 79 55 89 56 50 91 56 57 96 81 76 58 90 77 92 72 77 98 83 90 93 73 93 75 52 95 71 68 97 68 64 54 60 75 58 73 89 90 87 77 75 74 78 57 74 87 
61 56 78 97 83 92 61 93 84 75 68 96 78 79 75 82 92 70 92 63 97 66 67 92 66 54 67 51 81 82 93 63 64 84 50 61 95 82 87 71 88 62 87 90 74 82 78 51 93 95 98 66 83 91 69 50 55 52 73 58 52 79 63 66 78 53 54 80 76 51 90 76 52 79 60 86 62 72 91 51 51 52 98 71 90 85 85 93 57 89 94 59 66 92 52 82 51 85 77 96 
73 77 94 57 58 77 98 68 82 76 75 95 80 57 82 52 62 79 96 51 92 86 76 61 70 71 99 51 58 88 88 70 74 81 58 70 65 98 93 73 73 60 65 51 98 50 64 97 94 63 90 70 72 57 99 97 80 66 74 57 63 93 68 51 79 67 65 55 61 68 88 94 84 78 88 75 97 77 85 87 83 89 97 89 72 59 64 50 83 88 82 95 52 74 77 81 58 50 88 79 
51 65 82 84 82 91 89 75 54 79 70 86 69 76 60 68 56 98 87 93 76 86 90 88 58 56 85 74 63 67 81 79 61 66 97 99 71 66 98 94 52 79 72 67 89 64 94 99 50 89 84 85 54 72 93 74 77 58 99 95 85 64 76 91 73 66 77 50 83 99 76 60 98 54 82 99 56 87 85 53 73 64 75 73 68 53 94 88 78 89 67 52 70 54 53 95 55 70 76 80 
86 98 99 98 57 95 86 60 54 97 85 67 86 96 87 60 99 88 98 89 54 73 77 51 57 81 53 74 86 75 86 94 86 50 69 85 90 67 92 99 78 68 67 56 57 76 80 98 64 85 57 83 73 85 99 90 89 74 61 56 72 68 97 83 67 82 78 65 76 78 73 80 79 84 58 84 94 59 79 58 80 78 91 51 55 54 68 51 88 77 85 81 89 73 74 71 75 73 86 74 
83 91 53 84 57 80 57 93 65 76 66 76 50 84 66 59 75 57 77 55 77 59 55 61 92 79 81 61 98 97 51 73 50 72 69 82 77 62 56 79 93 73 81 53 86 54 52 76 64 50 73 81 98 85 66 78 79 87 96 95 94 90 53 92 73 57 62 95 77 57 79 66 68 59 84 74 94 60 97 84 86 83 81 76 78 98 96 92 67 83 72 96 54 92 55 79 95 91 59 84 
79 55 69 81 76 86 61 77 56 97 74 59 58 94 84 64 86 97 55 61 74 69 52 67 90 54 91 98 90 54 72 92 80 80 58 50 96 60 66 91 52 82 53 95 88 98 59 64 93 80 94 84 95 68 59 96 71 80 81 84 52 83 72 74 76 80 61 56 68 97 65 81 64 90 59 58 68 96 65 55 79 55 74 52 77 87 62 94 79 84 61 93 95 56 92 62 67 89 62 82 
99 69 61 93 72 93 68 95 94 60 59 80 84 99 56 82 73 95 84 68 75 56 72 98 69 90 74 93 56 51 78 90 73 62 79 68 99 54 99 59 69 73 64 64 53 55 59 95 69 60 78 75 60 80 60 54 92 95 94 94 71 90 61 94 90 89 77 79 86 92 95 78 60 96 61 50 96 50 88 82 84 72 90 59 95 51 74 51 64 60 95 50 51 56 82 65 93 84 67 96 
76 66 91 54 74 58 72 99 66 61 60 67 58 87 62 66 70 99 63 57 89 68 59 76 96 59 86 79 58 74 63 87 84 88 58 96 69 99 57 88 91 64 92 58 86 75 85 95 63 83 53 87 70 87 95 57 51 57 75 68 68 83 84 94 83 93 86 77 66 62 75 69 68 89 77 91 95 94 53 82 89 78 57 84 87 63 64 85 85 60 63 94 51 71 76 90 64 68 77 58 
93 67 67 74 74 84 93 99 70 84 67 94 63 56 51 57 98 66 90 73 85 95 70 67 54 70 72 65 65 59 94 72 73 74 55 64 95 85 92 79 84 52 96 73 63 56 98 83 55 71 62 62 53 81 52 66 55 50 98 51 96 68 58 65 73 77 90 90 66 89 63 93 97 98 54 85 85 65 52 96 52 94 99 94 57 96 91 78 50 72 92 58 73 50 55 70 66 53 76 76 
97 95 62 88 96 80 85 53 92 76 85 59 93 74 88 68 84 71 75 81 93 63 74 54 72 58 60 82 96 80 64 71 90 62 72 87 83 84 51 94 79 73 69 57 88 52 92 50 73 92 65 55 85 68 75 93 55 70 83 74 95 86 60 56 86 87 89 60 56 93 94 65 86 99 56 94 88 89 64 99 63 94 81 54 83 68 97 55 56 61 54 77 81 62 81 53 90 90 62 78 

85 68 88 69 61 97 71 74 55 53 64 77 98 66 69 89 63 87 58 81 87 55 60 85 78 74 81 71 67 94 87 94 94 78 61 58 55 84 83 55 93 67 53 62 65 56 95 95 67 90 89 73 82 92 62 59 80 61 97 68 94 67 71 78 63 57 66 84 92 93 98 81 65 50 94 80 99 92 61 58 58 64 78 97 60 75 52 83 72 56 93 93 78 85 68 75 65 55 95 81 
84 75 61 57 81 69 54 58 55 53 63 55 65 84 83 89 56 91 67 67 88 82 59 80 96 53 80 72 64 57 59 55 63 66 99 75 57 72 74 52 65 80 68 61 61 57 61 88 64 55 65 80 98 96 59 50 98 95 69 85 71 97 79 89 86 64 72 80 51 86 75 81 90 53 91 76 78 91 77 64 59 69 59 65 63 64 78 64 79 77 73 96 65 98 54 87 64 62 97 55 
97 87 98 62 87 91 81 83 59 82 90 59 62 65 66 55 93 56 97 74 90 67 56 88 92 51 74 68 90 85 65 67 53 60 96 59 97 96 76 52 63 65 94 57 51 75 94 54 84 64 61 92 55 84 69 69 86 85 68 56 66 73 73 80 86 74 65 69 94 94 74 59 71 81 64 97 77 85 82 69 86 93 77 78 74 50 68 58 51 86 62 83 72 73 97 83 94 86 63 81 
54 74 55 97 96 64 89 94 96 96 76 51 92 99 61 51 50 62 54 64 89 79 80 99 89 51 92 59 62 62 79 78 77 66 93 74 57 54 66 97 77 61 96 82 54 97 55 62 79 78 57 97 95 94 56 85 67 99 82 85 72 78 97 80 71 52 90 65 56 82 92 57 69 72 91 65 80 95 95 59 70 98 59 53 69 86 78 64 81 83 76 87 72 69 72 83 62 81 58 59 
61 64 52 55 97 72 65 55 70 94 83 71 70 89 96 62 62 98 96 69 97 66 51 67 96 62 96 63 78 98 59 51 78 68 97 91 99 83 91 65 53 69 68 78 88 98 63 53 71 63 67 92 78 53 65 61 76 97 87 66 64 54 65 78 71 62 60 76 69 55 97 66 79 62 96 75 96 63 70 55 77 65 78 58 66 93 87 92 70 69 69 65 58 76 58 96 92 78 94 57 
60 57 90 96 93 96 57 88 87 87 88 57 55 72 63 54 74 68 84 93 65 52 54 93 53 59 66 94 62 59 74 62 61 75 53 90 93 54 85 75 53 63 68 99 62 50 52 82 87 66 78 84 73 77 93 57 88 73 90 87 69 85 78 89 50 92 67 69 61 81 51 57 97 87 51 91 71 91 70 79 83 99 80 99 58 74 52 92 65 92 92 67 51 91 80 59 97 56 95 91 
74 59 95 58 52 69 61 95 80 87 59 60 70 72 79 86 72 83 56 68 85 76 59 84 67 84 88 81 84 87 79 63 79 97 75 62 82 93 79 54 84 63 57 73 96 52 76 66 98 82 72 70 63 76 58 65 73 95 70 73 87 78 97 90 85 68 72 89 76 50 50 60 56 97 95 86 66 67 94 74 74 65 95 64 55 66 95 55 96 95 70 96 71 78 75 51 78 80 69 68 
99 59 71 53 61 62 92 69 88 65 88 93 83 85 52 88 60 56 63 86 90 95 66 85 99 70 97 60 82 85 54 50 71 99 84 58 73 90 87 65 99 71 87 84 84 69 55 68 96 72 93 70 92 87 73 71 55 74 81 78 53 83 50 72 61 61 87 66 72 82 53 62 59 84 82 85 74 78 82 70 78 84 53 79 97 50 90 96 78 72 77 98 78 95 78 58 72 67 54 66 
63 93 97 84 62 78 83 90 89 83 52 59 94 55 53 55 78 81 88 72 66 67 86 57 80 74 96 86 72 50 76 99 68 61 53 78 59 53 64 94 51 76 99 71 59 70 80 70 89 99 71 71 83 50 55 91 71 58 79 86 66 56 50 92 94 65 66 88 71 70 82 73 89 54 72 97 62 98 86 93 57 58 51 94 58 57 82 82 90 94 58 55 92 52 85 60 71 81 60 80 
96 98 73 77 75 81 69 51 72 68 58 95 55 77 57 71 90 84 50 61 93 52 80 94 93 98 84 82 97 59 64 77 66 75 98 97 52 58 84 51 54 92 68 53 90 91 51 75 87 95 97 57 91 55 81 67 86 64 82 73 84 65 71 76 59 64 70 71 50 63 91 70 75 64 94 89 51 90 88 68 80 95 95 97 61 53 97 82 84 70 60 99 52 58 62 90 60 97 86 51 
56 87 79 67 78 83 97 83 86 78 80 96 88 97 60 95 60 81 79 68 56 81 84 96 62 73 81 75 92 85 81 74 57 52 80 67 76 91 64 69 67 67 50 74 55 77 75 91 79 80 85 95 54 86 94 98 94 71 67 64 83 72 75 76 58 92 85 73 87 57 72 83 87 77 82 90 97 87 74 59 96 75 81 70 91 99 97 97 74 80 55 64 91 93 54 84 64 92 86 63 
73 79 56 79 99 78 69 85 64 97 70 65 76 76 68 69 61 86 91 71 70 73 61 88 90 91 79 52 73 61 74 61 88 64 97 98 67 71 53 91 71 83 76 53 67 86 73 53 67 74 83 81 73 72 65 56 84 76 92 70 96 50 77 61 71 79 94 70 54 52 60 70 64 73 59 98 81 62 99 94 71 81 73 97 54 99 55 75 66 67 78 95 78 78 79 54 56 85 50 60 
62 80 58 60 74 59 51 83 67 70 57 74 62 83 50 77 86 63 78 64 75 92 55 83 69 60 72 91 70 67 75 78 52 62 51 75 83 67 50 89 98 96 90 72 64 98 73 54 64 83 74 69 97 70 75 96 74 83 69 64 85 99 97 85 57 86 96 88 99 64 94 73 64 87 76 51 89 65 98 67 51 58 83 55 94 54 97 86 73 81 90 71 92 71 86 98 67 54 56 61 
71 92 96 95 88 53 91 78 71 92 59 54 53 95 84 71 58 87 59 92 63 99 53 99 90 89 56 70 57 79 78 87 84 63 90 65 58 79 91 99 60 72 74 97 73 93 64 50 52 94 89 58 61 78 52 85 65 99 89 62 77 80 97 84 87 95 74 95 88 79 72 80 79 78 69 51 86 62 98 65 51 52 62 72 83 66 89 79 81 83 62 99 53 80 51 57 79 56 88 74 
79 52 63 60 90 58 96 91 72 54 91 84 83 75 73 79 88 61 50 60 99 81 86 89 90 92 87 53 56 83 78 60 78 82 90 76 51 85 75 58 89 51 60 78 77 70 89 90 50 74 58 76 96 77 80 62 88 66 74 59 70 54 93 94 50 74 81 81 77 50 94 79 69 81 80 78 74 60 66 75 62 97 54 97 83 99 87 77 72 85 51 83 58 88 76 70 89 70 50 82 
71 96 80 65 52 89 56 71 68 81 63 86 94 71 56 63 78 95 78 67 59 52 80 93 59 94 51 62 91 71 63 71 71 82 88 60 73 83 79 61 92 57 51 98 88 78 60 54 56 58 59 52 65 91 55 56 98 76 73 54 76 57 74 90 77 59 85 62 63 88 58 78 55 84 66 61 68 81 72 51 79 89 53 60 95 83 65 92 92 91 96 54 90 51 51 73 78 88 78 99 
79 82 65 87 50 52 74 86 78 51 70 73 67 57 58 97 64 83 63 81 78 72 96 76 83 80 86 80 93 55 86 52 87 95 91 54 72 77 99 65 73 77 97 84 83 65 68 96 57 54 67 59 90 53 61 90 90 77 89 68 73 59 66 99 77 50 95 93 88 72 74 84 73 58 99 79 50 72 97 51 66 92 50 70 84 85 55 93 50 96 55 63 84 96 86 88 93 72 82 58 
53 70 66 60 90 72 53 82 98 85 81 70 53 69 76 86 86 74 53 56 67 91 83 62 98 90 82 99 52 85 85 66 90 75 66 93 62 59 92 53 90 66 89 75 76 62 88 53 72 81 59 97 66 54 78 67 71 76 52 92 77 76 76 51 79 74 96 54 80 56 82 97 80 78 94 83 57 52 89 97 71 94 95 67 70 94 63 53 88 56 92 76 61 53 76 98 87 61 72 56 
80 91 71 63 94 65 83 87 90 66 66 81 77 96 61 59 70 62 56 66 73 53 60 61 69 56 67 50 80 96 55 69 77 61 54 61 68 68 51 87 51 92 87 87 67 85 87 96 97 65 86 54 59 58 64 79 72 94 82 77 88 78 79 87 72 82 91 83 74 58 61 59 79 87 74 68 62 85 83 72 67 92 91 77 92 69 91 72 78 96 65 97 81 67 64 73 80 64 70 84 
93 52 70 82 52 52 98 73 93 74 56 71 95 61 91 86 55 86 57 98 62 57 81 58 73 91 57 62 65 69 74 87 96 83 53 95 89 89 87 83 60 76 68 65 62 53 95 83 90 99 76 63 59 76 62 74 69 83 77 86 66 81 52 99 95 53 93 98 69 94 83 62 96 91 95 59 75 85 51 53 63 76 88 78 64 92 90 77 84 91 69 89 86 59 54 81 94 84 85 80 
65 78 59 94 64 80 93 70 67 82 66 56 62 57 95 84 58 84 72 56 75 79 54 73 84 68 88 85 58 78 89 51 88 54 59 55 58 59 99 71 84 68 50 50 72 56 83 77 53 72 64 50 69 97 64 95 62 74 78 62 63 59 52 73 97 98 57 52 81 93 56 50 51 52 53 96 74 98 92 54 56 59 79 58 82 95 92 70 55 68 84 79 54 89 62 72 96 99 53 79 
68 90 76 87 95 98 60 72 96 99 73 84 56 77 53 58 74 76 72 53 77 56 83 97 66 94 98 59 75 98 99 51 59 79 83 52 69 51 53 93 93 59 99 83 83 76 80 93 94 54 63 79 87 86 66 93 69 65 91 76 63 87 52 75 85 90 59 83 53 60 81 56 78 85 64 57 98 76 73 85 82 65 89 73 86 92 87 89 80 90 80 93 88 54 92 70 85 74 71 84 
80 57 75 93 74 96 90 80 51 90 85 90 92 67 50 68 80 94 92 89 50 96 93 66 53 90 61 96 92 54 55 79 51 60 64 78 92 59 54 83 50 97 78 89 82 94 69 82 56 83 53 57 55 64 67 73 75 83 62 99 85 67 66 59 67 52 61 51 52 96 70 71 55 51 51 88 60 51 61 59 54 55 77 71 83 75 88 67 77 52 91 66 61 52 70 53 69 66 64 75 
62 71 71 84 88 66 72 76 98 65 55 89 64 52 72 55 55 75 54 52 96 80 91 64 78 88 92 50 56 97 72 52 86 64 61 68 73 70 58 95 69 54 99 75 91 95 84 84 63 76 73 66 50 83 93 74 80 86 53 87 61 55 91 70 52 52 88 60 75 91 70 86 53 63 66 59 70 98 68 57 80 83 95 88 51 82 82 68 82 93 59 59 96 77 62 50 92 55 60 61 
53 91 54 96 65 70 86 92 91 88 60 54 92 90 72 93 79 85 85 96 89 84 53 60 99 79 99 85 79 93 50 82 79 87 50 91 62 91 54 60 73 73 61 60 92 60 53 84 78 90 94 71 99 67 77 86 77 75 65 93 87 71 69 99 96 70 97 77 79 74 65 51 85 76 65 84 97 95 83 57 57 54 53 68 91 60 72 54 99 73 85 88 77 82 89 86 51 55 85 86 
91 79 51 96 91 83 84 81 63 78 98 82 74 87 66 72 75 51 54 53 67 63 57 92 77 97 60 70 90 89 52 83 98 66 58 81 74 65 90 51 51 79 73 96 77 94 59 62 91 98 76 79 51 83 78 73 53 91 79 75 90 70 96 78 87 62 96 55 66 90 85 87 79 70 91 82 89 62 51 92 98 73 87 96 67 73 65 99 64 87 98 92 55 89 71 63 95 60 83 73 
69 83 53 75 77 69 78 99 86 78 54 51 58 99 93 82 91 81 59 61 97 82 84 76 64 70 81 87 97 71 79 55 68 82 57 51 76 63 69 86 81 78 81 70 79 86 90 71 71 70 58 60 56 50 78 53 63 58 78 82 66 80 97 62 51 90 70 86 70 51 65 83 74 81 98 64 51 82 87 55 81 90 68 61 63 71 79 62 80 75 96 99 54 82 50 51 85 59 51 68 
64 76 57 78 59 94 57 73 76 90 81 83 86 82 92 74 90 57 87 97 60 88 95 71 88 80 98 50 94 97 54 53 94 96 85 50 64 83 73 64 82 52 53 50 74 50 87 92 62 74 95 98 56 60 79 96 83 87 61 84 86 83 84 77 95 57 90 70 86 81 99 74 97 98 83 74 96 96 75 60 58 73 64 96 91 63 81 93 84 72 78 64 92 90 62 69 86 94 61 75 
82 60 86 53 77 60 81 63 57 71 56 73 97 90 72 65 89 77 67 61 56 56 53 53 85 77 78 97 87 74 59 70 80 98 73 58 94 88 97 83 99 50 50 80 56 85 82 53 99 95 67 67 94 76 65 51 81 54 84 96 54 84 77 75 77 80 56 76 81 71 85 75 75 77 83 85 82 51 85 89 88 60 89 69 77 51 55 79 86 80 96 62 67 58 74 60 83 52 80 52 
57 71 78 92 83 73 54 78 81 68 81 51 67 73 79 90 56 52 85 78 77 65 94 76 98 61 70 70 68 87 54 84 76 92 62 97 91 77 67 94 72 61 79 51 50 73 96 52 97 71 77 57 74 97 59 97 88 58 65 80 84 75 81 88 57 72 97 80 92 98 67 95 74 66 85 93 64 90 68 66 84 76 82 55 85 70 65 92 63 82 53 57 86 67 80 77 83 66 80 50 
90 79 87 66 75 71 62 63 94 87 52 88 74 58 84 75 65 90 97 65 63 66 72 83 65 67 83 82 63 59 94 57 69 69 78 89 64 84 80 63 63 64 55 79 72 80 83 78 75 82 95 56 59 90 91 62 71 80 83 78 76 87 97 71 91 61 79 80 85 87 68 75 69 90 57 62 67 55 66 82 54 77 73 96 59 83 75 92 63 79 69 56 56 63 86 89 58 54 88 71 
57 96 58 53 76 79 75 98 59 97 65 85 66 69 90 96 91 71 64 66 73 88 53 58 56 92 74 53 87 95 52 54 92 75 58 98 97 86 51 57 99 58 58 97 65 97 84 88 50 69 90 71 94 81 81 55 77 90 92 88 94 71 59 54 64 75 87 86 99 84 96 93 53 73 92 71 63 66 58 56 68 72 89 58 71 70 53 98 63 68 93 78 96 65 61 81 90 59 68 54 
51 90 75 70 72 78 61 77 78 76 75 93 95 91 84 58 80 78 92 55 61 75 68 86 57 94 93 71 54 71 70 74 87 79 79 72 72 88 76 86 73 64 64 59 82 57 99 82 74 65 51 59 92 97 94 98 95 58 68 94 58 94 92 89 58 87 73 74 78 58 82 98 89 73 83 92 86 83 92 57 83 80 66 69 78 99 89 68 94 51 82 91 57 89 74 63 93 64 70 73 
64 79 52 74 57 53 62 94 68 68 87 95 88 55 61 68 83 53 74 71 70 57 65 90 78 93 59 76 87 86 91 63 70 77 69 68 76 67 82 68 99 58 80 76 66 88 76 81 92 50 92 84 78 91 79 83 91 85 71 96 55 96 61 57 58 97 82 80 56 70 90 65 72 61 77 85 79 53 81 83 76 62 58 93 89 97 78 82 52 62 79 58 72 79 57 88 82 55 73 83 
86 66 87 74 84 85 99 83 54 63 87 55 91 54 78 57 63 92 63 60 75 71 79 76 97 59 90 52 92 92 68 53 58 58 72 65 80 93 55 60 82 91 92 89 95 78 51 97 74 80 97 57 50 74 67 53 74 77 73 61 63 52 75 86 76 75 98 70 63 92 71 51 58 88 56 96 81 99 86 65 69 52 95 79 68 77 91 78 53 58 99 72 84 59 92 51 75 95 71 57 
66 83 64 78 84 55 68 73 70 80 75 78 78 72 63 94 57 64 68 65 99 81 58 94 69 77 97 93 62 83 93 88 81 81 50 92 95 73 92 75 53 62 51 72 91 76 59 97 50 74 74 77 97 92 73 93 88 92 84 73 68 94 55 62 73 75 60 99 84 86 81 63 94 73 68 60 97 63 90 65 50 73 96 77 56 64 52 56 78 65 65 57 63 78 81 72 89 61 60 68 
52 89 71 52 89 94 84 83 99 71 88 74 73 67 50 52 74 97 95 53 79 79 53 51 68 70 75 61 79 56 60 92 92 96 77 59 57 63 62 81 76 51 94 67 63 52 61 78 93 87 79 55 82 80 89 58 86 95 94 51 62 71 86 83 96 78 95 98 80 65 85 77 83 85 77 53 62 69 81 89 78 82 66 83 71 53 75 90 97 58 99 98 93 62 94 52 70 70 84 65 
80 60 81 64 85 58 97 53 75 67 80 53 52 90 64 51 80 50 69 91 68 77 77 82 91 76 95 60 57 95 80 66 76 93 81 66 66 96 68 50 58 92 85 73 97 99 62 92 96 92 98 80 60 70 66 96 99 52 86 75 60 99 70 86 61 52 54 73 74 73 93 95 93 58 87 92 62 95 68 89 83 99 62 86 51 82 80 58 66 99 87 61 80 92 72 57 72 99 89 83 
86 55 55 90 99 81 88 50 78 60 69 97 94 86 76 99 61 65 72 69 66 58 91 58 86 62 83 60 92 59 60 91 98 82 93 68 74 79 67 91 60 74 95 96 65 85 83 93 99 91 52 57 81 88 51 58 95 92 99 50 81 79 96 61 70 97 55 59 58 65 87 68 84 92 66 75 71 81 98 90 59 90 76 72 98 69 73 62 78 81 79 50 74 64 97 65 73 83 68 65 
56 78 61 53 78 53 55 65 87 58 89 68 72 99 95 99 59 92 85 98 90 79 89 67 63 96 51 86 93 52 62 62 78 94 89 91 83 53 96 59 71 88 56 58 83 51 67 78 54 55 97 70 78 95 72 54 80 63 90 81 67 56 57 74 92 72 89 55 61 81 77 50 73 57 67 55 82 83 86 78 71 53 84 75 86 98 73 55 55 85 52 69 80 79 92 96 53 82 53 74 
62 77 93 78 93 87 66 53 56 62 56 95 93 78 67 53 94 56 53 58 91 65 93 54 81 75 50 78 54 89 68 93 95 93 93 51 94 65 60 66 96 93 99 93 97 71 59 63 72 91 85 53 93 72 84 71 67 81 64 99 72 83 52 85 76 80 94 70 78 87 55 64 66 67 55 75 55 51 69 67 60 88 90 83 60 82 80 95 63 73 89 85 82 66 51 85 64 88 63 57 
66 62 67 67 87 79 70 80 91 94 93 88 73 79 80 52 97 77 97 94 97 78 79 93 98 87 96 57 90 96 79 97 72 78 71 62 89 91 78 53 80 52 85 58 94 70 65 51 95 55 61 56 81 81 98 77 98 76 91 74 88 95 58 80 90 56 97 93 93 61 75 50 77 72 96 54 88 88 67 86 63 88 88 85 80 84 70 74 97 74 64 58 94 77 65 82 92 53 86 91 
51 96 64 82 91 59 56 66 57 75 61 76 87 82 52 81 68 65 54 83 52 96 64 95 58 74 55 96 71 71 58 92 51 81 62 84 76 60 91 99 74 92 90 88 87 85 88 71 79 78 55 89 84 84 94 70 53 54 63 64 53 85 74 97 68 54 53 90 60 90 51 88 64 68 56 72 66 69 80 59 83 97 72 66 83 91 79 94 59 74 68 85 74 72 65 90 61 63 90 84 
52 72 76 52 51 77 68 78 70 74 69 80 76 83 62 59 75 95 59 56 89 72 82 79 75 65 88 74 77 73 97 64 97 60 94 63 69 87 93 61 84 55 93 59 87 78 75 59 56 97 82 62 95 83 53 64 66 81 69 56 67 88 83 84 54 91 67 53 61 97 68 85 92 92 79 53 51 54 80 95 89 61 75 80 53 70 67 66 60 74 50 92 88 70 50 54 93 86 96 51 
62 95 91 96 88 89 62 88 99 84 92 83 78 51 68 96 64 53 54 82 61 50 80 87 91 98 66 78 56 54 50 98 56 55 51 80 63 65 69 87 76 62 78 57 68 70 62 55 78 74 83 74 70 69 83 66 97 70 99 79 61 87 73 66 91 59 92 72 62 80 72 94 73 96 62 51 92 62 64 69 63 92 75 87 88 53 84 92 62 67 64 99 91 86 78 51 51 73 68 55 
85 58 58 88 51 51 89 54 94 77 77 79 83 50 69 55 98 58 93 83 52 78 94 58 90 52 99 86 62 72 61 91 50 81 75 65 64 56 50 66 70 92 72 91 90 72 89 51 50 63 96 89 74 99 70 74 50 57 80 93 55 68 95 78 50 77 96 85 66 85 90 65 59 52 51 64 66 61 85 99 64 60 52 58 54 74 98 50 50 69 53 68 58 99 54 56 93 73 75 80 
94 50 52 98 83 99 98 54 62 73 70 50 86 57 65 74 70 95 94 96 73 50 61 79 92 89 83 76 95 58 65 75 89 71 83 56 64 99 99 61 94 64 71 55 59 52 76 80 66 60 74 84 93 66 91 60 88 88 53 94 90 66 82 68 70 50 60 89 94 85 96 59 51 69 59 76 50 98 99 99 66 88 95 64 70 98 64 52 74 99 60 83 78 69 81 76 88 82 92 72 
85 74 55 99 92 78 96 77 56 93 74 89 94 54 83 56 73 51 80 92 87 77 57 94 97 73 83 73 92 58 51 55 69 71 87 99 67 81 56 52 99 99 61 84 59 79 53 96 50 87 70 60 89 57 76 76 68 50 86 98 67 69 75 50 56 66 93 57 84 53 89 87 81 99 95 98 98 94 64 73 92 65 92 68 74 76 93 84 52 77 69 97 77 73 94 70 90 86 83 82 
82 65 51 76 72 65 80 64 72 91 53 92 56 74 53 64 51 57 52 85 51 59 88 74 88 97 55 58 64 97 86 83 85 70 91 63 64 73 63 69 95 88 57 67 54 76 59 91 62 91 70 56 82 67 65 69 75 77 67 80 85 94 96 89 55 85 58 87 64 57 63 74 68 95 68 82 55 63 55 98 78 99 68 71 99 65 70 50 80 79 83 84 95 63 97 80 84 84 72 55 
80 90 87 56 78 89 83 71 57 85 81 68 68 99 95 87 88 85 54 83 76 50 88 94 99 82 57 64 71 63 68 64 97 98 82 69 83 63 84 53 76 69 51 53 52 76 60 80 52 66 59 83 89 93 80 64 59 65 71 96 59 64 95 84 61 79 51 65 58 59 52 63 64 89 92 95 73 72 88 92 58 62 56 76 93 68 70 92 71 95 76 98 72 94 61 70 52 81 94 87 
64 84 85 62 54 53 86 93 54 55 94 97 85 78 63 81 87 60 53 71 71 82 84 53 97 53 96 57 64 74 90 68 58 85 69 61 80 78 73 92 63 89 71 52 80 67 99 75 80 51 71 72 65 95 97 88 54 79 67 70 92 65 86 89 54 51 68 66 82 82 59 56 52 65 95 65 73 86 87 59 77 95 63 80 93 84 67 74 83 66 59 54 86 64 56 97 88 71 86 85 
77 60 70 99 90 58 59 89 55 92 56 83 69 80 80 72 97 53 58 60 83 87 85 85 76 79 93 93 84 73 98 88 80 84 50 88 79 62 63 77 80 82 98 63 53 74 50 93 58 52 53 53 83 63 70 56 61 83 85 72 96 98 55 88 60 64 93 58 94 96 55 73 82 69 92 52 78 65 54 64 59 84 88 87 78 73 56 89 58 93 70 70 81 51 53 95 94 91 54 89 
72 73 68 94 88 60 65 91 83 50 95 65 98 92 69 53 74 66 99 86 53 50 78 53 95 69 68 98 98 84 62 55 80 56 84 60 66 67 78 81 82 83 78 65 69 51 98 74 55 53 51 94 84 53 60 63 90 92 83 68 87 79 95 62 98 91 59 63 85 80 70 89 91 64 77 67 80 57 97 55 95 62 81 97 89 86 77 83 58 58 66 93 63 79 70 99 64 63 70 63 
65 67 90 88 90 91 75 85 93 63 89 96 88 50 53 95 79 82 96 60 56 54 59 96 96 84 84 60 97 81 55 68 68 89 67 65 79 53 59 97 68 95 78 69 79 82 51 80 76 60 68 58 81 87 87 63 54 81 86 52 86 95 64 62 74 59 50 84 92 52 74 64 62 89 86 79 58 93 62 77 62 94 59 58 69 98 79 95 58 52 51 62 59 90 68 85 52 83 68 59 
64 86 74 87 97 62 62 90 82 95 95 61 65 57 71 59 65 92 80 54 53 71 90 84 91 57 78 99 71 81 75 50 74 96 74 90 79 56 81 82 70 91 96 85 55 84 57 82 80 92 87 60 90 86 78 53 82 93 85 69 91 55 54 56 61 68 96 50 96 58 99 63 74 75 60 82 66 83 91 53 98 75 79 61 76 67 88 86 53 73 52 69 71 53 51 65 95 94 91 99 
76 82 82 77 88 86 91 72 80 57 98 82 57 74 73 85 78 51 66 58 58 86 75 97 56 54 71 60 60 85 99 84 64 77 52 93 88 68 73 95 55 58 96 80 66 75 87 92 73 53 97 65 66 55 94 55 65 63 50 96 67 51 67 84 83 59 83 61 53 64 78 65 64 51 81 58 98 67 86 65 66 90 80 94 53 86 92 81 82 86 52 73 85 82 53 92 52 89 87 76 
60 65 57 84 85 95 72 73 85 79 75 51 74 81 56 98 50 56 58 83 92 56 99 82 72 58 79 71 80 86 62 54 94 93 78 96 89 99 51 65 84 88 53 82 82 84 51 83 60 79 54 92 65 84 78 87 85 69 62 87 89 66 61 60 99 83 63 64 51 90 66 53 70 59 80 67 97 83 97 57 67 71 60 64 78 95 51 76 60 63 61 93 86 85 58 54 56 86 58 87 
57 51 93 73 51 86 97 66 76 63 82 52 79 86 63 92 57 95 96 54 52 58 50 87 80 79 82 61 88 89 65 67 60 95 79 97 79 72 76 82 51 65 71 81 66 98 99 54 50 73 56 80 91 56 87 98 50 60 61 56 57 67 51 69 61 84 74 58 89 80 80 76 87 64 87 72 73 91 63 99 66 66 68 82 97 73 71 64 92 97 84 64 85 93 87 62 72 50 86 81 
88 51 75 66 94 93 66 68 78 98 62 86 97 59 66 84 74 78 70 89 65 76 52 92 96 94 52 75 74 54 93 91 58 99 67 83 67 97 54 62 72 82 76 61 88 66 90 87 93 72 94 99 76 83 69 59 75 84 66 74 54 58 91 51 64 92 54 72 65 69 58 87 95 68 56 63 94 96 63 94 73 62 67 93 56 82 98 66 98 90 75 98 87 72 93 80 78 92 53 64 
77 67 84 63 62 78 95 69 51 91 72 77 78 97 51 67 80 69 62 62 80 61 68 88 65 76 94 86 79 98 92 89 90 61 63 58 55 57 57 75 71 88 80 53 64 80 52 61 98 69 83 79 84 62 84 94 87 85 99 82 92 62 91 89 76 81 74 60 67 71 59 88 79 66 74 59 78 63 85 95 92 59 78 76 89 64 55 86 55 84 83 51 51 99 83 54 52 88 90 66 
92 71 90 52 58 68 96 81 87 92 61 53 84 79 65 53 63 50 54 68 74 67 97 69 68 71 81 77 63 95 52 60 61 50 70 87 95 88 50 52 70 79 73 98 54 55 91 52 54 76 86 52 92 88 98 58 99 64 50 67 80 62 62 88 90 69 96 98 94 89 98 56 74 83 88 78 81 86 79 70 96 66 86 55 65 96 93 82 77 52 87 57 97 97 98 53 54 84 61 75 
73 71 88 87 83 50 50 85 54 53 60 60 53 76 55 81 71 81 71 71 85 69 79 64 73 93 71 93 83 60 90 54 86 95 63 74 75 99 56 91 54 77 77 92 98 76 55 73 68 70 76 73 61 67 57 64 85 63 52 69 85 92 96 70 66 95 81 61 97 59 79 90 68 96 56 80 57 99 65 66 53 51 64 51 81 64 70 90 64 92 70 52 77 55 96 64 62 52 53 88 
92 50 99 96 69 66 77 87 63 52 70 86 94 71 97 85 60 73 73 99 96 82 81 75 60 57 83 86 71 66 56 71 67 87 94 53 81 56 53 55 50 75 94 62 62 56 88 50 96 59 97 83 91 77 79 50 67 73 99 59 81 55 53 58 64 59 57 83 82 58 56 97 71 68 91 90 93 60 58 58 94 76 63 95 76 69 88 63 89 86 69 70 57 69 74 83 54 68 87 86 
79 97 97 55 65 77 91 57 57 90 92 71 87 80 94 91 50 63 50 83 75 71 91 91 54 86 81 51 74 76 66 93 50 81 83 83 71 70 93 69 83 85 83 98 88 89 60 58 81 62 92 50 62 64 66 88 99 63 52 98 95 97 80 54 61 56 81 76 57 93 98 89 76 75 52 90 90 95 75 52 51 88 94 63 93 58 98 63 98 83 69 95 96 87 77 83 87 50 67 94 
71 58 92 76 61 60 70 52 74 83 55 89 81 73 69 61 59 52 98 98 70 76 86 95 84 52 96 65 56 55 53 53 53 57 86 66 90 51 89 73 79 88 50 58 95 64 64 54 71 51 57 78 95 79 57 66 74 96 60 92 93 69 60 85 85 90 51 92 97 61 56 50 74 83 62 66 92 56 71 85 53 56 88 64 96 77 97 95 84 93 67 78 62 89 63 77 85 56 76 55 
98 95 76 76 83 63 84 57 85 59 88 75 83 83 92 55 98 82 86 80 82 84 93 67 97 92 65 94 93 87 58 93 75 57 65 68 70 62 63 75 50 52 82 98 80 75 65 80 68 76 96 81 82 60 50 83 83 73 97 93 53 90 62 60 83 68 69 61 76 89 60 80 57 59 80 87 72 85 97 66 75 58 63 73 74 84 91 78 97 87 96 71 71 85 71 57 64 52 55 88 
86 66 96 56 74 53 89 88 92 60 83 66 80 79 51 96 83 95 86 53 53 59 59 68 93 53 58 50 63 68 68 52 91 85 83 89 52 58 89 50 69 59 67 76 95 96 79 72 87 53 52 91 90 95 80 85 63 79 58 95 94 50 63 50 77 60 59 90 78 76 70 69 93 70 64 68 96 57 68 92 52 69 58 72 62 77 93 97 64 81 92 96 76 75 83 97 63 51 92 62 
71 85 56 75 99 95 77 59 91 80 63 55 64 92 83 85 65 68 88 50 69 62 83 51 56 52 96 64 99 71 68 99 55 69 72 70 64 55 83 81 87 84 71 96 85 54 86 85 85 87 75 77 96 81 97 69 87 71 97 58 91 64 51 79 53 62 90 84 68 96 60 65 61 65 98 53 66 50 98 86 77 88 75 97 87 86 75 85 84 68 71 99 51 57 99 75 57 51 59 77 
68 92 89 65 91 83 80 97 99 60 83 65 96 91 73 80 70 87 85 74 64 78 84 73 82 69 85 77 66 57 73 63 91 52 95 65 71 92 93 86 79 83 58 98 61 68 77 67 82 79 56 67 87 95 64 93 71 86 75 65 64 66 70 66 55 56 69 98 63 68 84 54 95 58 79 51 60 93 67 84 79 59 71 70 90 87 89 61 89 83 88 54 69 61 87 61 87 56 62 53 
58 61 94 99 89 86 83 84 56 87 87 84 94 95 72 54 71 83 61 99 87 76 80 56 68 63 51 99 72 96 81 74 81 58 60 77 93 52 87 93 79 63 56 61 98 75 99 92 51 97 65 97 64 60 86 71 97 87 81 77 80 93 98 86 54 63 81 56 76 74 50 54 70 83 81 69 91 97 85 90 87 83 66 76 75 62 83 54 85 68 56 83 61 57 63 84 56 94 73 96 
60 59 73 81 76 76 66 83 84 84 58 56 83 55 50 83 57 68 81 99 88 62 90 87 53 89 83 72 98 79 86 85 98 65 82 79 79 64 97 61 51 56 97 77 65 94 62 93 83 79 76 50 76 57 93 63 66 94 98 81 65 86 93 52 98 78 92 68 58 88 53 81 91 77 64 93 79 69 71 91 78 57 93 86 72 99 66 96 61 80 87 90 96 83 60 64 93 61 80 94 
73 54 90 60 83 57 80 93 76 91 50 67 62 65 74 93 98 76 83 78 83 62 87 97 77 77 67 94 84 72 53 62 97 51 58 83 61 82 60 78 78 63 53 54 79 52 98 99 72 64 76 71 61 98 76 87 69 83 88 52 64 75 74 80 52 82 52 79 67 80 78 79 71 94 89 82 59 61 79 60 67 83 80 63 75 66 82 80 57 77 96 87 66 76 71 80 76 64 99 59 
89 83 84 69 80 94 98 72 50 70 83 67 93 81 75 95 56 54 78 74 96 64 86 64 77 56 62 68 72 56 86 73 74 81 96 63 53 87 96 84 80 76 86 80 64 68 74 94 70 76 82 95 61 50 76 97 74 92 86 55 95 88 72 88 99 80 50 56 77 74 55 89 97 85 56 89 59 91 93 69 77 50 75 89 55 71 62 69 78 97 56 64 79 54 71 81 62 62 77 52 
90 92 65 67 53 78 65 69 55 76 77 85 75 62 95 52 71 99 82 74 89 84 66 83 71 74 73 93 94 91 55 78 67 90 82 64 59 80 55 59 59 88 99 77 54 92 65 91 69 97 97 56 78 58 94 85 58 50 72 92 51 70 80 54 78 77 88 72 79 59 89 82 78 66 77 66 86 53 70 82 68 96 75 58 85 53 98 50 87 67 85 64 66 66 97 67 81 76 87 53 
50 64 75 99 63 88 64 65 93 64 88 60 56 52 54 55 57 75 58 84 66 82 80 66 86 89 95 59 72 84 90 57 94 51 64 54 89 88 67 78 68 66 51 52 77 82 64 71 60 60 97 54 88 70 66 76 51 56 75 91 79 84 98 50 54 87 96 67 93 58 58 71 89 86 70 54 96 53 77 72 78 86 77 64 95 53 98 56 62 56 75 69 92 91 77 93 79 88 87 81 
59 92 61 91 69 66 65 57 57 85 99 71 63 79 51 96 84 90 68 52 96 77 50 77 59 88 53 84 92 62 78 89 96 78 75 63 77 82 77 68 86 73 91 52 61 75 59 65 76 67 95 84 78 63 82 62 74 76 78 89 75 57 85 96 63 59 71 69 98 63 98 90 87 96 67 61 67 76 91 66 84 63 66 83 66 53 94 72 85 97 70 57 96 72 72 74 66 66 64 69 
69 63 71 61 95 56 51 60 61 94 60 77 57 98 95 79 77 73 91 83 66 81 77 65 91 97 74 62 97 97 68 55 81 50 72 91 96 87 86 84 63 58 84 97 52 88 84 65 89 66 97 99 70 81 92 54 60 55 96 77 80 64 61 76 78 99 97 50 80 58 77 75 72 63 76 73 90 95 73 97 65 71 79 73 78 50 71 56 82 79 64 75 56 56 69 77 71 89 59 99 
56 83 93 92 53 65 80 95 89 55 93 56 87 91 71 97 91 97 60 97 77 50 76 82 79 60 71 89 78 94 63 55 66 51 53 68 73 68 78 74 95 61 61 62 78 92 93 88 87 83 81 73 65 69 73 98 85 59 62 56 91 85 76 66 78 60 67 94 88 75 99 54 74 67 50 83 60 56 99 94 95 97 97 82 83 98 88 80 93 60 98 57 54 74 53 52 96 60 70 93 
60 96 68 94 75 51 83 90 85 99 69 72 85 62 55 76 67 94 51 58 56 58 63 63 60 50 66 72 57 64 82 76 80 71 87 87 78 95 73 56 60 89 94 96 71 77 72 83 86 67 69 88 80 56 70 67 79 92 79 57 99 91 93 60 72 57 54 82 86 75 51 73 79 59 87 88 91 93 51 97 96 97 65 63 63 67 60 51 85 54 99 97 64 97 55 91 94 59 52 73 
93 63 94 81 60 84 84 54 54 64 72 97 68 54 73 89 74 94 71 85 80 76 51 62 65 83 81 75 54 55 67 61 55 53 86 78 81 86 63 75 90 82 50 70 61 55 75 86 50 52 93 54 95 80 62 73 50 55 77 84 83 98 86 84 50 89 96 75 88 98 73 82 54 89 53 86 87 93 71 66 58 55 95 63 86 67 93 79 58 64 96 63 85 53 97 56 68 76 70 85 
78 63 97 94 59 57 77 68 67 80 92 62 71 83 88 68 85 98 85 74 75 87 60 85 67 55 51 80 77 99 76 99 95 96 62 51 94 95 97 50 75 53 57 87 71 86 95 58 66 50 59 81 92 81 63 92 67 91 51 55 82 80 89 72 86 82 92 95 51 85 88 50 80 60 80 92 99 83 79 91 81 98 56 70 54 87 77 78 57 81 86 52 54 97 76 78 92 88 85 60 
95 75 50 86 96 58 60 73 50 68 71 68 87 66 82 86 75 71 54 50 82 95 68 83 53 65 83 53 55 60 83 98 71 87 95 57 83 53 78 57 98 95 67 76 75 93 52 97 82 87 62 97 83 65 65 73 98 91 53 90 58 70 51 53 55 89 58 83 85 59 64 78 77 61 68 54 56 81 52 85 93 51 81 78 69 75 60 55 76 71 65 88 85 88 85 52 97 53 83 58 
99 56 85 51 91 67 69 91 89 91 59 59 53 68 53 83 89 83 56 73 94 55 92 83 87 62 91 88 60 91 96 95 98 88 67 99 59 89 89 54 79 97 71 89 96 76 94 82 53 97 62 96 79 75 73 98 55 65 99 60 88 97 62 93 65 63 86 97 75 55 76 70 72 50 98 59 88 71 80 93 81 82 54 86 79 98 77 85 57 62 89 54 79 97 51 68 57 53 65 57 
68 62 50 85 96 51 51 85 61 74 91 75 57 75 94 97 89 76 72 99 96 79 72 98 85 81 94 77 70 57 87 97 91 87 53 85 64 52 65 98 81 95 97 81 66 52 56 95 92 59 56 68 62 72 57 88 66 55 88 90 61 59 92 92 56 54 54 66 61 57 73 78 98 53 77 95 77 67 89 54 64 79 77 63 57 76 71 58 67 60 53 71 72 90 97 62 90 63 55 89 
80 92 62 62 53 76 57 63 68 99 78 62 86 86 55 73 91 52 67 86 83 70 91 67 68 64 99 70 80 92 64 58 60 50 64 74 52 64 52 68 68 81 80 52 85 91 50 95 52 98 63 78 75 93 89 61 86 64 57 63 61 73 61 51 79 90 68 51 70 53 77 56 90 75 86 80 72 99 65 79 60 57 78 53 58 63 50 81 92 57 66 60 54 63 96 51 67 72 59 52 
56 71 84 63 94 89 91 91 94 50 69 79 71 95 55 81 72 71 88 83 57 82 95 87 59 79 53 82 53 89 98 78 58 69 93 50 75 59 93 69 62 83 63 86 94 88 63 96 75 51 68 82 70 89 87 62 94 83 72 71 80 90 63 80 53 52 58 70 63 69 72 87 91 64 86 78 77 61 96 58 88 76 53 59 52 50 67 91 73 78 50 68 87 75 91 88 96 86 76 61 
91 52 71 64 57 80 98 52 57 75 61 74 59 95 90 63 59 76 58 67 57 67 99 65 56 95 84 50 88 95 82 59 68 94 50 51 60 79 98 74 51 91 69 50 55 96 58 85 62 90 82 92 66 75 83 93 90 76 83 84 55 83 54 53 98 99 51 72 56 87 53 92 71 82 90 81 76 98 55 50 69 92 82 50 99 78 70 73 62 61 56 70 90 95 85 51 51 99 93 73 
98 55 71 55 75 50 51 72 98 91 96 88 78 71 72 68 78 52 52 51 74 76 50 78 63 64 54 79 54 61 70 94 84 69 97 63 76 97 55 82 58 80 82 91 74 51 57 62 52 86 89 96 83 58 82 75 71 73 76 76 62 67 60 55 96 56 79 88 54 83 79 86 78 88 85 72 79 84 61 74 52 60 66 82 57 98 56 89 55 98 82 62 78 56 66 66 72 50 72 83 
73 63 75 63 83 74 90 64 51 50 61 78 51 88 76 60 59 72 60 80 93 77 69 60 74 95 88 78 56 97 74 75 96 58 78 57 82 58 59 84 65 76 91 54 90 86 96 54 60 93 77 64 60 50 74 59 76 68 50 66 66 78 83 80 92 85 94 99 91 51 54 97 87 78 82 77 96 94 97 87 65 84 50 61 81 75 64 51 78 76 62 59 68 56 66 79 94 95 93 67 
70 61 68 70 85 70 58 74 87 53 75 52 91 68 71 52 92 54 89 84 67 58 66 63 51 71 71 62 66 91 62 57 70 60 62 76 80 75 83 71 79 95 98 95 53 50 91 59 75 55 53 80 85 79 76 99 77 91 67 70 81 71 54 55 90 52 69 66 68 65 65 53 55 76 64 82 73 56 95 67 50 78 74 64 87 67 75 95 75 85 99 64 70 87 76 77 88 67 79 99 
65 72 81 82 81 75 79 78 57 90 76 94 78 81 88 53 64 79 87 59 86 77 89 71 70 61 86 51 79 56 67 90 51 75 64 80 63 83 79 61 77 50 88 73 81 90 71 59 79 89 86 74 61 93 76 52 78 85 73 82 69 72 68 55 55 90 76 91 75 64 96 86 84 82 83 73 53 99 86 51 98 56 94 91 97 86 88 91 76 67 64 87 97 53 59 89 61 74 99 67 
94 92 69 87 97 90 51 81 99 91 79 59 62 72 87 83 98 59 86 74 71 54 78 85 76 79 61 81 96 88 70 62 54 76 96 58 70 98 92 97 99 93 53 72 76 54 53 63 70 58 52 50 51 92 77 79 67 79 74 75 76 56 92 90 73 66 65 99 56 83 89 86 76 64 80 80 56 54 84 62 76 68 93 73 88 88 97 66 59 98 56 82 78 53 97 71 88 50 56 76 
53 59 84 69 69 58 88 88 80 95 87 82 90 50 52 89 66 93 66 53 98 52 77 76 91 52 90 83 70 60 95 67 65 51 79 71 87 51 63 51 77 99 61 68 79 72 85 82 99 64 80 94 65 71 82 82 57 71 61 67 96 78 78 50 99 61 69 71 96 78 54 78 81 91 73 67 72 65 58 82 58 58 79 64 76 85 58 64 75 94 92 65 86 74 83 70 91 83 73 91 
98 99 90 58 68 80 54 96 71 91 61 94 64 97 86 65 83 73 83 53 96 74 63 92 60 78 64 91 53 82 71 98 87 88 85 76 84 91 60 63 83 93 96 82 64 52 79 61 59 90 91 72 99 61 50 57 85 68 72 96 65 95 55 75 81 79 66 73 55 64 95 91 55 98 73 83 76 78 81 55 67 85 89 80 69 61 78 72 89 82 82 51 63 55 72 66 68 98 92 71 
56 65 84 77 76 57 85 90 83 87 84 85 52 99 75 69 61 88 80 64 55 87 60 82 78 62 65 55 60 64 75 75 98 96 82 80 90 75 71 64 99 80 88 87 91 77 76 90 50 65 57 68 82 57 58 98 93 56 97 55 68 52 94 91 84 77 93 89 73 52 90 75 65 82 57 70 58 50 53 85 58 91 56 99 90 72 89 86 77 94 63 88 51 71 82 84 79 84 70 53 
99 80 55 59 68 78 86 81 50 54 62 51 55 56 53 58 98 84 67 88 61 57 87 91 61 98 66 86 62 88 71 82 52 55 87 86 95 50 96 52 77 59 78 89 94 62 97 63 51 66 66 90 77 63 86 81 68 82 50 90 76 96 52 87 67 90 88 87 80 73 88 97 53 65 86 65 60 91 89 67 76 75 98 90 86 53 76 79 69 67 69 87 69 84 78 98 69 79 78 57 
68 52 86 92 82 86 77 92 98 93 97 92 58 68 54 79 78 61 51 94 62 62 63 77 69 67 80 81 86 77 99 74 69 57 69 69 58 71 59 98 94 80 68 55 98 79 58 90 58 97 94 54 78 74 97 75 75 51 85 58 61 56 52 74 97 59 59 90 74 52 53 86 70 64 75 51 52 56 55 76 69 67 91 61 90 83 99 57 86 97 90 76 83 72 53 90 86 59 58 81 
80 89 73 90 84 75 69 91 55 77 66 95 67 76 95 90 68 91 53 59 52 53 67 84 66 67 90 99 64 76 86 50 70 54 93 62 58 54 80 50 77 65 70 98 82 68 97 68 81 51 98 86 73 51 75 91 82 96 51 87 58 78 71 65 60 64 62 80 83 83 71 89 77 50 97 52 51 88 74 66 91 81 73 67 59 78 81 97 50 66 58 87 97 79 57 83 61 65 59 70 
80 59 68 60 56 62 68 80 70 52 77 82 79 62 61 91 92 87 75 64 86 80 57 79 87 97 67 53 64 61 90 57 88 73 95 69 53 64 57 83 70 95 94 82 90 66 56 66 96 79 83 70 88 80 62 75 98 73 90 72 84 63 99 74 58 96 65 95 81 54 76 73 96 95 65 91 69 86 89 52 52 64 61 70 92 79 65 79 63 70 90 60 88 86 61 93 53 89 88 53 
83 96 92 99 88 72 78 50 87 61 57 86 66 87 94 73 64 67 50 53 69 68 92 60 85 97 68 69 58 53 99 52 68 78 85 77 56 57 73 68 53 99 73 99 54 55 70 72 87 50 73 70 75 58 68 91 76 63 80 65 77 53 55 56 80 61 83 72 77 56 95 99 60 70 92 66 58 89 61 59 57 67 70 91 71 97 92 87 51 66 68 97 77 90 77 50 84 54 96 99 

