12
40

126 134 174 167 136 131 158 157 151 156 155 142 
129 134 164 167 168 152 168 149 170 159 162 154 
131 133 164 142 149 169 148 173 134 174 158 159 
131 153 168 156 159 158 152 131 130 151 130 146 
136 128 173 174 146 154 147 155 141 139 132 172 
167 172 160 137 142 160 144 148 165 143 163 155 
134 133 148 161 130 135 156 171 141 166 173 131 
165 159 165 171 168 158 129 142 162 156 169 174 
144 174 142 145 141 132 147 172 150 146 151 155 
150 140 162 157 147 146 171 169 146 154 139 149 
139 171 160 129 169 128 131 141 170 134 134 164 
146 154 173 133 163 158 150 170 157 154 146 159 
159 174 170 150 152 143 138 148 154 134 138 148 
136 164 129 166 155 161 166 153 146 142 159 134 
169 129 142 167 159 125 174 131 163 142 133 171 
156 126 158 127 134 150 153 146 172 171 141 171 
171 136 139 128 157 134 164 130 163 166 129 161 
141 138 168 145 138 148 153 146 159 144 128 158 
135 145 160 169 172 140 162 137 149 166 152 139 
133 167 139 163 162 167 139 131 147 144 155 160 
145 153 158 161 130 169 141 158 140 126 155 162 
174 159 155 139 168 129 134 161 135 173 128 126 
130 136 151 128 144 154 133 152 131 170 157 159 
174 145 164 139 159 138 156 173 170 156 142 159 
128 126 128 131 141 161 159 164 143 171 171 173 
146 145 169 129 146 169 126 151 174 144 133 125 
156 172 144 127 152 156 139 165 159 171 129 128 
152 142 155 140 174 152 162 136 148 161 150 168 
150 158 147 144 174 167 133 162 147 137 136 152 
164 137 143 140 137 170 154 159 169 168 165 161 
168 145 136 126 158 173 153 153 126 137 144 136 
144 154 170 158 156 146 130 152 137 137 135 155 
151 140 167 146 141 125 157 162 165 144 174 169 
161 155 174 139 155 167 125 151 147 171 161 135 
147 145 129 150 134 134 157 146 145 167 155 135 
151 164 141 138 141 140 136 154 132 156 166 126 
160 127 127 136 145 155 145 153 160 168 142 164 
139 169 129 130 156 173 153 158 154 143 125 162 
147 131 155 154 145 125 134 163 127 145 141 147 
160 135 168 154 146 159 129 155 138 136 129 126 

70 80 99 54 59 78 54 93 94 62 55 72 59 78 57 87 65 75 58 99 60 62 53 83 79 92 98 87 63 54 84 90 81 71 72 68 62 50 92 99 
76 87 59 88 82 82 51 77 70 57 75 57 58 87 80 64 66 86 82 91 65 77 59 75 74 56 89 87 64 54 92 57 51 84 87 60 81 66 62 84 
85 60 73 74 59 64 65 73 57 60 69 85 97 75 79 75 63 86 93 58 95 82 70 54 54 61 93 68 56 62 94 71 83 69 66 63 50 56 85 91 
91 62 73 97 73 83 61 77 58 85 52 56 62 58 60 67 98 80 93 54 72 96 84 66 51 69 91 95 77 73 99 55 81 55 64 78 67 52 57 89 
73 71 58 94 54 95 66 90 62 84 67 96 59 81 90 58 97 61 65 61 55 99 90 98 60 90 88 94 54 91 84 51 86 51 69 67 98 71 63 62 
90 99 91 62 51 86 64 55 92 83 82 59 78 64 80 61 53 93 72 75 67 78 82 64 98 84 86 82 87 69 68 84 59 72 62 86 85 54 81 95 
55 85 99 96 54 88 63 92 73 74 56 60 82 73 90 71 99 61 70 80 87 72 69 89 63 77 89 74 68 62 98 59 89 88 92 87 59 83 97 58 
83 96 70 91 84 61 77 61 77 59 64 68 93 55 74 89 66 53 91 58 79 60 78 89 81 63 58 99 72 76 64 81 62 93 71 86 51 96 92 92 
57 77 90 81 78 69 91 93 70 98 51 78 64 93 59 55 96 98 82 92 77 80 80 66 83 85 85 83 91 71 58 88 72 85 92 79 91 71 57 72 
89 99 96 97 93 85 93 66 61 92 88 84 75 91 88 90 50 88 89 63 54 96 66 91 79 91 56 74 67 57 88 59 64 65 71 50 62 87 71 97 
99 57 62 54 60 63 50 73 67 95 80 55 89 95 92 52 78 88 64 86 96 62 91 64 77 71 83 71 94 75 59 70 81 81 78 80 92 86 81 81 
60 91 87 96 56 55 75 92 86 55 78 95 92 71 62 89 69 92 66 63 63 93 83 58 76 91 92 87 85 72 90 77 57 88 80 95 97 66 79 97 
63 98 65 82 59 85 82 57 54 87 97 88 54 72 65 51 84 55 61 73 51 73 67 64 99 54 65 96 75 91 74 91 53 98 76 53 57 62 78 57 
90 87 53 50 89 69 81 55 59 52 92 78 80 96 58 70 83 79 77 51 60 65 87 60 53 69 78 85 67 72 75 94 87 89 84 86 68 69 88 80 
90 87 75 68 78 50 79 97 81 60 89 62 57 87 59 96 97 81 98 90 86 94 85 81 73 83 75 68 91 77 88 96 84 74 68 84 70 82 74 52 
81 71 56 61 98 90 88 92 66 90 92 70 80 88 71 96 96 72 54 84 95 92 94 71 73 90 99 89 68 58 56 98 89 86 80 89 95 59 83 54 
51 81 58 67 92 58 51 87 65 80 99 86 60 77 79 80 95 94 87 62 69 60 69 50 60 65 99 89 65 54 58 71 72 94 65 99 72 60 81 57 
61 71 92 56 97 58 53 74 95 89 51 73 65 51 77 63 63 99 88 88 83 71 82 66 73 62 73 81 79 91 68 76 70 76 85 79 95 55 68 90 
67 70 53 81 98 82 64 85 75 76 70 94 94 97 76 53 89 99 61 86 86 86 55 82 83 65 75 62 54 50 79 56 63 93 64 68 87 65 95 69 
60 65 88 85 93 66 77 99 52 86 83 96 57 67 56 61 64 75 87 64 93 87 68 86 88 70 91 98 96 91 92 92 55 69 76 57 85 55 57 99 
99 73 72 61 85 64 56 68 99 78 52 75 83 81 84 62 65 99 94 62 69 70 58 81 68 86 82 61 72 92 58 95 73 97 79 85 84 63 65 77 
64 52 61 82 55 96 72 95 56 95 88 58 95 96 57 92 82 99 91 71 98 55 58 77 94 84 73 52 66 88 69 82 68 90 77 97 51 57 82 57 
77 53 91 73 96 72 59 69 56 56 95 51 98 79 73 94 98 68 75 95 52 82 52 53 84 53 94 61 95 73 82 65 80 93 66 94 99 81 91 67 
59 98 88 84 67 57 82 64 54 68 83 76 50 50 50 58 71 61 64 85 68 70 76 80 61 69 50 97 91 88 73 64 73 76 69 58 57 87 66 71 
92 76 62 71 99 54 84 74 85 91 76 69 68 63 63 68 64 80 56 95 59 67 70 50 78 96 55 74 96 57 86 53 60 99 58 78 90 90 62 88 
66 86 88 55 98 89 62 50 91 99 67 50 82 99 64 95 61 87 59 88 86 99 99 87 55 72 89 98 66 87 97 90 98 85 60 60 67 71 79 95 
56 60 88 82 82 66 57 64 69 50 78 71 86 65 91 89 84 72 87 97 53 69 67 91 73 51 68 98 99 67 81 71 64 94 85 90 67 75 57 56 
63 64 94 99 96 72 60 81 93 78 70 82 75 62 68 66 52 58 60 51 96 65 71 87 79 80 97 52 99 55 91 94 88 99 53 70 95 72 95 51 
74 92 69 66 85 95 78 91 92 94 79 86 66 95 93 65 63 66 86 99 61 83 65 82 91 59 68 78 70 57 54 58 97 54 85 50 95 52 92 98 
95 64 52 97 89 83 90 99 83 85 99 84 51 60 53 77 84 59 74 53 53 56 64 51 51 87 54 66 83 52 83 73 76 50 91 58 84 59 64 67 
95 83 75 50 94 93 74 78 68 79 79 90 86 84 89 71 95 95 89 72 92 73 69 64 84 86 54 93 80 90 55 85 92 93 81 80 56 93 68 65 
82 73 77 59 73 62 83 70 71 68 51 89 63 98 88 87 64 79 57 76 96 86 61 80 68 76 62 78 52 64 75 55 74 80 91 61 94 63 75 78 
74 69 57 55 81 88 90 92 88 70 83 56 62 50 53 58 94 74 96 53 97 80 80 52 98 65 71 62 82 68 73 90 62 77 75 82 79 85 59 97 
98 63 79 53 84 81 71 57 65 53 62 84 85 78 56 72 65 95 90 61 55 66 83 87 79 63 93 92 67 54 81 82 59 63 79 91 88 91 51 81 
88 94 84 85 56 67 65 51 64 86 53 72 68 96 90 81 77 98 54 81 94 84 91 93 56 71 68 65 75 85 58 85 95 85 65 80 76 97 86 97 
61 78 57 64 52 87 73 98 69 66 69 78 79 76 86 74 67 58 74 88 71 59 70 94 86 57 56 60 55 96 80 75 93 82 61 94 63 91 52 77 
88 89 91 62 62 70 74 93 89 62 86 99 88 64 59 85 56 66 73 57 69 93 52 67 80 92 56 76 79 57 93 93 76 78 92 73 59 51 54 59 
96 83 54 98 92 83 79 82 86 70 65 93 93 77 54 54 57 53 67 87 97 89 70 67 75 55 97 60 56 90 86 76 97 68 87 67 79 71 52 92 
87 97 81 98 93 76 65 74 68 90 89 50 59 63 51 95 84 91 62 79 72 95 93 77 68 59 78 78 60 69 71 52 69 65 87 87 63 66 57 81 
77 66 77 54 94 65 66 76 78 98 70 76 79 51 60 71 98 78 50 52 94 51 78 88 79 73 76 74 80 99 91 86 78 74 66 79 58 82 62 55 

51 77 50 67 66 67 69 81 84 56 64 77 90 51 63 94 96 80 60 50 50 85 98 77 99 78 86 61 97 69 92 95 50 75 54 70 82 90 76 82 
74 83 90 77 54 87 78 70 57 68 74 99 92 87 82 66 57 71 58 94 75 79 94 63 59 63 61 77 79 67 66 96 82 76 62 74 84 82 67 55 
90 86 67 69 98 50 98 87 65 90 77 76 74 88 97 67 56 57 82 50 64 56 79 94 58 56 85 86 98 83 95 51 99 52 68 94 74 83 64 92 
80 86 76 80 76 82 96 52 79 95 89 56 81 54 71 95 76 59 77 76 98 80 95 76 77 60 97 73 64 90 81 51 53 86 76 58 68 73 53 56 
53 74 71 74 87 54 50 77 52 56 98 99 67 90 59 71 74 78 76 66 62 59 83 72 66 71 75 78 95 93 89 71 80 96 97 85 81 51 57 58 
69 86 73 93 70 76 82 90 62 97 79 60 80 84 64 75 71 85 83 75 94 87 93 74 85 90 59 58 82 50 74 54 87 57 95 60 95 64 66 51 
70 63 53 59 61 91 89 53 57 94 50 55 52 74 98 60 94 91 63 52 69 59 90 71 90 85 65 95 90 93 66 99 84 90 88 77 53 76 86 87 
58 61 65 61 69 79 53 61 90 56 94 64 96 52 83 85 80 78 62 51 99 57 70 94 83 93 85 98 85 69 97 97 80 74 51 62 81 80 89 89 
55 52 74 57 54 76 54 83 57 61 63 89 79 67 70 70 62 58 72 50 87 92 75 96 79 54 83 78 76 60 58 86 54 88 71 54 67 66 61 69 
71 83 55 51 82 90 89 83 76 85 93 54 79 80 84 68 90 90 72 95 99 73 96 51 59 53 51 59 94 77 60 86 90 86 78 90 69 87 57 94 
84 72 85 68 57 81 71 65 54 87 78 77 84 87 54 95 56 73 77 85 98 88 88 84 60 67 82 58 53 78 57 96 72 89 54 73 99 64 94 97 
77 65 75 85 54 57 64 51 61 55 73 56 60 65 73 87 63 94 56 54 84 55 67 91 88 71 80 99 74 83 95 86 84 66 89 81 97 64 84 87 
92 80 64 55 91 78 96 97 68 88 64 55 60 53 50 62 87 69 64 80 50 85 69 84 64 95 82 89 78 54 50 68 89 71 57 91 52 61 71 80 
97 95 93 62 68 77 74 68 78 77 94 88 97 84 87 57 99 84 66 86 75 53 82 88 95 50 71 91 76 74 88 98 71 50 66 71 69 69 97 73 
76 59 54 63 77 61 87 76 63 51 52 51 64 75 98 99 63 65 52 72 63 64 80 56 52 51 97 54 54 94 61 91 67 97 91 81 85 66 84 65 
96 98 55 77 85 53 50 99 90 93 72 74 81 75 67 74 98 98 92 74 84 71 81 98 83 95 82 68 84 72 89 58 83 79 79 95 70 90 53 52 
94 65 78 53 96 54 88 91 66 87 54 92 63 60 92 88 58 52 81 55 74 52 71 95 51 70 74 61 54 66 54 86 75 91 96 76 93 78 58 81 
52 92 65 73 69 76 75 78 81 89 57 68 70 84 69 54 78 94 71 90 75 73 98 99 69 95 73 53 82 51 88 89 94 73 56 51 97 98 92 94 
65 55 74 77 72 84 76 98 57 71 86 54 97 95 84 88 66 88 56 52 91 64 97 85 60 58 95 85 67 62 70 73 84 54 60 79 64 72 51 54 
51 94 76 83 66 80 86 53 90 94 64 87 68 56 51 87 81 63 92 64 86 84 95 57 96 76 94 82 67 87 99 53 60 62 85 90 85 80 87 54 
97 95 68 85 55 76 92 54 96 52 74 82 52 65 95 91 67 79 86 53 97 81 95 73 98 51 57 56 57 97 96 75 56 54 69 64 80 89 60 62 
70 71 82 77 58 79 76 70 63 61 69 55 87 67 95 99 54 71 96 99 56 95 85 69 87 64 91 99 52 58 52 73 71 72 59 66 70 63 94 69 
58 55 80 60 82 89 79 91 85 60 90 71 51 51 85 59 52 65 56 62 74 63 61 62 70 74 54 84 79 85 74 61 62 72 76 97 59 76 91 66 
75 82 83 72 62 56 50 96 84 67 95 85 95 51 50 75 59 63 72 84 57 91 95 66 98 76 59 86 97 52 99 59 62 83 54 92 94 98 83 59 
88 81 67 65 63 63 92 84 70 81 79 51 63 95 63 96 95 62 59 54 81 55 74 59 53 95 80 54 88 67 60 83 76 56 59 93 81 93 65 73 
87 88 87 56 69 98 72 73 86 67 98 51 75 91 63 65 53 51 50 66 94 52 57 67 57 84 81 90 80 60 81 55 62 85 96 80 91 93 93 85 
75 72 78 81 94 57 85 59 79 78 93 73 92 66 99 94 87 57 58 87 80 68 93 70 95 53 78 85 65 81 90 93 53 80 56 72 78 67 93 86 
80 78 96 64 66 78 86 82 57 65 64 52 63 65 64 66 95 84 79 78 59 56 66 69 60 86 65 87 85 58 81 68 87 59 68 83 68 51 68 91 
50 59 81 97 89 56 80 93 89 69 61 96 57 90 59 88 67 69 93 94 65 87 88 87 69 88 90 52 89 51 80 60 99 94 90 60 63 59 85 82 
57 53 62 92 67 71 93 52 83 70 68 74 64 86 77 99 86 93 93 98 76 54 70 67 61 82 88 95 74 71 93 87 99 56 52 87 75 93 78 56 
71 78 81 60 63 86 95 73 79 55 63 95 55 90 50 86 62 99 65 74 78 82 79 50 98 75 98 59 66 89 85 60 70 90 83 62 97 78 65 78 
54 50 67 78 80 51 96 52 57 88 82 72 74 69 69 55 94 91 71 91 66 92 97 70 51 65 75 94 75 63 75 75 79 56 69 58 91 78 55 76 
74 98 87 80 81 71 93 52 76 72 53 91 69 90 54 92 59 77 79 83 81 88 65 79 84 85 83 68 88 78 86 66 71 86 83 63 58 75 74 57 
73 96 65 68 83 53 82 93 56 50 71 80 73 56 64 90 78 87 82 53 68 53 90 92 84 72 75 61 55 94 50 97 76 50 55 51 61 50 70 91 
79 81 85 86 65 86 81 65 85 97 91 97 85 82 72 71 70 81 75 97 97 85 65 70 58 77 51 50 50 96 91 59 77 84 84 69 55 59 94 50 
52 84 71 82 56 72 51 93 94 62 79 54 78 96 74 72 76 79 87 84 79 77 67 54 77 99 70 52 69 53 62 85 77 63 66 55 70 67 59 68 
76 60 89 78 68 90 62 50 80 74 96 63 99 82 92 62 61 87 63 89 53 93 62 89 88 53 99 81 64 63 78 56 83 51 88 84 81 65 89 97 
87 83 53 66 95 84 54 67 69 67 83 77 50 66 85 91 68 60 86 65 76 51 90 84 60 64 59 87 88 86 92 70 59 78 96 80 50 55 83 58 
79 53 98 96 68 73 97 97 50 86 97 84 93 90 82 82 81 83 97 87 84 57 98 64 84 97 74 94 52 92 61 54 90 59 51 73 66 96 81 78 
74 97 94 50 63 56 53 66 93 71 97 59 83 93 95 75 74 62 58 56 58 79 91 59 77 86 65 94 50 56 89 93 88 90 72 85 57 74 50 77 

86 50 60 57 64 56 55 80 86 66 71 93 88 82 51 69 99 90 62 65 79 62 75 98 57 98 66 50 58 84 57 67 55 93 68 58 78 58 75 78 
87 97 52 71 62 63 51 99 99 71 94 70 72 85 92 79 99 89 85 53 73 79 80 99 65 67 56 59 70 77 54 97 88 63 68 68 98 95 74 76 
68 62 68 97 50 56 81 64 71 94 95 72 90 84 87 71 69 66 85 95 52 66 62 50 94 95 59 87 86 99 70 97 81 66 72 81 62 85 64 77 
56 71 52 67 53 81 58 80 88 81 85 77 85 71 81 59 87 72 75 52 67 95 75 83 69 50 63 85 74 87 63 87 64 78 67 88 88 85 98 66 
75 70 57 90 89 88 67 93 84 50 97 50 80 51 71 70 80 59 77 95 81 86 82 57 80 54 66 51 94 55 78 81 59 59 61 58 74 75 95 70 
65 94 85 68 78 92 67 99 57 55 57 79 95 87 63 88 91 70 74 63 87 53 87 64 65 62 90 99 83 89 57 61 91 81 74 70 94 92 67 67 
73 79 89 68 57 76 55 98 70 60 96 71 67 54 84 54 51 91 70 82 90 94 78 58 55 74 91 82 52 85 57 94 68 52 81 64 55 97 97 98 
84 63 56 97 95 60 51 55 72 62 86 87 69 94 86 74 83 71 89 94 62 92 67 94 80 94 53 70 62 81 86 58 50 64 88 91 86 91 70 68 
94 88 71 74 59 69 71 55 52 93 52 60 68 50 72 80 91 50 57 63 99 79 77 63 86 51 63 56 80 72 92 92 93 72 56 85 66 71 81 55 
88 67 53 99 60 50 97 56 62 86 97 59 61 51 92 71 76 97 57 64 57 74 55 62 67 92 91 81 52 96 83 66 56 94 70 84 82 72 58 67 
76 82 95 92 83 67 82 69 53 51 83 77 97 82 96 88 95 61 89 63 62 64 65 72 51 50 91 84 73 83 96 65 91 55 80 80 99 74 58 72 
88 88 85 82 64 87 55 57 53 59 75 69 90 81 72 52 50 87 89 59 52 51 92 90 76 58 55 59 86 58 84 58 53 58 50 88 80 92 75 87 
74 66 92 53 52 69 58 75 85 84 72 86 86 83 52 52 87 76 71 90 67 97 58 91 98 51 98 73 93 90 58 65 97 52 87 97 70 51 81 70 
51 73 89 88 94 82 51 51 83 74 85 91 57 79 92 67 96 75 92 80 61 57 63 68 58 78 82 52 83 61 99 53 82 83 65 62 73 85 88 85 
84 81 65 73 56 55 95 77 95 57 78 85 79 62 85 80 76 89 68 57 83 59 94 54 99 64 72 62 56 98 80 95 82 96 59 98 92 79 98 54 
62 66 64 51 62 87 85 86 94 78 60 87 62 73 87 60 92 67 67 89 89 76 50 67 52 52 99 94 69 72 98 76 82 94 94 95 98 83 62 71 
78 97 52 54 80 96 59 77 85 83 74 63 65 70 59 55 64 60 92 50 77 58 87 82 94 63 86 78 66 57 52 87 51 89 91 71 87 57 88 57 
53 81 98 85 91 98 82 71 76 50 51 60 63 61 86 76 99 71 55 80 98 77 96 67 84 67 87 56 99 59 69 57 57 87 70 99 93 99 82 84 
62 86 53 63 50 61 86 87 60 82 63 89 55 69 53 77 95 73 55 78 90 77 69 72 69 67 62 98 51 85 75 84 66 88 51 96 71 88 93 92 
73 83 85 94 74 71 53 58 52 61 98 61 76 72 97 61 70 73 84 94 73 94 74 79 81 96 72 79 81 77 92 79 73 90 56 66 52 73 57 54 
65 75 78 89 73 76 96 63 97 98 82 87 77 61 66 91 86 78 69 63 57 72 58 61 96 73 85 85 69 55 80 72 52 92 90 93 74 55 51 54 
99 92 81 53 65 53 97 83 65 94 55 75 73 61 87 91 71 70 55 79 55 55 78 73 79 67 51 57 65 61 53 55 77 64 80 78 70 79 61 88 
65 94 50 54 65 60 61 94 88 74 63 57 63 83 69 86 83 76 80 65 88 71 92 63 88 82 75 87 61 63 90 59 84 81 57 81 64 70 93 89 
67 98 52 89 74 94 78 70 88 76 67 64 50 69 70 99 52 92 66 90 52 50 63 93 51 75 92 94 72 55 93 70 79 66 52 89 65 66 58 72 
61 62 76 72 87 69 54 93 55 67 66 87 78 82 98 70 80 58 59 74 77 96 85 91 60 62 60 85 94 53 93 96 50 56 70 67 87 77 66 80 
58 93 71 86 77 73 57 68 89 77 89 72 79 58 81 71 83 50 64 66 95 96 63 52 56 50 92 63 64 55 52 68 69 75 76 67 66 62 63 61 
97 69 52 99 63 85 89 68 99 65 66 94 50 94 97 99 60 75 69 50 80 54 64 86 56 69 74 55 63 67 83 58 50 83 58 87 64 88 98 68 
87 78 89 56 59 57 70 82 70 83 54 67 76 59 50 61 62 87 52 61 91 54 79 86 65 66 51 93 86 58 51 85 65 94 56 94 53 68 65 57 
95 83 55 92 69 56 51 98 84 68 84 59 94 57 93 61 60 55 93 98 84 64 57 93 83 73 52 67 96 51 60 68 71 50 86 92 64 92 68 63 
86 93 71 82 91 53 51 61 70 94 52 50 54 62 87 69 50 55 72 76 74 54 82 64 53 63 63 96 98 60 71 78 70 64 75 61 81 64 61 69 
77 77 56 74 67 71 86 85 62 61 61 88 53 54 50 92 98 84 68 67 96 59 71 74 64 81 99 70 67 72 76 65 93 98 63 74 92 82 63 70 
78 60 77 75 73 72 96 76 51 68 95 87 81 65 97 66 92 96 93 84 93 70 72 84 51 81 86 96 51 60 72 72 64 94 81 87 62 58 67 56 
78 68 62 73 94 99 76 76 74 93 73 55 55 79 57 92 78 96 74 92 80 66 56 86 61 52 95 76 80 69 92 78 51 84 52 92 86 70 59 58 
56 84 55 96 97 71 67 81 93 76 93 64 71 85 67 93 68 55 82 78 59 83 70 77 61 86 68 51 56 80 85 80 80 81 99 97 70 51 53 53 
94 56 57 77 71 97 85 69 59 65 56 59 66 81 51 58 56 79 99 71 60 84 58 51 96 81 58 67 53 66 98 70 50 60 98 68 56 94 76 78 
91 79 97 66 82 67 71 59 85 57 81 73 69 65 83 69 75 94 61 60 82 61 88 98 75 63 80 82 54 67 83 68 88 71 78 75 75 62 65 81 
86 60 91 98 55 89 55 94 72 74 90 87 91 70 57 50 85 70 85 98 89 81 98 81 50 71 95 97 90 98 87 52 77 69 65 83 53 98 94 58 
83 58 55 50 92 84 85 75 82 78 93 58 84 79 81 99 72 70 75 87 87 68 80 95 86 53 73 81 97 75 78 66 57 66 72 79 98 68 59 93 
73 77 62 58 76 93 71 50 98 58 97 70 86 84 51 99 86 62 87 98 76 96 88 65 87 50 84 91 88 64 52 58 58 73 52 70 87 52 68 89 
74 53 97 94 83 96 78 58 61 93 95 73 64 93 51 52 80 56 50 63 59 79 73 73 94 83 79 79 82 62 74 89 57 63 54 88 86 61 51 50 

76 72 91 93 56 58 77 54 59 85 71 59 87 65 51 67 72 54 84 92 53 95 73 52 79 51 56 92 62 68 97 97 75 91 67 96 65 75 74 93 
53 81 88 64 83 57 98 51 89 72 80 93 61 61 63 60 96 79 68 79 92 86 81 57 59 53 78 59 62 52 68 83 90 79 97 85 76 52 57 87 
53 95 75 71 58 80 55 61 82 97 82 83 51 52 63 83 78 85 79 76 62 81 67 61 96 59 57 90 67 85 66 97 54 87 81 53 82 74 98 91 
72 93 53 57 92 97 95 64 79 80 96 61 88 80 64 78 61 93 87 71 56 62 71 66 87 85 81 96 95 67 55 96 52 64 54 81 93 91 52 93 
67 99 77 77 97 57 85 60 85 64 85 87 85 73 83 53 71 93 83 81 54 76 97 63 76 50 60 82 58 59 61 96 89 56 60 55 72 93 50 93 
89 52 54 96 59 61 53 64 61 75 83 90 77 54 82 77 92 83 93 59 69 56 50 89 57 89 75 67 88 83 66 77 54 75 91 86 56 99 81 90 
90 90 73 62 82 64 61 81 72 88 81 53 70 80 94 99 56 52 62 82 52 65 97 85 56 53 54 58 76 50 63 52 90 69 50 91 65 58 53 98 
94 65 64 94 65 65 91 61 65 95 99 87 75 74 76 83 79 59 88 76 83 56 75 67 83 53 82 87 53 77 87 62 58 90 72 97 61 89 97 57 
76 50 85 84 57 99 83 71 96 65 94 59 67 97 71 92 56 62 82 68 71 84 94 50 61 64 75 95 67 52 98 98 73 55 89 50 88 95 63 89 
60 62 50 94 66 72 66 71 57 71 67 97 72 72 66 88 53 77 96 56 86 50 64 77 94 59 63 92 79 96 97 87 91 53 60 72 54 72 89 97 
83 99 99 50 86 96 79 85 61 63 62 53 98 54 60 50 60 81 61 78 88 63 68 65 78 73 64 61 53 64 78 84 67 54 91 83 71 56 93 95 
96 87 97 84 85 63 92 73 75 73 60 86 74 64 65 52 75 59 55 97 53 95 95 97 98 71 63 88 69 55 58 71 89 75 77 75 93 83 95 72 
92 61 74 57 82 52 67 74 86 64 72 94 77 75 63 92 61 74 96 82 51 62 50 65 57 84 81 66 97 52 52 52 89 79 81 78 58 87 73 66 
89 79 69 85 82 78 62 52 69 66 87 65 84 78 79 79 64 74 67 63 61 76 79 57 52 88 88 79 85 54 82 66 54 99 60 78 76 91 80 62 
58 92 58 84 95 75 65 61 61 53 59 66 94 54 58 77 79 91 60 57 69 72 63 94 97 85 72 90 72 80 76 87 83 95 81 67 61 90 82 68 
52 74 51 70 96 74 56 75 90 75 94 54 99 89 78 52 96 90 65 66 81 53 79 80 79 58 70 55 50 82 96 86 69 94 64 77 94 96 69 93 
78 64 87 54 96 63 92 81 54 99 59 91 88 71 77 75 67 51 69 86 66 79 87 77 64 95 99 85 59 83 77 60 90 79 56 66 62 88 66 97 
61 95 55 64 71 97 79 68 75 52 80 91 52 61 61 94 68 95 58 66 89 75 89 73 94 99 88 71 85 81 64 84 85 80 70 60 99 52 70 80 
50 63 64 73 98 73 96 85 67 99 71 93 96 78 82 89 69 87 75 57 77 78 64 58 52 81 99 85 92 59 86 79 70 74 80 58 75 95 92 59 
63 52 84 68 91 58 54 81 76 91 98 88 91 98 74 69 84 70 52 50 63 58 80 68 51 92 77 50 59 73 68 62 69 97 55 59 53 84 57 86 
63 66 98 55 69 62 88 80 73 82 63 95 59 94 51 88 87 84 99 76 55 79 71 50 65 73 98 61 61 97 81 96 77 59 92 77 55 60 88 80 
65 55 80 65 99 96 88 75 67 50 57 84 79 92 88 75 50 69 76 77 62 72 68 54 53 94 88 56 91 85 82 84 59 78 80 82 72 77 90 93 
98 74 72 65 67 69 96 66 68 92 83 72 65 73 92 96 75 60 72 86 97 73 51 60 92 75 98 67 90 97 99 77 69 63 61 72 50 54 67 56 
75 90 74 70 91 97 88 56 89 76 98 77 50 82 73 70 94 63 68 86 81 79 50 58 92 81 69 86 75 62 88 68 80 62 78 52 91 92 54 80 
88 69 86 84 52 63 74 60 76 99 96 90 61 81 87 50 90 52 72 51 55 66 72 90 56 54 87 82 78 81 78 58 76 61 83 94 56 58 90 72 
70 91 82 61 98 87 79 61 78 74 83 98 72 57 95 56 86 69 76 94 68 57 53 63 60 99 79 87 92 78 83 54 55 79 67 54 80 76 84 92 
62 69 90 51 53 84 70 68 54 55 87 66 83 98 85 69 62 84 92 62 54 91 87 65 95 72 70 70 76 55 66 56 51 55 68 97 99 90 67 84 
82 95 81 72 59 95 80 89 52 78 53 58 84 62 77 76 95 99 70 63 86 99 98 72 51 89 71 89 80 81 72 67 70 52 74 66 64 80 94 91 
80 62 68 90 90 95 66 59 71 95 84 61 97 85 97 84 88 63 95 62 79 83 50 88 51 78 65 73 53 72 82 90 89 59 57 50 91 63 83 76 
72 84 75 89 74 52 58 59 96 88 92 90 51 97 91 63 84 66 85 79 70 78 53 95 58 82 90 50 68 79 83 84 85 73 75 84 56 88 98 59 
63 88 92 77 74 76 90 77 85 67 54 51 54 58 76 76 87 88 81 96 90 99 89 84 72 99 76 81 60 55 67 82 97 99 62 98 84 73 66 63 
59 50 78 63 76 68 69 86 54 73 98 52 91 63 66 66 88 98 62 85 85 84 80 77 67 88 94 80 55 68 81 94 66 74 63 52 65 98 53 57 
88 91 65 65 61 67 81 74 86 53 71 98 85 57 84 61 68 74 51 82 68 90 89 72 89 99 92 93 86 65 85 92 90 51 59 99 51 94 96 65 
73 58 64 66 88 89 84 86 76 56 51 67 79 81 56 59 76 79 75 88 82 80 56 61 95 96 84 70 82 71 56 69 55 54 84 72 76 70 62 90 
93 89 51 93 94 65 69 56 93 91 74 79 67 81 72 60 58 64 99 53 75 84 70 77 65 94 68 81 86 77 78 77 89 85 63 57 86 78 83 94 
95 53 63 76 69 79 73 77 73 50 71 99 98 64 58 99 68 96 63 53 71 84 73 96 87 74 70 77 94 80 85 82 96 95 50 50 77 54 56 87 
93 72 69 71 93 72 93 85 55 87 51 58 77 86 82 71 94 82 80 86 99 97 94 67 65 50 63 96 91 95 83 74 59 58 80 66 50 68 61 97 
79 67 86 60 64 66 81 77 54 61 80 58 58 86 56 83 94 68 87 68 58 54 70 65 60 65 96 55 70 55 96 97 51 74 52 66 66 57 52 53 
94 57 97 74 62 99 57 96 66 94 62 95 64 84 59 81 66 54 78 50 93 94 78 91 66 74 64 94 86 83 99 64 76 85 98 73 94 88 93 70 
62 57 50 82 97 71 92 68 99 91 81 69 74 97 55 74 93 54 77 97 97 56 76 95 98 54 86 50 68 84 93 61 63 77 96 71 96 51 85 72 

87 63 52 64 74 73 81 83 84 51 81 59 54 50 56 67 77 72 60 81 52 74 83 91 69 69 62 89 78 60 74 84 98 63 82 72 79 79 97 65 
66 94 61 58 56 89 94 62 83 79 54 59 67 82 91 54 67 62 95 93 67 92 78 87 50 93 79 50 57 59 95 71 93 57 63 85 57 84 68 51 
66 94 71 99 78 93 67 61 84 62 88 50 69 77 77 91 95 69 88 77 51 80 72 90 75 79 76 77 94 71 83 94 55 51 81 96 94 57 63 56 
94 99 84 62 53 77 78 97 92 76 73 64 60 91 70 92 71 98 83 60 67 71 65 71 97 52 59 84 63 77 62 63 91 60 50 86 56 94 95 69 
89 95 84 84 80 66 85 88 79 55 64 85 85 82 75 99 50 73 51 99 76 91 73 88 84 50 53 93 53 93 94 89 64 57 83 63 87 68 83 69 
72 96 90 54 66 82 84 94 69 62 80 91 52 95 53 75 66 82 88 92 66 69 78 78 89 74 78 55 70 87 68 84 96 88 85 57 78 64 75 95 
75 62 80 82 77 70 86 84 78 90 97 79 90 84 56 94 91 91 87 97 54 64 83 77 78 60 77 67 75 82 72 81 67 67 53 62 83 64 72 98 
74 77 72 56 72 89 52 53 83 85 84 74 76 89 77 64 69 53 50 87 59 96 83 60 61 90 54 86 99 65 77 83 66 63 56 80 74 68 99 70 
90 50 82 97 57 64 63 59 84 66 50 96 81 93 89 89 82 66 84 59 91 50 75 90 54 72 78 66 95 83 97 81 66 64 98 71 69 93 69 85 
86 77 59 80 68 85 79 53 85 65 67 74 84 94 67 67 52 94 59 80 97 57 50 55 67 57 87 97 60 56 64 95 55 89 74 81 77 91 87 80 
90 79 89 79 83 62 90 87 62 93 96 69 90 85 59 58 82 86 94 78 85 95 55 89 76 59 63 64 96 94 91 51 78 54 61 86 56 70 57 59 
53 73 78 75 58 54 52 76 62 90 62 58 52 66 76 80 91 72 64 81 69 59 50 78 66 79 58 95 60 53 68 65 56 71 66 61 72 54 72 63 
61 75 92 89 51 51 52 50 78 98 80 81 51 83 74 60 95 68 81 74 74 54 69 62 91 87 89 53 93 59 76 58 61 77 72 56 75 56 70 81 
80 97 87 51 80 72 73 75 80 60 93 82 93 67 50 71 66 72 97 99 75 54 67 98 74 84 96 93 64 80 63 56 77 78 99 98 93 96 79 90 
98 80 71 99 59 62 85 77 88 78 84 68 50 67 88 57 69 71 83 76 59 60 94 93 78 86 63 85 76 94 97 91 96 79 97 54 62 80 83 76 
51 85 82 87 69 67 83 65 60 53 64 93 71 61 55 78 69 74 84 85 70 92 67 72 78 50 57 62 64 61 82 98 83 62 76 99 85 67 78 73 
67 83 85 73 57 98 85 68 86 63 55 74 93 75 52 66 86 84 67 62 98 96 73 67 52 80 55 82 92 74 64 70 94 81 94 75 54 64 62 66 
84 58 87 99 97 70 87 54 59 63 60 93 72 52 57 77 85 76 63 83 75 69 76 51 91 50 68 80 61 68 86 54 66 88 74 86 93 86 52 89 
63 58 70 52 53 57 91 99 55 81 55 83 55 51 78 53 52 53 69 76 76 82 82 60 63 60 82 72 61 67 75 60 61 51 63 97 70 81 59 76 
77 85 77 93 82 61 53 67 96 57 65 54 91 60 64 64 54 97 82 86 76 54 66 67 59 53 79 98 84 57 70 89 91 95 79 88 61 54 63 63 
80 69 77 99 92 64 85 90 73 90 56 98 89 98 52 99 83 82 70 96 85 84 78 89 54 99 63 87 88 66 86 69 96 51 95 72 96 88 87 84 
76 64 88 62 78 59 63 92 79 82 64 72 79 70 82 86 53 75 64 92 53 60 81 63 52 53 99 71 70 82 95 88 78 86 53 54 88 62 64 84 
87 88 84 62 75 74 83 66 53 67 84 64 98 77 79 97 57 99 62 94 87 60 89 79 88 60 86 89 68 79 72 69 86 99 65 65 91 79 93 55 
51 99 75 83 82 54 77 57 83 66 60 51 83 60 68 94 77 86 91 77 85 62 86 56 80 76 87 78 64 99 93 97 67 75 55 76 70 99 55 77 
77 73 92 94 59 89 78 80 74 65 60 73 84 92 80 88 81 70 88 62 69 54 53 90 88 62 71 59 66 86 56 93 74 94 79 50 63 62 60 92 
53 96 73 83 56 87 56 59 80 98 79 52 87 60 97 90 69 54 67 95 54 75 96 88 96 68 84 96 59 68 67 61 98 97 85 66 65 86 91 90 
95 76 73 79 57 51 85 51 85 63 60 72 90 56 74 82 79 74 94 87 81 56 81 57 77 62 50 92 98 53 90 94 83 96 96 91 62 75 90 93 
91 71 77 67 65 78 57 98 99 98 89 94 67 87 90 69 83 51 65 92 50 89 65 92 96 67 96 51 91 53 80 51 68 85 82 70 81 85 57 79 
54 89 58 96 77 97 97 69 91 68 81 74 69 98 89 92 67 79 77 94 96 97 58 90 67 95 77 92 63 82 51 68 50 88 63 58 56 72 96 99 
74 72 91 66 53 50 70 87 56 62 86 53 98 71 57 66 76 91 76 70 87 74 80 85 77 65 54 63 59 86 58 70 91 77 65 70 95 88 92 98 
62 99 51 65 71 68 60 64 56 63 63 80 80 90 92 68 85 85 69 81 75 55 64 94 54 56 89 78 57 66 80 79 78 51 56 88 74 56 75 53 
72 87 96 55 84 94 93 86 77 97 52 51 68 94 69 83 67 66 86 87 88 70 52 82 58 85 82 56 97 65 87 85 75 86 84 98 64 72 50 94 
79 68 88 55 95 98 95 84 59 90 59 87 79 96 83 84 53 63 58 62 64 73 79 66 80 96 63 52 98 93 92 77 51 66 70 56 53 90 83 56 
71 55 86 94 79 95 52 71 64 94 80 55 76 79 92 54 66 72 90 80 91 77 95 57 96 68 97 68 74 65 74 59 67 87 82 83 60 89 74 64 
86 97 77 96 70 80 73 63 51 69 55 87 54 74 79 58 86 71 98 80 73 81 76 63 65 50 85 91 89 91 86 98 81 71 88 79 52 66 73 84 
96 51 98 93 91 56 94 82 52 85 92 71 59 57 67 82 97 70 76 54 57 89 90 72 66 96 70 95 99 73 80 75 87 84 84 86 59 77 53 69 
98 94 74 68 86 62 97 67 65 83 58 93 58 84 78 58 90 92 97 54 95 84 61 99 61 56 83 77 61 90 66 72 88 53 69 93 90 75 94 70 
97 82 79 82 70 64 71 98 79 62 58 91 54 77 60 54 74 91 63 72 52 67 92 63 79 75 96 86 95 63 90 99 83 99 86 62 72 78 98 64 
92 97 98 94 64 69 90 55 71 60 68 68 85 74 79 69 58 75 58 64 93 71 60 91 60 64 64 59 97 73 76 79 58 98 62 87 84 62 82 82 
76 58 99 63 53 94 85 68 67 53 60 52 53 52 65 83 64 82 99 87 64 59 88 73 95 66 61 82 74 68 54 58 85 61 50 78 76 50 65 54 

66 80 74 69 88 63 89 74 65 95 93 75 50 69 90 71 51 60 82 89 59 79 76 55 92 78 68 63 50 55 82 53 96 87 78 77 71 77 51 87 
59 75 72 99 86 79 62 65 59 93 72 88 98 64 87 83 79 55 74 64 58 74 88 80 60 84 57 92 88 78 51 53 56 56 98 85 66 81 63 96 
77 72 71 73 65 66 51 96 89 82 80 97 75 91 67 57 84 75 88 98 70 96 57 87 79 97 69 59 52 62 87 99 76 65 91 60 78 61 89 74 
97 67 95 90 78 91 73 74 87 57 71 70 57 51 69 77 84 91 91 56 55 57 79 79 76 86 66 72 61 82 77 72 62 50 97 65 54 85 97 67 
52 82 75 92 87 86 51 88 61 70 68 94 68 61 98 71 59 71 95 88 53 82 73 68 75 82 92 55 86 57 63 52 56 96 51 61 94 66 66 80 
78 78 59 92 96 85 78 77 60 61 68 96 78 85 84 80 69 68 82 67 93 59 65 88 51 74 89 70 66 86 78 54 52 55 97 51 93 79 97 61 
79 73 97 69 66 96 67 59 54 91 99 51 53 95 71 92 67 60 74 55 79 80 56 68 55 70 52 85 82 74 78 95 74 63 51 77 64 96 53 74 
51 71 64 77 62 88 87 87 88 69 57 88 63 92 99 75 58 68 83 85 74 95 50 54 57 84 91 59 54 52 70 92 56 65 96 98 80 63 91 65 
67 62 66 60 58 62 60 95 66 80 71 83 92 66 87 99 82 83 65 75 99 56 82 67 74 74 99 77 66 90 66 64 82 56 66 50 93 91 86 90 
56 67 67 78 71 98 73 51 61 71 90 50 98 77 98 74 69 60 56 70 50 98 83 98 76 89 96 80 78 52 81 72 82 50 50 75 83 57 83 88 
85 89 78 51 60 83 79 78 54 58 87 61 54 50 55 74 61 99 59 70 53 93 81 67 85 58 69 68 50 50 68 81 92 85 80 57 74 58 80 89 
72 68 96 63 86 89 95 67 64 81 54 92 81 76 62 83 76 53 99 54 64 84 94 86 65 89 99 98 93 65 89 51 58 53 88 97 82 84 67 94 
71 53 71 58 53 92 90 94 88 93 81 57 98 86 54 97 92 85 92 72 69 97 68 91 82 96 68 92 69 92 74 61 74 68 92 81 50 60 54 76 
87 91 99 82 75 78 97 73 65 64 99 59 81 93 72 87 89 56 52 65 92 77 92 99 86 95 89 91 85 60 83 81 74 86 93 57 75 98 73 74 
66 64 58 93 96 93 57 78 56 65 90 85 55 96 76 98 90 79 60 98 72 77 78 64 97 79 54 64 96 54 59 57 91 72 51 66 54 74 91 67 
90 95 87 56 52 61 63 55 82 75 99 77 56 56 75 84 90 95 76 68 64 62 87 95 86 94 57 75 71 94 50 52 52 50 76 77 50 87 55 74 
56 69 68 62 87 90 54 70 87 84 87 69 67 92 65 66 88 51 86 71 70 89 79 95 87 52 72 76 78 80 93 61 68 57 62 58 91 64 62 59 
61 54 99 51 63 71 53 52 77 66 67 68 89 78 53 68 99 64 58 58 90 53 55 78 79 99 57 90 85 87 65 70 83 58 88 73 56 60 97 53 
65 91 57 93 68 53 67 63 88 55 97 96 97 97 96 57 96 65 51 94 98 74 87 51 68 73 82 80 50 88 73 54 79 65 94 61 57 96 64 95 
92 92 95 87 53 66 52 74 73 90 79 97 72 58 72 94 82 68 73 74 99 84 54 81 55 76 56 61 89 82 82 79 69 69 91 54 52 75 74 55 
91 93 54 92 60 82 88 73 56 76 59 55 58 54 74 75 51 70 91 66 62 56 63 87 85 73 91 95 82 57 54 72 65 85 90 65 51 89 96 77 
79 85 99 53 90 56 77 96 58 97 56 62 94 93 67 82 53 89 74 87 98 93 52 92 59 53 52 65 73 56 52 62 55 88 52 86 87 91 60 61 
73 95 66 71 60 98 67 97 92 64 93 54 80 67 99 83 68 80 63 80 73 83 76 85 57 90 75 82 85 55 60 53 76 70 55 81 89 93 51 64 
90 96 76 57 76 63 79 51 93 83 94 66 95 73 74 55 51 69 85 65 97 80 78 97 59 64 75 84 92 87 84 59 55 55 91 77 51 73 96 52 
86 72 89 60 80 50 72 59 62 95 78 67 64 81 54 80 66 53 67 71 99 54 71 92 81 86 94 73 91 59 78 70 56 62 77 80 57 68 73 57 
85 62 57 98 61 88 93 54 60 58 95 96 94 75 52 74 81 84 72 69 66 71 78 66 57 91 79 62 54 83 60 51 79 62 72 87 60 96 79 66 
60 96 53 65 69 85 60 87 81 92 64 50 81 69 80 71 98 86 72 65 85 53 79 55 78 83 57 65 88 83 88 50 61 94 86 85 58 69 89 58 
63 56 67 80 83 51 89 68 57 77 51 73 64 92 69 63 93 80 93 50 98 78 69 79 79 96 61 85 72 85 94 95 59 73 59 60 57 61 93 71 
67 71 75 81 68 55 67 91 81 67 82 73 64 60 57 99 95 55 97 60 88 59 92 57 71 79 63 80 55 78 62 61 55 74 66 85 69 95 88 96 
67 60 80 79 93 78 83 63 95 95 71 79 91 57 74 56 93 85 81 50 90 86 61 93 97 70 70 95 80 79 98 58 79 89 89 65 79 96 65 67 
73 77 85 80 74 78 55 50 74 53 51 51 79 80 79 73 70 74 71 55 57 70 77 87 82 70 63 91 68 60 57 59 89 57 70 58 78 55 52 57 
79 85 97 78 65 56 50 88 96 98 75 84 75 54 62 54 66 59 92 76 72 74 55 61 67 84 74 99 92 64 66 63 97 92 75 53 70 98 77 73 
64 79 56 94 73 55 57 81 78 65 83 97 67 59 90 69 56 73 69 63 67 63 64 73 91 96 86 61 64 98 63 91 54 70 69 82 90 62 77 50 
62 79 93 52 70 66 98 84 91 76 57 67 72 56 67 84 87 90 57 55 92 71 55 67 64 88 69 80 63 65 88 76 67 88 94 98 84 77 89 66 
54 97 76 78 53 54 99 91 68 79 79 84 59 78 73 89 83 79 65 81 98 89 78 97 72 91 86 88 71 77 87 72 96 86 90 87 64 97 54 64 
58 58 63 66 87 80 80 89 79 55 78 79 53 51 57 62 69 65 67 91 65 92 68 51 97 96 82 86 95 97 87 91 85 57 65 82 50 89 50 73 
71 69 90 89 60 97 61 58 90 57 55 73 66 74 67 90 84 57 76 59 71 82 99 96 78 68 64 98 60 81 93 86 68 58 66 89 78 85 76 73 
62 58 53 52 76 72 60 63 98 66 83 94 79 60 83 71 59 91 78 60 95 90 54 79 58 92 75 69 59 80 57 51 93 83 71 97 91 50 98 91 
96 52 54 82 59 98 58 70 98 81 84 89 91 90 61 76 89 52 55 63 55 64 59 78 97 88 52 93 67 77 55 70 57 60 55 68 99 91 68 73 
89 83 59 97 60 50 83 76 70 75 78 60 91 90 98 83 50 78 93 53 79 93 73 80 63 95 84 81 71 56 96 91 71 91 90 60 82 72 92 62 

61 95 94 55 95 76 94 61 66 94 73 61 99 71 62 57 55 96 87 67 89 79 68 59 81 98 63 56 89 93 84 60 99 58 55 58 78 91 76 98 
84 63 81 90 78 77 59 60 82 54 60 57 67 64 66 56 51 87 72 93 71 91 58 70 80 94 72 86 95 84 79 62 74 88 85 93 66 91 71 93 
79 87 54 87 64 87 87 71 96 97 64 67 95 77 67 72 80 80 99 61 78 60 65 80 95 62 88 58 96 59 92 51 73 77 81 83 67 88 74 84 
56 51 99 52 66 64 56 64 69 63 54 58 70 59 89 51 61 79 50 81 97 63 58 65 67 50 52 98 58 86 60 75 69 85 88 87 70 89 54 52 
83 92 55 57 74 75 77 50 73 99 94 94 89 73 70 96 94 89 86 63 66 72 58 50 74 92 79 93 90 78 83 87 61 98 61 58 56 98 62 71 
86 95 75 52 93 55 60 56 81 69 60 99 52 68 83 76 98 51 79 60 61 57 55 94 63 60 70 71 90 70 92 59 67 91 73 92 87 58 70 64 
97 59 62 97 89 51 91 52 89 53 51 70 96 73 79 68 72 94 99 70 61 98 50 64 64 79 53 69 52 59 73 67 58 59 91 76 95 70 64 50 
61 73 53 67 92 71 52 53 71 67 58 78 57 55 84 51 53 98 84 85 53 51 59 66 83 95 66 72 92 76 99 85 95 93 55 90 65 67 58 70 
94 64 94 90 65 59 57 87 80 92 71 86 57 96 54 68 95 92 57 59 56 72 88 68 85 63 72 58 95 91 91 59 65 97 62 64 99 85 86 91 
51 77 50 99 73 56 50 97 79 97 56 97 90 55 92 61 83 77 83 89 79 99 66 53 86 58 82 95 62 51 60 52 65 62 71 86 96 75 56 62 
96 58 58 91 52 91 73 95 60 64 70 78 93 73 91 88 89 77 72 63 88 73 77 75 53 70 92 77 76 58 79 87 52 54 61 55 99 73 51 75 
71 72 56 94 53 90 82 91 79 83 54 86 93 69 63 57 86 62 93 84 50 93 83 84 87 53 93 90 80 69 95 86 57 98 85 86 94 52 53 69 
55 73 70 50 94 79 68 59 83 55 91 61 71 80 89 52 89 73 61 92 82 88 79 82 76 79 65 73 83 90 71 79 88 52 54 69 95 54 99 99 
83 58 51 71 98 55 85 73 93 64 57 69 80 75 78 87 76 68 60 84 78 85 53 67 91 68 61 70 54 90 62 81 66 89 98 75 63 79 80 64 
63 73 80 88 66 90 90 85 84 52 74 90 53 71 65 99 50 82 58 54 67 67 55 51 96 63 78 92 74 85 78 73 73 98 99 73 96 58 85 64 
79 90 99 82 86 70 76 75 55 55 80 94 74 74 95 72 69 93 92 91 83 66 67 76 60 62 73 72 63 72 72 93 97 64 89 96 54 85 96 51 
84 81 96 84 62 74 82 66 96 90 57 80 65 72 53 75 97 85 76 87 82 96 62 83 63 77 63 91 68 99 84 56 85 56 53 54 61 50 64 79 
71 79 88 69 54 76 82 77 86 66 68 65 69 70 76 99 99 73 60 87 52 95 55 75 92 73 92 71 74 87 82 61 56 61 69 59 96 58 59 71 
95 81 55 91 79 60 97 80 91 80 83 71 95 99 54 71 98 62 90 81 71 54 58 54 67 53 53 63 75 56 50 75 79 89 93 51 83 54 73 79 
90 87 57 68 81 58 65 99 51 50 82 76 78 68 55 98 80 78 81 89 89 77 75 68 66 50 83 51 75 79 64 82 61 50 57 98 84 99 75 75 
80 54 76 93 76 70 55 57 50 90 51 58 55 88 88 96 50 64 79 94 87 61 87 97 85 77 69 74 99 54 83 98 92 51 75 65 89 69 76 67 
94 54 85 79 80 74 69 93 66 63 81 55 81 96 74 99 79 77 51 65 80 67 53 65 93 51 98 74 58 51 68 81 84 94 81 63 89 69 53 76 
60 99 81 65 74 70 55 67 68 50 76 55 72 52 57 61 59 65 97 88 58 67 75 77 85 95 75 52 66 57 75 84 79 96 89 75 88 78 84 83 
91 85 77 80 73 89 77 84 57 75 64 78 71 55 80 87 88 89 76 58 64 50 95 56 71 63 97 57 72 87 69 64 90 61 66 54 54 78 52 58 
75 57 99 52 77 88 69 88 92 54 65 91 70 54 84 64 90 68 55 68 85 65 71 62 97 84 87 98 78 68 79 73 81 61 94 78 81 75 83 84 
97 85 95 64 94 52 69 72 81 75 83 77 59 86 84 58 62 79 50 82 90 87 64 68 83 76 51 80 54 56 74 89 58 92 98 62 79 71 75 93 
97 62 59 93 56 64 83 50 53 94 85 68 53 82 72 55 91 84 89 69 79 95 63 74 54 96 62 61 89 50 63 75 72 99 69 82 87 66 54 66 
95 77 51 51 68 79 99 50 93 86 67 99 58 50 79 98 78 82 53 88 67 87 67 89 76 75 75 98 52 73 70 85 81 60 88 62 58 86 52 63 
88 91 96 79 67 69 79 93 75 64 91 78 50 87 68 55 82 95 58 78 83 97 61 90 55 54 91 52 74 89 78 80 61 81 92 53 73 83 67 63 
55 80 53 92 58 54 74 69 54 96 50 58 60 98 72 96 55 90 67 73 79 68 92 57 92 84 70 57 88 54 99 71 51 50 73 59 87 80 54 61 
81 55 65 86 88 83 73 63 96 76 77 83 90 95 67 68 95 67 75 80 88 78 57 94 58 53 98 57 91 56 96 67 79 97 89 86 58 75 97 99 
79 91 63 96 53 50 54 75 65 64 53 87 58 87 75 71 89 85 72 84 69 51 54 88 95 92 69 85 68 76 73 90 76 52 53 67 79 91 92 58 
72 77 99 57 52 75 94 67 86 90 76 87 64 93 69 97 76 80 68 93 96 76 70 77 84 82 54 60 61 73 63 81 57 93 72 88 71 77 62 56 
79 90 91 65 70 70 87 85 98 61 69 52 58 74 83 50 92 95 95 54 64 88 76 84 66 69 61 51 71 96 60 56 69 55 79 61 79 80 76 66 
53 60 52 63 83 66 96 53 66 96 94 56 80 82 68 50 90 93 90 54 53 88 96 67 73 67 55 60 73 85 87 58 86 68 84 93 84 59 85 54 
90 55 81 96 67 78 77 77 50 83 54 74 96 86 97 57 67 79 65 80 56 76 72 91 53 79 58 88 83 61 98 66 71 77 95 59 77 88 96 61 
61 72 85 88 64 55 54 95 70 85 71 73 55 83 69 64 80 96 92 61 99 87 95 53 84 90 74 64 70 57 59 51 70 91 74 75 74 62 74 77 
76 65 93 51 95 75 87 62 76 57 88 84 82 83 83 56 86 55 58 91 76 94 83 67 54 50 50 53 67 92 81 61 99 93 95 65 91 62 71 57 
68 54 77 81 90 64 50 88 68 71 79 81 64 73 52 58 80 65 70 87 66 79 54 80 64 76 92 72 58 76 64 69 53 97 98 85 77 79 92 61 
73 93 91 89 66 72 98 89 61 92 59 84 59 94 78 65 76 62 70 63 67 54 78 63 82 57 64 94 53 73 93 50 82 56 63 76 55 75 92 90 

67 62 62 76 82 77 79 71 89 72 91 77 62 79 92 90 86 92 74 88 52 64 65 62 70 86 74 68 63 76 55 65 78 52 86 82 65 57 61 89 
89 63 52 53 63 91 58 93 68 60 51 57 84 89 51 68 75 61 75 84 68 62 56 57 85 78 83 99 94 92 51 73 78 70 84 84 90 81 98 76 
66 50 74 84 87 50 89 55 61 91 66 68 74 68 87 74 70 63 72 75 87 99 74 98 81 98 72 67 66 59 92 95 96 60 58 98 56 50 71 60 
89 72 74 69 65 68 94 82 83 66 59 53 68 62 83 90 85 56 99 83 59 52 52 58 73 66 77 71 80 76 77 56 65 52 78 57 51 71 89 88 
55 92 93 86 98 53 92 60 79 91 83 52 58 73 59 69 57 57 55 90 77 93 57 66 84 70 59 85 78 81 80 50 97 79 69 71 84 66 82 96 
98 73 83 52 63 71 77 59 88 88 88 65 51 67 96 84 53 72 98 74 84 69 66 71 82 53 60 92 70 68 97 98 78 50 75 71 83 70 82 55 
53 75 56 80 65 81 81 83 60 97 66 57 91 67 87 97 71 79 54 87 54 58 58 56 76 56 79 73 55 77 52 88 60 67 85 70 51 78 99 73 
65 85 79 65 52 56 50 91 92 65 80 91 92 77 82 86 55 99 60 87 61 66 53 81 70 68 80 74 59 82 76 59 80 53 85 61 72 88 55 96 
67 61 69 66 93 94 94 73 77 61 61 71 77 64 87 55 76 97 55 98 97 83 77 91 90 56 59 59 76 98 88 83 70 68 64 78 91 77 67 82 
92 65 75 87 94 73 60 91 83 61 78 96 69 85 71 75 96 98 64 80 83 81 66 77 92 73 61 58 84 76 80 59 51 62 52 98 57 77 93 69 
69 81 53 80 62 64 65 72 51 85 72 56 77 83 65 84 55 53 73 87 98 83 65 54 76 55 67 64 51 64 95 50 94 93 87 85 56 56 65 58 
82 65 96 67 55 56 70 82 86 74 70 90 52 82 78 83 58 84 52 95 63 91 76 50 91 63 91 51 58 95 60 72 64 58 74 57 77 88 85 50 
99 84 85 50 71 88 51 54 90 98 54 73 76 56 75 67 59 79 97 78 61 66 81 71 59 53 54 75 88 94 89 64 98 95 61 66 55 65 69 51 
94 94 74 65 63 65 84 58 87 98 77 98 70 84 76 88 74 99 72 75 93 87 94 89 57 72 61 75 88 92 73 91 61 82 65 99 79 88 92 98 
51 84 66 99 66 61 76 79 89 94 51 74 55 94 59 94 95 62 66 50 50 86 55 61 56 85 73 64 57 56 78 81 81 94 57 80 68 73 87 69 
70 65 54 53 82 69 77 51 74 87 78 55 84 74 59 73 93 80 73 95 53 92 96 61 50 82 87 66 69 83 75 89 57 76 77 56 80 98 62 65 
73 51 63 92 51 67 60 99 70 60 53 63 82 52 76 50 72 62 62 63 62 71 99 66 63 57 87 66 65 98 99 72 77 92 90 86 61 63 98 83 
88 68 57 50 76 92 90 80 65 90 85 54 74 85 63 87 77 66 66 84 68 59 75 79 73 70 58 73 99 54 74 74 54 82 92 73 80 65 86 57 
80 67 61 67 62 90 70 62 61 98 74 97 60 71 87 51 56 82 71 57 96 71 92 54 99 79 65 73 64 76 70 88 79 63 73 56 86 65 98 92 
53 84 65 51 72 90 96 93 70 77 52 77 87 93 54 79 92 92 65 64 77 50 62 85 90 63 59 72 80 55 66 93 92 51 59 75 50 53 99 51 
99 82 60 83 94 83 93 73 88 85 62 87 97 58 86 91 92 61 67 50 51 62 93 82 61 76 60 99 84 94 89 92 68 85 84 79 72 92 59 96 
61 69 79 61 58 51 66 59 94 63 76 98 53 65 89 80 50 57 64 63 62 62 88 91 63 75 60 69 71 77 63 52 57 68 83 61 83 68 94 98 
96 79 59 80 63 63 89 95 96 78 59 56 53 69 99 58 78 92 57 56 61 62 84 80 78 67 99 80 92 66 78 86 77 53 60 95 83 59 80 80 
61 92 82 73 59 57 91 72 50 99 94 94 77 69 99 51 64 62 66 98 51 62 89 94 52 94 57 52 58 62 93 65 68 77 70 70 76 89 50 86 
66 80 72 59 52 63 51 66 89 51 55 68 80 95 65 68 95 88 88 72 58 79 76 60 73 76 96 68 78 86 99 56 99 97 83 89 71 60 57 59 
53 50 56 86 83 88 57 79 73 89 79 64 86 57 60 91 73 64 97 65 91 58 84 77 61 59 77 57 63 52 81 95 69 62 81 61 53 56 75 91 
99 87 67 89 68 78 71 66 85 61 50 64 53 51 65 65 55 52 71 77 53 62 54 65 91 85 84 79 78 68 95 70 55 85 71 98 96 92 64 61 
80 93 79 86 82 80 79 63 69 55 94 91 58 84 73 87 96 59 54 68 83 76 63 78 56 50 65 90 81 82 88 94 67 67 57 82 92 51 86 90 
74 62 59 92 59 69 86 83 92 65 70 63 65 70 82 82 97 75 75 94 60 50 95 57 91 67 55 87 76 86 88 51 81 50 52 96 84 67 88 96 
85 80 81 61 59 69 80 61 74 89 66 53 84 74 54 99 64 97 99 53 77 66 75 87 61 71 84 84 84 87 65 74 88 79 64 59 81 56 94 62 
78 86 83 99 59 68 73 93 70 60 59 91 73 72 90 99 50 50 63 97 55 54 99 75 81 96 69 80 90 89 75 84 82 89 93 83 64 88 54 64 
55 97 90 75 70 60 52 91 66 81 74 94 73 79 78 86 86 82 69 82 93 87 70 70 90 56 60 65 98 82 94 74 95 71 50 96 70 65 62 73 
83 94 55 71 56 66 98 58 71 96 74 83 72 79 96 68 50 79 96 68 92 95 60 95 82 50 79 53 79 75 92 96 68 54 57 77 53 54 93 98 
63 67 66 77 95 55 72 86 73 68 83 91 67 93 53 88 80 56 68 70 56 50 83 95 76 77 82 73 53 97 71 81 58 61 92 54 64 81 65 93 
99 87 57 73 57 88 79 87 58 61 85 98 93 90 82 94 95 63 96 65 65 69 81 58 56 60 94 51 63 59 68 52 81 78 65 71 93 95 62 74 
50 86 86 84 77 77 94 79 54 96 60 69 60 63 56 67 72 79 73 92 91 60 72 77 82 94 70 63 73 71 73 68 88 66 55 57 78 65 98 91 
58 50 58 86 65 58 73 95 52 84 53 52 84 97 69 94 70 75 82 61 71 77 56 89 99 57 70 63 74 62 58 72 50 63 51 52 99 58 97 77 
89 86 58 89 61 87 83 70 82 85 78 99 57 61 79 54 88 53 87 78 79 54 77 51 80 77 60 84 86 89 56 67 70 56 70 75 98 90 79 81 
76 56 65 53 55 65 74 94 89 89 66 72 74 67 81 95 68 67 51 52 51 61 86 76 91 52 91 93 80 78 83 67 51 56 93 56 86 90 97 98 
98 61 99 79 92 58 75 50 96 88 54 51 53 84 97 74 98 51 50 62 56 76 56 65 79 74 77 67 96 68 75 55 83 98 90 84 75 71 78 84 

51 60 70 69 62 69 97 88 74 83 73 87 67 56 73 50 96 83 92 70 59 78 53 78 53 75 57 64 82 51 75 56 57 97 97 97 68 83 82 88 
93 52 50 76 54 82 72 66 73 66 94 65 72 77 99 67 86 68 96 99 87 74 71 57 80 59 53 87 53 56 71 84 86 91 71 74 90 52 87 50 
67 92 95 96 53 80 64 56 66 53 79 63 71 99 76 78 96 91 50 85 66 66 80 94 78 94 55 71 73 61 98 56 88 52 60 55 92 53 62 88 
61 89 63 50 73 85 53 58 85 58 51 73 53 71 71 55 73 73 75 60 94 54 82 89 51 68 81 83 89 57 85 51 61 54 76 50 65 81 89 84 
59 96 79 62 67 99 51 92 53 94 91 88 81 95 59 99 85 86 73 70 51 74 52 93 87 75 98 98 63 62 70 74 93 88 85 98 81 52 83 99 
63 76 80 79 81 59 78 88 62 90 87 96 73 72 75 91 80 87 53 96 93 67 57 56 60 67 71 51 88 98 93 80 70 56 90 77 72 52 80 93 
58 59 53 76 76 98 66 92 89 99 79 89 59 59 63 80 78 66 82 87 81 93 87 65 72 51 68 60 65 79 80 58 52 83 53 68 70 75 58 94 
52 82 72 78 92 59 64 98 72 57 78 56 93 56 56 72 67 64 72 60 77 51 79 50 94 98 84 64 61 76 69 79 63 64 91 75 79 96 52 73 
85 79 96 58 80 85 70 85 72 96 97 52 95 68 77 68 96 89 88 66 63 63 84 77 85 87 92 97 59 64 71 66 86 74 54 61 58 74 76 98 
93 54 93 97 94 79 57 64 99 80 53 65 55 90 84 92 69 89 51 61 58 51 78 83 75 60 98 53 50 51 87 51 81 66 70 80 97 51 62 50 
92 81 72 76 70 94 82 86 90 98 59 83 85 78 61 97 59 90 82 77 98 80 88 95 99 55 78 56 69 92 97 53 50 52 69 92 89 87 76 86 
98 96 86 74 67 95 70 86 50 95 71 91 96 97 69 58 63 86 70 64 71 54 54 63 87 64 81 60 57 96 69 95 75 89 94 88 73 99 77 64 
94 50 75 65 93 95 65 64 76 57 75 71 51 91 90 93 63 85 87 84 93 93 57 69 77 92 97 67 50 97 73 94 72 82 82 73 62 83 54 74 
71 65 63 81 63 85 98 61 87 64 74 64 82 86 86 55 59 95 99 55 76 51 55 84 84 65 68 76 67 76 65 61 57 97 86 98 91 95 83 59 
73 89 96 55 56 94 72 57 66 90 98 89 51 52 74 93 95 76 96 75 94 71 52 54 72 82 72 69 50 70 97 51 60 81 79 52 59 53 51 87 
81 93 55 72 87 61 70 89 87 70 54 64 68 79 53 58 89 69 65 61 79 56 55 61 92 84 63 88 53 57 80 88 82 99 86 94 91 76 92 99 
89 65 97 89 88 69 94 59 73 59 54 76 52 59 93 66 63 61 68 99 89 50 97 89 86 83 77 53 81 91 79 64 61 88 84 61 89 85 80 98 
76 90 51 92 85 85 72 88 84 86 80 92 81 69 65 71 58 65 84 78 50 71 82 83 99 86 96 74 88 81 90 57 51 96 85 97 58 76 78 85 
93 71 54 58 86 90 94 55 61 95 57 61 77 91 93 76 80 75 63 62 56 96 83 83 54 63 95 81 84 77 75 76 94 74 50 65 75 79 69 81 
67 75 57 80 78 76 66 85 91 67 76 73 91 78 65 72 53 92 83 84 62 72 59 69 53 88 87 67 60 94 75 97 70 63 52 67 58 54 85 81 
75 50 89 80 57 53 91 72 57 92 59 63 91 96 98 63 74 72 68 64 73 79 68 71 87 90 56 72 95 90 61 91 67 83 78 52 78 65 68 88 
71 94 92 51 99 98 82 97 66 91 99 72 77 90 54 67 92 65 66 73 58 81 98 95 69 54 71 57 69 86 81 67 66 99 99 85 72 92 63 77 
88 78 57 62 68 59 63 99 84 93 81 73 84 73 86 90 67 54 58 91 77 79 56 56 92 98 69 83 55 87 52 71 90 65 54 51 65 51 52 99 
82 81 53 59 99 69 86 60 69 76 81 67 58 84 68 89 73 81 50 65 60 95 65 90 82 80 79 66 87 92 57 88 64 59 53 87 61 62 89 82 
60 88 72 86 96 81 83 89 50 75 78 64 60 58 64 57 60 58 51 68 63 75 51 60 68 70 53 88 92 87 59 60 90 79 58 74 94 61 52 50 
67 88 55 94 73 52 50 87 75 78 53 72 86 61 68 88 89 76 61 90 65 63 56 86 75 87 89 64 87 60 61 83 57 88 85 53 87 55 80 73 
78 58 66 98 98 87 54 57 68 80 93 99 94 52 61 87 56 70 91 58 54 89 50 83 68 74 81 50 78 69 70 75 51 53 88 61 55 70 79 60 
67 90 79 58 66 63 80 72 53 90 56 75 70 50 75 89 58 89 68 60 74 77 66 50 79 82 60 61 70 58 60 70 86 82 56 64 69 82 60 99 
53 58 65 90 92 51 54 54 97 52 61 97 91 96 97 63 87 86 65 75 60 68 90 60 82 67 88 99 54 89 95 96 83 54 81 73 84 88 54 87 
76 68 99 64 73 80 51 96 76 65 78 68 76 64 86 91 60 50 89 53 96 76 75 54 81 70 77 69 71 64 81 63 61 79 78 79 54 90 83 74 
77 83 84 72 51 53 54 91 54 86 59 59 81 65 79 72 56 53 56 85 56 82 53 85 74 59 67 51 80 63 96 59 72 96 84 55 52 95 63 56 
82 81 97 90 89 84 99 59 80 59 74 63 86 80 89 90 99 53 77 58 83 75 50 54 89 53 72 88 70 63 55 70 99 59 91 66 53 92 71 80 
86 63 51 90 90 64 59 72 91 60 66 87 91 95 88 78 92 87 54 81 82 68 87 75 85 81 77 68 96 61 98 78 85 68 87 65 65 85 67 89 
63 69 95 91 67 78 64 66 93 75 67 98 98 72 99 88 98 54 69 54 70 58 72 65 73 77 72 82 96 96 50 54 77 94 85 88 85 67 92 72 
67 54 66 92 91 74 57 57 79 74 73 51 91 86 52 93 52 73 64 90 51 94 83 84 82 81 69 78 51 91 69 50 92 82 52 85 94 76 70 91 
76 63 80 51 67 81 75 95 61 87 62 86 60 87 87 89 96 73 75 95 71 90 66 96 66 84 70 91 72 98 59 80 56 66 63 76 99 95 90 95 
86 56 88 80 55 99 87 98 50 60 95 72 66 54 79 54 92 57 79 54 73 97 89 80 74 90 91 63 73 68 57 90 51 59 87 76 72 70 99 53 
82 79 58 83 85 52 50 75 81 85 93 84 59 81 81 65 58 67 85 74 81 85 57 66 52 85 81 51 75 93 89 99 66 82 50 82 84 94 62 61 
54 80 69 60 90 77 68 59 87 82 52 63 67 62 52 88 56 92 73 97 57 80 63 54 66 63 81 91 66 93 99 68 69 91 54 89 99 59 76 74 
58 94 88 93 66 87 93 72 96 83 88 80 75 62 72 57 55 82 87 99 98 85 71 76 92 70 79 90 65 83 67 54 99 66 68 73 84 63 65 67 

57 82 99 78 74 69 97 75 69 85 75 75 69 61 59 90 95 77 83 74 80 68 70 73 86 86 78 58 87 66 71 66 71 86 65 87 83 72 85 67 
80 94 59 79 50 68 50 96 81 97 76 54 62 50 69 81 58 74 53 86 68 58 65 50 59 70 69 59 66 92 61 89 71 85 95 60 69 57 77 70 
83 91 73 94 83 90 59 54 81 91 88 58 99 87 51 77 56 90 88 69 97 72 88 77 75 52 51 71 85 87 82 73 81 51 51 80 78 51 83 72 
78 99 87 84 85 79 82 78 50 73 92 97 54 95 97 61 85 65 85 65 73 65 72 57 93 91 78 83 69 76 98 63 97 67 88 88 90 69 92 71 
78 97 58 87 88 73 61 65 63 90 91 69 99 98 66 59 87 55 70 75 65 89 98 74 54 95 94 80 62 90 87 96 94 75 80 60 75 62 84 62 
81 87 66 57 61 54 71 94 78 60 55 64 89 93 87 87 74 82 96 99 84 82 79 52 99 71 98 96 63 75 66 99 75 58 95 69 57 68 80 66 
99 91 89 89 50 84 54 67 86 54 63 53 76 58 79 88 86 65 73 56 89 73 96 86 83 59 75 64 85 91 67 78 65 92 60 91 78 64 62 79 
71 90 69 50 62 99 78 96 57 89 65 71 77 76 96 57 69 70 88 82 63 59 96 63 91 99 56 91 65 96 65 78 74 77 77 91 80 90 86 57 
77 99 76 51 64 61 74 55 98 56 61 54 85 90 97 57 89 90 84 72 99 58 86 69 87 55 50 70 64 68 58 50 82 82 89 92 81 74 86 62 
73 88 94 78 99 56 67 69 74 74 51 65 50 93 80 92 73 52 78 78 86 63 77 96 94 59 82 69 63 91 97 63 76 84 66 76 88 63 53 57 
90 82 54 74 77 99 59 80 69 91 56 88 79 52 73 92 76 75 57 80 75 85 51 50 83 88 73 51 74 50 75 61 66 98 98 61 74 80 87 91 
59 56 66 54 67 65 81 66 60 59 83 50 95 68 53 64 64 60 89 85 65 84 83 66 99 70 75 71 83 51 79 86 50 51 52 90 69 74 66 85 
94 55 85 52 73 57 81 53 93 81 88 94 92 74 77 93 54 71 76 70 72 88 56 51 72 62 86 97 62 56 87 66 87 76 93 92 89 96 86 53 
62 76 93 53 77 89 95 96 66 57 58 76 59 88 92 88 77 56 89 61 58 71 76 51 85 56 82 92 87 99 94 62 67 79 97 69 53 59 54 55 
93 88 74 77 56 55 89 62 94 80 59 86 52 50 55 59 55 71 51 62 71 73 50 72 54 70 67 67 62 62 52 82 83 78 79 55 61 86 64 52 
64 53 79 68 70 78 98 94 54 76 60 65 95 86 92 98 95 61 97 67 79 93 79 62 75 93 73 72 93 99 65 63 71 87 51 91 50 73 80 81 
90 56 76 97 90 98 90 52 82 51 61 57 98 86 65 75 63 71 72 97 85 92 79 65 79 65 61 90 94 83 91 71 65 86 77 96 94 62 92 85 
65 60 81 74 62 57 93 82 73 73 77 78 76 62 68 53 85 90 71 80 96 62 53 55 83 67 71 65 60 99 66 97 54 60 57 56 89 51 78 97 
72 75 79 53 99 90 56 64 83 95 98 80 69 68 53 53 51 67 62 84 90 71 77 97 91 61 60 66 62 63 85 70 97 55 68 76 72 98 85 51 
87 62 92 83 99 96 52 78 67 75 51 61 69 72 66 73 91 79 67 59 81 62 84 62 79 76 62 58 63 93 54 76 71 86 84 89 51 51 50 76 
86 66 81 76 65 73 83 61 86 84 68 77 81 74 84 92 93 90 67 85 91 91 88 96 92 56 75 79 86 90 95 56 66 98 83 85 94 72 74 50 
69 78 84 73 79 74 66 84 51 59 56 69 52 90 67 69 99 81 92 98 68 65 61 97 90 97 71 95 63 92 69 55 79 56 57 68 88 94 56 94 
93 61 80 68 50 80 63 98 94 99 61 86 60 83 67 65 50 51 81 89 93 74 97 81 65 87 74 94 65 72 83 56 86 57 61 56 78 71 72 85 
73 63 96 79 56 81 86 51 63 79 69 83 93 57 61 54 81 65 83 64 81 67 56 86 61 57 50 87 50 92 85 95 88 75 66 67 97 64 54 70 
88 95 62 55 95 96 63 95 52 68 99 65 85 83 99 86 93 55 94 52 65 83 94 74 66 52 59 68 95 91 76 90 60 76 86 57 75 94 71 65 
69 57 76 94 90 91 61 97 76 96 53 78 50 98 81 64 97 51 94 75 64 74 95 65 72 73 51 93 54 61 64 94 80 57 83 56 69 80 85 98 
55 58 52 79 93 68 80 53 52 85 77 54 64 89 72 65 83 81 74 99 82 59 68 84 97 70 99 76 90 96 94 50 73 77 55 65 78 91 80 76 
70 66 92 58 69 54 56 82 91 72 58 87 84 55 78 73 97 59 79 67 82 51 57 56 61 80 62 92 88 75 56 59 81 68 89 75 99 75 60 94 
92 61 78 83 57 94 90 72 76 51 53 65 80 72 64 51 56 72 95 63 63 66 92 76 84 65 91 83 90 54 87 84 84 80 52 57 74 96 56 77 
85 76 96 50 57 61 57 65 95 68 59 88 53 86 90 91 74 77 69 93 77 86 92 72 87 94 95 73 78 65 50 93 72 81 80 62 89 97 53 84 
88 51 54 91 66 79 53 90 65 99 61 56 84 80 65 55 71 52 79 99 70 91 97 50 57 60 59 68 64 83 83 75 67 82 76 56 97 62 54 56 
50 60 72 70 60 53 57 75 60 78 73 92 66 89 95 58 54 53 76 69 98 87 98 57 74 78 69 95 85 97 50 54 61 69 80 94 97 92 65 52 
52 72 91 65 82 85 89 51 77 85 60 90 55 92 57 95 75 93 68 83 98 60 60 65 78 75 93 80 98 72 50 83 56 88 98 89 81 96 95 96 
63 54 98 73 98 76 89 96 52 66 93 73 57 79 67 73 78 53 80 54 57 79 73 54 54 65 62 84 64 98 62 97 97 70 89 96 53 68 58 75 
92 61 95 54 84 89 62 92 87 85 60 59 83 51 52 55 72 99 74 52 66 51 58 64 71 58 67 75 97 92 55 92 95 53 93 75 95 84 77 85 
95 70 71 98 99 88 53 72 55 91 54 51 71 85 93 97 89 76 84 78 63 62 94 84 92 60 94 90 57 70 90 64 73 68 86 58 84 77 96 97 
86 59 50 58 54 68 97 63 54 62 51 69 98 81 70 92 97 63 97 50 69 63 84 69 52 82 72 97 67 97 86 78 75 98 78 74 75 79 73 52 
71 94 57 64 97 59 96 59 84 64 72 76 67 70 75 70 92 60 60 65 99 65 71 74 82 74 78 82 56 53 81 71 94 51 89 72 75 67 88 98 
55 52 78 51 57 64 87 92 51 68 99 92 56 89 78 83 89 74 71 54 71 90 50 85 87 60 67 61 58 79 90 52 66 50 77 59 85 66 66 78 
89 89 57 81 94 75 99 62 56 70 71 75 58 74 93 87 95 62 91 90 80 51 89 61 65 58 50 58 92 60 50 88 67 70 72 67 96 89 60 52 

97 60 54 86 54 54 77 58 89 52 90 77 86 98 96 89 75 83 84 75 72 55 56 57 75 94 99 50 86 81 89 84 88 65 82 90 51 57 66 97 
64 70 56 63 58 62 65 81 76 95 86 51 87 69 51 75 74 85 92 70 72 88 57 52 83 59 50 56 53 74 59 88 70 60 98 98 56 50 94 82 
62 67 61 65 93 59 72 58 92 86 92 50 51 54 77 92 79 60 58 66 68 60 86 88 88 92 91 71 87 90 64 57 69 84 68 90 81 88 65 72 
78 56 92 87 79 94 50 59 82 70 95 89 53 61 82 94 89 58 92 81 70 79 83 95 61 56 65 61 57 50 60 56 78 59 80 64 82 90 77 63 
62 91 97 68 67 93 87 80 99 66 71 90 98 89 76 51 80 74 73 75 58 89 65 53 60 82 55 69 79 90 61 74 51 88 58 99 80 52 53 52 
69 81 78 66 73 71 58 56 80 87 96 66 79 66 58 83 87 80 95 54 74 88 94 51 53 57 84 97 69 94 78 66 92 69 55 96 96 75 73 86 
87 80 73 88 51 50 88 61 55 80 91 79 85 81 98 99 70 73 53 65 98 64 70 72 71 55 77 63 75 64 72 95 90 52 58 63 86 81 70 65 
97 88 69 98 86 58 82 60 60 57 81 67 61 99 74 81 93 61 56 67 75 71 61 69 81 75 81 97 90 92 87 53 83 52 75 79 56 85 90 95 
65 63 75 64 60 84 97 98 87 73 59 73 92 69 88 62 58 68 64 71 61 70 98 51 65 94 76 76 74 95 52 51 97 79 76 79 76 60 69 50 
75 64 71 91 92 92 91 81 52 57 82 91 65 90 73 68 82 74 81 61 66 85 87 70 83 96 99 56 78 87 97 55 51 70 63 76 54 62 90 69 
89 51 55 90 57 90 81 68 90 98 97 68 73 82 94 72 63 94 70 59 77 86 60 72 77 70 70 54 68 72 97 55 96 95 98 79 61 77 79 52 
92 76 69 89 59 68 50 78 82 83 72 88 73 68 73 80 53 74 96 67 76 72 61 73 61 61 83 64 95 50 75 68 89 99 66 73 54 82 83 68 
66 81 52 92 68 79 62 90 75 82 98 97 54 74 71 57 56 51 83 99 99 64 92 73 99 65 83 67 94 67 95 57 67 78 56 72 98 89 98 98 
78 72 67 80 79 85 97 63 63 76 89 53 53 57 85 61 79 53 65 80 78 66 65 83 77 55 51 82 55 85 83 97 95 61 71 81 97 98 89 75 
96 58 64 83 78 96 51 94 94 56 51 76 95 64 77 84 78 70 70 60 77 89 77 87 94 94 67 96 52 75 85 79 59 71 63 65 59 79 95 72 
77 75 50 67 88 82 56 68 71 86 54 78 96 99 80 58 87 97 98 93 64 60 73 84 93 71 93 53 56 65 87 58 71 72 72 76 96 72 80 94 
83 70 85 95 63 75 63 57 74 92 54 72 68 88 76 50 69 53 92 74 69 89 89 62 70 89 87 70 81 51 83 88 84 54 93 99 50 61 53 52 
97 55 91 98 82 51 99 50 90 81 95 83 98 58 67 89 61 53 62 56 84 77 57 54 60 59 67 86 72 63 67 73 63 84 77 74 55 94 79 97 
50 53 54 82 55 89 71 74 89 75 67 59 83 88 90 74 70 57 58 96 97 79 62 89 96 54 64 51 82 76 68 80 71 73 73 97 76 74 98 78 
70 99 50 66 65 85 85 83 55 56 98 66 70 75 58 68 64 58 90 96 55 99 91 54 88 82 84 63 52 52 84 65 55 61 99 60 92 65 86 70 
79 91 73 70 96 89 81 69 50 87 73 53 87 74 54 60 72 64 96 87 78 59 63 83 68 62 62 68 51 97 71 74 95 95 80 54 57 73 59 50 
75 83 77 94 55 93 96 99 59 67 97 51 89 76 76 83 56 82 75 76 66 69 80 52 65 66 91 65 84 82 85 78 62 70 95 67 56 68 62 80 
61 54 68 50 84 51 96 96 62 81 52 88 56 76 72 77 78 57 75 54 99 59 50 74 80 82 87 64 66 97 94 93 53 75 73 61 76 79 83 80 
52 57 66 98 66 84 90 54 58 60 51 95 54 74 82 88 79 99 64 93 95 78 97 87 65 81 51 84 92 80 61 52 76 62 76 98 77 93 56 57 
55 76 74 90 77 64 78 93 57 64 85 67 74 63 74 65 57 90 51 73 88 52 64 69 51 76 78 81 84 66 86 58 61 69 69 80 93 65 78 63 
91 91 87 74 95 70 89 93 55 51 55 65 61 56 58 77 72 82 70 54 82 70 64 71 74 77 50 55 87 61 70 95 88 96 91 98 67 61 62 80 
73 64 85 64 95 61 95 75 63 54 91 75 73 59 91 75 77 93 83 83 55 54 76 59 50 96 76 77 51 95 71 75 60 93 99 78 89 95 80 53 
55 69 78 90 62 60 52 64 95 60 95 65 65 82 81 62 58 87 93 66 88 52 54 82 91 62 61 72 80 81 73 54 76 90 89 89 59 86 50 59 
85 88 54 92 99 82 74 56 69 58 50 77 72 82 93 71 88 56 50 73 64 89 80 83 63 88 70 74 59 59 87 74 77 57 95 63 76 85 79 76 
70 56 78 78 91 96 63 88 91 57 50 75 74 90 72 53 89 62 91 68 88 83 71 75 90 52 79 81 77 91 51 94 51 99 99 65 98 60 74 74 
87 72 68 76 83 83 88 69 71 72 62 66 50 74 89 59 76 98 79 66 82 54 89 92 92 64 90 77 80 71 51 56 62 69 84 59 76 56 99 88 
80 55 70 76 78 53 55 66 77 87 63 82 73 68 99 98 54 74 75 51 59 63 77 86 63 56 89 70 69 77 84 91 85 83 97 55 68 81 75 50 
79 61 77 72 65 55 93 59 94 74 54 91 52 65 83 85 99 51 63 73 59 89 84 92 81 88 92 68 73 80 60 92 96 87 97 80 83 95 62 99 
62 78 70 54 99 90 69 51 80 86 91 92 69 74 56 98 70 79 62 55 58 53 66 88 74 57 65 69 57 72 65 78 85 70 89 58 69 75 99 51 
95 83 54 75 75 57 78 52 96 78 80 55 99 69 99 62 54 74 79 73 77 90 78 83 76 55 83 81 81 96 74 67 87 84 96 66 61 56 62 90 
91 53 75 52 71 94 64 82 71 58 62 88 56 69 95 89 55 80 52 93 61 73 71 58 96 74 50 60 80 81 74 51 75 99 71 70 68 59 86 79 
87 91 58 71 62 79 58 75 96 65 79 53 83 60 80 89 78 77 72 72 51 86 98 70 55 82 76 94 78 72 99 98 70 97 65 63 98 55 95 94 
85 65 71 55 74 62 68 75 84 89 84 73 74 60 67 50 62 58 70 61 54 78 76 75 58 72 83 93 64 58 73 51 57 55 52 92 68 55 87 70 
94 67 65 57 93 99 76 63 77 87 79 86 56 84 97 78 57 57 87 72 81 60 64 91 69 99 81 56 55 72 69 60 78 50 73 61 90 50 73 55 
64 99 74 68 85 58 86 62 79 82 55 86 51 84 62 91 94 79 85 95 75 79 61 91 63 51 81 94 75 88 54 60 75 77 88 77 68 91 84 62 

85 68 98 88 67 62 69 73 99 50 84 67 60 93 50 61 68 85 73 71 82 89 61 63 64 61 57 54 91 59 64 88 93 94 71 50 94 93 59 95 
96 90 89 69 69 79 68 88 74 68 63 71 91 68 91 64 80 84 89 83 60 63 53 57 86 63 99 92 61 86 59 85 70 74 73 93 93 53 71 84 
75 89 58 80 89 80 68 91 66 74 78 92 84 81 67 78 84 50 64 73 74 55 72 97 81 99 61 63 64 52 74 57 56 76 72 59 60 61 69 53 
73 70 67 82 74 76 66 96 67 55 74 79 77 85 70 64 85 84 78 92 82 78 96 52 76 54 80 56 75 61 58 75 59 63 58 54 66 71 94 55 
60 67 65 97 62 93 53 54 64 56 81 60 94 81 70 74 50 81 72 90 65 50 81 91 57 84 64 64 98 61 74 75 55 93 93 79 51 96 87 61 
95 57 79 64 54 58 95 75 86 54 83 99 80 81 83 50 51 65 72 82 85 77 79 84 84 52 56 59 85 92 63 62 95 69 88 59 70 55 61 69 
77 53 73 84 72 88 54 79 94 88 53 89 93 84 92 87 94 64 95 69 93 97 95 63 57 98 73 66 67 62 79 83 77 98 88 66 69 88 85 71 
75 89 82 52 79 50 67 60 93 66 50 63 83 60 86 56 80 80 86 72 86 76 92 91 89 53 73 81 89 89 83 99 57 51 68 63 89 69 89 83 
65 77 98 70 51 91 75 56 58 55 83 67 90 73 72 62 54 74 53 83 71 68 91 58 51 75 63 79 65 60 69 61 62 60 98 89 87 85 50 95 
79 85 86 94 79 86 53 63 95 91 63 51 94 70 73 92 55 66 97 59 63 58 99 63 96 69 64 61 54 73 90 92 71 88 87 52 71 85 97 52 
88 63 79 84 96 75 95 74 67 93 72 86 66 85 71 53 68 79 61 79 62 50 82 67 50 76 63 93 75 59 50 82 66 82 72 90 53 73 88 72 
56 92 93 59 63 69 75 66 52 67 93 65 74 82 64 90 58 72 89 85 61 57 62 54 93 82 61 74 57 69 77 76 74 62 69 63 51 72 59 86 
83 89 62 79 89 79 93 65 97 70 66 98 98 75 64 80 68 65 61 80 99 56 75 52 68 87 95 62 84 59 76 52 93 64 91 68 71 98 65 97 
89 74 68 78 56 59 57 52 82 51 99 86 65 57 98 91 62 70 58 70 59 95 76 53 68 63 81 91 72 64 96 72 69 53 88 54 98 73 68 67 
90 74 65 68 84 75 56 93 79 85 96 63 96 65 58 89 68 67 84 73 97 87 54 61 71 59 95 67 67 74 73 96 75 87 74 90 58 63 62 93 
64 90 92 93 69 76 51 99 59 72 65 51 71 80 79 61 60 54 59 62 69 88 88 76 57 64 85 76 83 57 85 86 90 84 67 87 88 96 87 59 
64 65 86 67 53 92 81 99 93 58 94 62 61 62 62 88 56 70 51 81 82 85 77 93 61 69 73 57 85 70 61 59 94 86 63 62 82 54 61 59 
90 72 59 91 71 53 81 75 94 74 89 70 77 69 77 93 50 63 98 90 59 74 76 63 59 57 56 84 92 52 53 63 50 61 87 98 94 81 61 59 
75 67 59 92 92 99 58 59 70 77 77 59 52 53 69 69 66 88 62 99 86 53 91 65 80 84 78 62 91 73 73 72 94 64 99 57 89 70 89 54 
86 78 67 94 70 82 61 85 70 89 59 87 72 71 99 58 97 89 88 50 56 77 71 75 98 57 83 90 89 82 52 51 87 87 73 54 62 50 51 64 
81 65 52 86 88 76 56 98 50 66 52 60 55 62 83 65 95 64 52 78 69 73 73 84 53 54 98 82 84 69 60 66 88 50 84 67 60 57 80 85 
87 63 71 67 50 52 93 86 73 81 71 52 51 83 66 64 89 78 59 98 83 79 80 56 96 95 88 86 52 67 96 75 89 56 55 98 72 50 75 72 
53 66 77 74 97 68 61 95 80 98 90 87 51 86 71 99 74 85 85 67 87 92 67 54 64 62 92 52 74 95 97 93 84 55 78 92 51 68 55 78 
75 74 61 61 76 61 67 99 69 57 98 73 51 69 81 83 51 62 86 69 80 71 95 95 84 95 63 89 54 90 57 75 63 68 68 63 54 70 74 81 
66 97 98 64 52 99 69 71 68 98 69 70 93 95 89 71 78 98 51 98 90 72 50 67 75 54 51 96 53 85 86 58 84 89 93 91 81 75 86 67 
62 72 81 88 59 63 79 80 56 61 59 52 55 68 75 63 89 65 89 97 84 92 87 78 72 63 56 60 76 75 53 78 50 59 80 80 77 59 67 71 
76 52 61 58 72 74 58 88 64 64 60 75 63 98 51 57 69 83 60 89 57 90 94 68 59 64 69 81 51 63 83 68 55 99 92 85 65 71 67 59 
57 63 65 83 57 96 51 73 77 66 92 88 74 63 79 98 80 62 94 69 62 61 96 68 87 80 71 96 69 70 89 80 79 94 78 63 68 66 83 80 
65 79 83 53 74 69 62 83 75 90 71 55 89 99 96 60 51 90 77 76 60 53 84 81 94 57 54 84 59 66 73 60 66 99 84 59 93 95 92 89 
57 62 80 61 51 71 91 98 95 53 76 89 93 79 75 76 64 96 66 79 54 55 78 63 82 51 98 73 72 50 72 66 56 94 98 85 69 98 71 73 
93 69 62 82 77 61 74 71 50 86 79 54 85 87 85 77 58 83 85 73 95 89 94 54 98 57 56 52 76 50 70 74 80 89 84 69 57 98 90 53 
87 96 61 87 92 73 63 95 67 60 68 55 83 76 75 90 66 91 96 68 68 95 89 76 51 94 81 96 66 65 78 62 76 58 97 61 70 96 95 79 
57 78 93 88 64 55 56 84 53 72 92 72 91 83 71 63 80 72 53 89 51 76 84 54 78 78 86 70 57 58 68 63 94 69 78 69 50 93 86 82 
63 60 85 77 97 54 94 93 75 85 60 56 99 70 77 77 59 86 54 74 55 94 96 71 94 56 65 93 84 81 93 61 90 77 83 87 73 94 99 54 
58 69 98 78 95 53 66 60 92 84 78 68 76 59 82 56 60 82 65 60 60 66 53 98 62 91 90 56 88 54 92 98 58 67 79 95 81 51 61 57 
68 68 51 53 74 91 85 55 55 82 65 53 62 89 69 93 81 60 71 72 84 76 87 95 78 67 95 67 56 70 95 92 82 95 57 55 78 65 68 75 
83 91 56 91 50 96 87 94 81 87 61 67 53 50 78 90 50 80 82 83 62 71 83 95 61 61 66 80 58 64 95 98 91 57 99 90 56 76 50 84 
81 83 55 80 81 95 80 64 97 87 98 80 63 66 89 59 71 51 93 77 62 51 94 90 95 74 60 76 62 82 69 72 56 71 54 97 61 87 95 91 
72 61 62 92 67 67 84 68 53 53 57 84 57 70 53 96 60 80 71 51 52 60 81 59 92 84 92 87 78 52 75 67 53 67 55 72 63 52 80 85 
77 73 58 73 81 57 86 79 69 84 53 82 53 71 82 70 98 70 92 97 99 58 93 96 99 92 56 73 71 99 96 53 99 91 51 63 79 54 57 79 

