6
20

94 56 55 83 91 76 
57 93 78 99 92 58 
90 70 88 77 54 83 
65 93 90 52 55 60 
85 70 87 90 67 82 
90 89 57 56 64 58 
82 97 83 97 63 99 
96 58 83 54 96 50 
57 63 70 96 52 71 
75 61 80 59 73 89 
63 56 71 52 90 55 
96 71 94 87 99 82 
54 66 58 97 95 73 
79 99 93 91 79 59 
60 70 64 56 98 70 
64 82 72 68 77 87 
70 63 71 82 79 79 
96 96 74 57 61 91 
98 76 90 64 94 96 
60 92 71 66 67 97 

139 162 146 154 164 135 147 140 127 129 161 158 129 156 159 136 157 125 173 162 
137 164 137 152 154 139 130 157 172 154 159 147 158 143 147 153 150 132 170 147 
133 163 148 148 151 157 155 147 145 130 136 149 143 172 174 173 133 154 134 151 
126 147 155 143 171 143 148 136 157 141 151 161 153 173 133 137 140 136 145 134 
126 165 174 150 137 143 130 146 160 153 136 137 134 165 161 161 151 129 153 129 
174 128 130 139 133 128 164 158 153 155 171 129 157 140 138 164 164 156 147 125 
142 148 142 147 132 165 137 159 160 138 150 138 150 131 173 170 137 172 153 169 
146 159 162 129 157 126 144 163 138 159 153 158 125 126 174 162 148 145 132 172 
129 142 133 154 130 135 156 133 161 136 173 142 136 150 145 138 131 127 129 154 
141 171 147 174 145 129 154 162 160 160 171 150 160 151 148 160 160 149 171 140 
171 166 141 125 164 142 167 133 161 141 154 145 141 171 155 162 140 160 165 164 
166 146 163 157 163 139 139 126 167 138 168 152 145 163 130 157 135 129 157 156 
130 174 153 147 143 156 163 136 138 135 129 164 126 136 166 143 126 168 133 154 
140 134 134 155 130 128 132 136 128 133 153 170 141 161 171 142 143 172 142 174 
161 155 135 129 160 125 143 140 153 129 161 129 170 141 136 149 132 170 147 156 
154 136 170 167 151 164 152 125 130 158 157 136 155 152 147 152 129 148 139 140 
172 148 144 164 128 166 156 133 158 163 164 131 167 139 146 131 138 131 129 138 
161 141 131 136 144 154 173 154 129 143 154 151 155 134 149 157 161 137 136 140 
138 146 141 135 126 134 130 158 131 141 156 133 131 167 134 150 132 168 138 150 
146 138 157 152 134 128 153 146 171 148 135 128 146 168 131 133 172 145 165 154 

147 171 171 162 169 139 144 125 160 172 130 143 173 171 165 148 143 157 135 173 
146 150 164 150 160 141 149 127 127 143 154 169 137 165 144 148 144 142 130 155 
156 157 161 162 129 138 155 156 160 147 155 139 144 164 131 143 136 166 144 127 
132 147 130 170 129 141 148 149 150 144 143 126 158 161 174 145 148 130 147 145 
170 159 166 160 161 173 139 156 129 134 155 139 162 154 150 139 154 126 142 144 
158 162 174 170 130 144 127 130 131 172 153 152 132 169 157 125 145 125 134 167 
153 153 134 173 137 133 143 154 137 156 167 141 164 147 134 137 146 127 152 133 
142 137 165 140 127 139 165 135 142 151 135 165 170 145 145 149 136 164 125 163 
141 161 150 137 142 160 156 156 149 135 174 146 134 174 173 135 125 162 150 132 
142 130 138 145 125 138 127 137 127 145 136 160 152 141 143 162 153 163 159 150 
148 152 149 135 160 166 150 139 136 155 151 157 148 161 135 167 148 145 132 142 
171 161 165 149 129 155 130 140 141 153 147 151 157 152 146 126 163 144 166 140 
131 145 174 147 137 138 132 155 133 155 134 142 141 135 154 166 149 152 157 168 
141 149 137 131 128 171 160 126 144 149 158 154 169 172 162 158 157 163 134 156 
142 162 130 159 159 152 131 130 136 139 126 151 154 133 134 165 154 126 144 156 
165 129 174 153 139 150 172 151 165 142 162 168 133 135 173 160 146 159 146 136 
127 160 174 140 155 171 173 137 145 170 150 135 158 143 166 154 170 130 148 132 
158 171 164 144 146 161 145 133 149 171 172 136 142 126 164 157 141 125 131 148 
155 151 147 167 174 155 138 140 145 166 125 137 125 130 139 151 128 157 167 173 
151 156 135 154 160 170 141 162 151 129 146 126 133 155 151 128 156 145 147 139 

150 145 152 158 156 172 134 169 166 135 140 154 166 163 132 160 154 132 149 143 
126 130 152 149 152 169 156 134 139 157 153 139 130 134 162 129 146 156 131 148 
159 138 147 128 153 128 134 147 170 131 170 144 139 135 147 164 152 164 125 126 
154 130 134 133 171 169 139 165 144 149 156 166 171 146 140 150 130 127 171 146 
161 141 163 163 132 156 132 160 132 139 153 139 136 169 145 147 171 164 149 153 
131 133 152 127 159 145 162 143 126 138 159 135 141 142 174 168 168 131 154 128 
126 152 161 150 145 125 136 174 141 142 145 154 150 154 163 146 159 145 139 171 
128 168 143 154 149 138 139 141 131 173 146 128 150 128 150 131 125 164 145 171 
129 174 159 161 157 130 170 149 135 160 159 152 154 151 168 164 135 169 152 128 
171 152 147 149 144 171 152 167 145 169 142 125 143 132 128 167 159 128 128 162 
128 144 129 130 141 170 125 129 127 139 159 173 151 130 170 164 164 164 127 149 
146 170 167 153 127 131 164 155 130 164 125 156 150 144 151 156 153 141 162 171 
168 174 171 158 152 127 153 142 138 157 149 172 147 146 163 144 165 170 151 169 
146 125 161 153 140 146 140 174 171 160 168 144 157 169 171 142 153 157 145 146 
145 155 139 142 140 173 144 125 145 140 172 171 141 147 125 157 146 146 171 154 
143 157 130 155 172 157 166 172 156 154 174 131 162 127 158 160 151 169 137 155 
141 142 131 169 158 166 164 138 165 172 146 136 160 160 162 134 127 129 158 146 
174 155 128 163 152 174 161 133 137 135 153 152 138 169 147 127 159 137 161 136 
125 129 141 167 173 137 132 147 167 142 160 149 139 151 172 159 145 140 173 166 
145 150 151 143 170 126 164 141 145 135 134 154 145 125 127 172 143 129 169 137 

136 135 170 135 156 153 171 136 168 170 159 147 152 160 167 155 134 129 133 142 
137 172 152 173 169 156 154 166 146 136 142 170 136 140 144 141 159 151 133 141 
140 162 126 166 174 164 136 134 135 165 136 159 141 147 138 142 144 128 128 144 
127 174 145 127 133 159 154 125 152 125 163 131 157 148 141 170 158 148 132 166 
138 171 152 165 129 148 125 137 131 132 157 129 168 134 148 152 154 151 155 141 
157 147 168 143 169 146 150 153 174 152 128 167 163 152 136 152 174 132 139 131 
141 127 139 162 130 132 160 154 173 173 126 130 134 133 143 126 140 169 164 132 
153 126 138 154 172 156 166 162 131 156 133 134 169 162 150 160 162 132 143 147 
133 148 174 130 158 162 140 163 154 146 130 150 158 163 167 137 149 125 132 169 
170 154 153 159 150 125 153 157 174 151 137 170 141 136 168 137 158 125 135 133 
156 165 133 132 155 160 147 144 131 130 145 162 154 144 134 136 142 155 140 173 
168 129 131 157 156 140 156 145 146 154 152 172 172 137 152 160 169 150 149 169 
135 130 165 127 172 154 140 140 149 162 149 139 165 157 161 160 142 126 156 162 
151 172 158 148 162 157 144 137 171 154 139 127 171 153 158 128 147 147 135 139 
164 156 147 139 173 174 148 140 157 147 138 131 145 133 161 157 144 147 142 153 
160 157 132 141 172 165 162 164 172 160 130 162 144 129 170 155 162 152 141 171 
164 172 139 155 163 166 153 141 153 168 173 141 146 134 165 127 158 139 168 151 
159 153 168 125 131 166 144 128 150 170 137 161 162 159 125 141 163 148 164 130 
164 142 129 164 151 167 127 141 143 150 138 139 149 139 163 157 132 142 131 174 
131 131 127 141 148 163 166 155 142 151 134 139 155 154 131 146 133 137 128 159 

132 168 162 134 153 163 139 132 130 171 161 169 153 149 137 141 154 136 146 152 
164 147 171 165 167 163 170 128 161 130 126 143 138 140 146 167 140 171 147 126 
137 148 132 169 158 144 139 142 133 156 164 132 140 159 142 126 170 170 155 164 
145 160 129 159 149 163 134 172 151 173 168 126 150 126 138 136 155 147 159 169 
148 172 148 160 161 146 173 126 135 131 128 148 158 171 137 129 138 163 141 126 
161 132 143 143 144 171 173 142 153 153 172 157 166 137 154 154 133 163 152 153 
146 141 131 147 133 167 131 130 170 143 155 133 154 167 141 147 138 159 172 163 
154 172 131 151 153 167 142 166 164 142 126 132 143 138 146 152 133 162 158 159 
144 141 168 163 155 170 125 125 163 150 154 159 170 167 136 154 131 160 134 138 
160 141 172 159 137 163 131 150 170 148 139 173 132 132 165 141 174 157 172 173 
125 147 149 130 156 147 146 151 133 168 125 130 131 155 140 146 135 172 139 161 
156 125 165 135 128 129 135 154 133 173 146 134 170 159 158 148 159 154 128 147 
139 154 136 149 152 130 136 153 137 162 152 163 128 154 138 153 155 171 154 169 
146 169 156 136 174 154 163 167 139 138 141 127 156 142 132 132 125 172 153 133 
166 154 157 152 155 128 160 144 141 152 134 129 143 128 153 132 130 155 140 157 
141 157 135 127 137 136 164 134 140 160 145 150 147 156 134 130 174 173 134 162 
167 173 151 165 174 174 137 162 153 170 127 137 146 133 139 172 165 152 145 141 
148 146 157 155 146 130 165 165 138 151 126 139 128 134 168 164 139 138 161 159 
130 168 136 139 135 125 134 133 164 172 130 150 143 170 145 143 142 148 160 133 
127 130 166 156 126 137 157 163 138 168 167 168 147 174 149 125 165 133 131 174 

158 156 143 143 138 164 138 169 172 147 140 171 166 153 153 138 147 148 134 173 
137 125 146 151 149 130 161 156 174 174 165 131 132 155 173 150 136 134 146 149 
160 136 169 132 142 132 160 131 162 170 142 151 168 170 170 125 160 157 161 161 
170 147 167 154 140 162 130 146 167 167 172 161 128 150 172 148 172 158 150 170 
171 127 157 160 141 141 149 125 127 136 129 126 174 174 153 129 169 169 145 149 
145 163 134 167 174 139 131 126 130 156 150 138 162 163 153 145 164 161 167 128 
137 165 134 133 149 128 158 134 154 131 171 171 143 125 156 127 149 163 154 165 
158 135 135 125 125 161 133 143 169 140 141 126 136 154 139 154 161 139 125 166 
140 168 139 167 171 132 137 141 152 156 136 139 138 163 131 155 161 149 139 163 
158 129 138 137 153 160 170 156 138 126 143 173 163 172 160 134 172 170 130 142 
129 167 147 146 142 140 172 159 170 163 139 133 157 170 170 139 162 151 171 156 
138 136 151 150 162 136 172 125 131 161 159 141 168 169 130 147 147 128 156 174 
132 161 139 170 164 158 144 171 160 173 141 135 157 127 164 144 156 153 148 152 
168 126 129 154 152 144 126 171 173 159 166 146 171 153 171 156 152 138 150 148 
164 144 146 165 173 142 127 158 160 130 146 173 169 171 150 159 142 170 167 128 
127 152 148 165 171 171 173 167 140 171 152 164 143 170 173 144 162 140 151 169 
170 168 150 132 130 143 164 156 145 135 147 157 143 161 145 166 131 125 148 150 
145 127 127 135 165 145 172 167 125 174 165 171 155 134 170 127 147 136 166 125 
146 167 137 161 139 146 171 173 125 151 164 153 173 141 139 137 170 150 169 149 
146 141 140 166 169 131 135 149 144 142 131 134 162 139 162 157 156 156 127 171 

