6
60

59 68 76 60 68 73 
52 73 84 77 85 59 
57 91 98 70 95 56 
68 66 52 93 86 95 
84 89 62 98 59 60 
65 89 89 57 89 52 
59 86 90 56 73 52 
73 94 68 99 97 67 
95 75 98 53 62 97 
76 75 55 85 88 51 
88 94 76 72 50 77 
79 92 86 63 93 81 
76 82 95 98 50 68 
98 97 99 99 96 72 
62 96 64 64 69 91 
83 58 85 51 77 55 
64 73 79 83 79 76 
51 50 92 75 60 69 
73 88 90 93 77 64 
73 74 68 73 93 78 
55 52 51 85 56 62 
52 69 72 78 96 53 
73 72 93 93 51 95 
65 78 94 72 70 76 
73 87 90 77 86 57 
64 57 92 74 75 77 
86 88 79 67 84 99 
64 76 60 89 97 60 
51 93 96 71 61 63 
75 79 99 55 83 72 
89 82 91 63 96 51 
81 72 66 74 81 54 
68 81 95 73 94 77 
77 83 84 72 50 99 
83 63 71 87 88 83 
67 63 53 53 70 69 
98 82 92 84 81 59 
58 98 89 57 92 54 
73 66 59 61 90 80 
52 66 54 74 58 98 
54 55 66 68 78 61 
87 70 82 57 96 95 
69 67 87 70 82 85 
96 59 95 70 53 57 
74 52 78 84 56 75 
65 87 59 85 50 96 
61 92 79 86 85 90 
70 98 92 69 61 55 
52 95 83 94 72 89 
71 53 50 86 65 67 
72 91 85 89 80 71 
62 54 61 79 84 89 
56 68 97 96 65 95 
59 71 55 78 69 78 
78 62 54 82 54 90 
70 68 76 83 89 99 
77 50 93 55 82 95 
81 83 75 80 87 63 
75 75 62 79 54 91 
62 64 62 90 77 56 

132 150 174 144 168 132 143 174 160 139 132 158 148 159 125 138 144 138 148 151 171 140 174 133 138 153 138 130 142 174 163 161 143 162 141 145 125 154 147 143 153 166 167 147 146 142 159 126 132 128 129 164 162 148 158 162 130 146 135 148 
164 138 133 166 147 150 154 139 126 138 152 131 159 153 152 153 155 159 145 168 132 163 149 136 128 134 147 169 147 138 151 154 155 144 143 139 160 141 132 128 127 131 165 164 143 154 162 162 127 169 168 160 165 138 134 169 168 163 145 152 
156 146 133 128 151 125 174 134 167 148 155 138 171 157 171 126 148 172 125 146 161 130 168 148 128 168 169 168 132 156 129 153 158 135 133 132 151 168 162 171 166 126 157 159 129 144 131 147 154 165 144 161 132 159 145 133 158 130 159 146 
130 174 165 167 142 126 155 173 142 125 172 140 159 153 130 149 164 141 146 174 132 139 157 153 140 156 156 130 160 171 150 158 165 139 170 141 165 159 171 161 158 138 132 137 166 127 146 128 141 141 144 166 157 174 146 145 129 161 159 127 
162 173 145 174 158 137 161 163 149 133 152 147 126 131 150 130 127 156 172 125 163 155 144 170 168 151 140 131 134 127 162 143 155 146 158 142 152 125 173 127 130 166 142 125 162 158 136 142 150 128 169 174 126 148 153 160 129 154 166 157 
166 132 172 126 167 135 171 153 144 129 166 136 145 145 146 156 165 125 137 152 127 145 125 155 139 130 155 128 170 169 168 159 167 156 132 139 138 159 134 160 163 142 154 163 141 137 127 164 171 140 127 156 138 130 170 151 174 154 128 164 
159 131 126 153 154 129 131 137 143 130 151 150 163 135 151 138 170 140 134 140 172 139 129 149 136 145 171 127 159 147 173 129 134 169 174 157 166 135 130 168 158 170 132 170 174 139 140 144 134 160 155 141 154 154 145 147 159 138 174 158 
168 130 128 166 142 157 148 134 167 158 156 148 172 138 146 171 127 136 171 129 156 149 141 154 147 160 145 134 173 146 135 143 149 152 142 163 159 140 125 130 152 125 129 164 169 167 143 133 174 157 173 139 149 145 152 167 127 169 142 152 
173 155 132 145 144 157 139 163 143 155 165 150 133 148 136 149 159 158 160 164 150 127 159 136 132 134 137 140 160 145 161 160 171 161 162 145 129 141 172 159 167 150 171 156 163 141 127 161 156 167 140 132 149 153 147 171 171 152 143 145 
139 167 147 137 132 134 169 128 156 147 158 164 128 155 135 142 144 143 155 138 129 151 153 152 165 165 148 155 150 148 169 136 127 138 131 153 151 164 150 138 125 163 156 150 159 153 136 139 148 165 164 132 138 164 131 172 150 160 125 155 
143 163 142 171 159 155 134 159 172 132 141 132 137 156 152 138 153 164 155 172 164 160 146 153 130 138 160 134 166 160 147 133 170 165 132 165 125 147 154 146 168 167 173 153 132 135 141 148 156 136 162 140 147 150 174 125 138 135 134 145 
133 141 125 150 133 136 154 138 173 153 158 148 150 157 153 142 158 173 160 149 169 169 149 167 160 164 159 160 130 164 173 151 139 167 129 172 168 169 174 141 172 139 150 147 138 153 167 153 135 166 162 158 152 164 144 148 133 137 164 153 
152 154 145 174 158 126 138 168 170 174 143 142 135 161 172 155 163 145 140 150 155 132 127 150 157 130 137 149 140 141 140 137 133 143 174 149 143 163 171 149 169 158 144 154 140 162 171 134 152 132 152 169 140 171 162 144 164 163 172 152 
159 167 169 145 128 161 128 148 147 129 145 126 162 160 164 140 127 145 137 130 168 170 153 156 157 154 130 128 172 159 146 136 139 139 155 139 150 150 141 142 164 140 127 131 131 129 165 141 173 164 142 129 144 157 129 143 138 146 170 153 
153 162 174 156 140 152 128 125 168 173 138 149 173 161 145 155 168 126 170 142 162 140 164 165 131 144 165 156 154 143 133 162 167 127 165 145 155 156 143 172 138 159 150 165 149 153 143 171 161 144 150 151 143 143 146 132 170 139 126 146 
171 145 130 145 144 167 145 171 131 171 135 161 150 144 132 131 146 160 138 168 148 150 138 151 148 126 160 136 133 127 167 167 164 133 153 143 152 172 155 139 173 142 170 174 146 147 156 158 160 137 155 126 174 127 138 138 152 162 144 127 
139 151 155 146 154 126 132 156 150 160 128 161 141 170 148 174 165 173 161 159 155 146 140 173 149 165 167 155 145 153 150 127 137 127 125 125 144 164 171 151 136 165 156 126 159 128 138 144 165 134 160 126 128 147 137 164 146 137 168 133 
159 140 153 125 174 161 156 138 127 171 129 158 146 167 148 159 145 138 164 174 163 153 131 168 173 166 126 139 135 141 168 166 127 151 129 138 130 167 160 174 163 168 169 128 134 150 160 163 128 161 138 160 155 149 137 170 171 169 138 145 
160 166 140 163 169 167 135 139 163 143 138 145 125 132 138 156 164 164 165 144 167 129 147 164 165 143 139 171 155 173 155 126 127 167 171 150 130 144 130 170 127 146 160 157 145 161 167 165 158 157 142 155 137 163 142 133 149 125 130 152 
157 167 125 134 140 126 143 138 157 151 163 174 150 137 127 160 161 168 171 133 160 152 146 158 168 142 137 151 164 159 159 164 134 140 154 129 148 134 135 141 148 170 160 153 133 147 129 129 140 157 140 138 154 131 171 170 136 159 139 158 
149 170 160 153 167 157 135 129 139 133 168 168 159 143 145 131 168 173 143 130 167 160 166 133 148 143 151 130 144 156 130 134 140 168 141 144 152 172 125 152 163 169 131 165 170 132 135 138 155 136 129 170 171 129 174 132 142 159 172 126 
163 157 148 158 163 152 151 164 171 172 153 167 138 150 133 139 162 158 128 141 172 150 125 161 163 131 132 156 144 167 146 159 166 141 125 170 141 145 172 156 156 133 128 125 171 157 155 174 132 162 170 150 171 173 139 130 130 144 151 149 
141 132 164 147 138 139 150 143 159 128 152 151 138 135 153 166 158 138 173 128 134 159 134 157 170 138 131 128 146 160 157 145 148 145 148 174 137 168 145 158 155 168 152 153 136 133 144 138 155 132 143 159 145 174 170 161 129 157 159 153 
129 167 155 140 168 126 149 134 142 157 159 144 173 138 133 172 126 145 173 146 142 152 153 157 135 173 161 157 137 164 158 171 161 129 143 139 136 138 137 162 165 133 163 150 141 163 163 173 161 174 164 140 169 174 169 152 141 131 154 134 
136 125 142 144 132 146 164 158 125 137 126 148 138 164 149 171 125 143 171 137 144 137 127 127 161 148 126 147 141 157 172 170 127 167 137 149 131 144 126 152 147 151 171 147 128 127 166 145 136 155 135 174 129 161 146 150 148 127 153 142 
136 151 130 155 170 155 152 153 145 163 164 144 129 159 152 168 161 144 142 125 152 133 142 151 138 163 169 173 126 152 170 165 142 166 154 140 173 148 131 161 159 154 160 138 148 163 153 167 157 133 161 164 130 145 137 138 156 142 132 145 
144 136 159 151 128 135 162 165 173 152 125 135 158 170 172 169 144 142 127 146 153 148 138 160 157 148 142 138 139 160 151 141 164 167 137 161 125 161 156 174 157 129 151 159 129 137 134 134 152 166 168 127 167 130 129 162 132 146 141 166 
151 156 163 130 136 138 172 155 141 146 157 135 129 130 156 143 141 131 143 172 157 146 131 149 164 151 162 157 162 147 149 160 130 129 160 143 140 140 125 133 128 140 158 162 143 141 150 153 125 129 135 139 141 128 139 147 149 167 144 130 
155 128 144 153 145 160 131 158 164 150 161 165 149 148 133 167 128 133 156 138 136 155 167 161 171 159 127 162 172 157 136 167 162 162 125 160 125 161 161 171 148 161 156 147 128 167 143 170 137 151 131 165 131 146 162 140 166 174 162 164 
164 152 157 129 151 129 151 131 160 148 154 160 131 174 159 139 157 148 133 142 148 149 147 168 146 134 160 155 150 173 142 147 165 139 150 164 150 141 156 131 167 146 174 130 156 137 135 133 166 156 126 168 158 158 125 156 125 150 138 163 
132 147 174 145 138 167 162 150 142 139 136 127 135 161 170 152 133 151 164 144 161 162 127 147 169 143 144 125 144 155 168 172 141 136 139 174 172 153 169 164 162 153 141 145 131 140 126 133 131 158 174 146 162 155 165 147 126 171 149 157 
173 146 129 168 133 160 166 145 135 146 159 153 162 170 153 130 173 126 134 125 160 170 161 148 168 128 166 144 166 145 132 166 140 127 159 174 126 138 162 129 141 159 161 128 163 136 160 151 170 165 169 126 144 165 140 161 141 160 125 169 
153 137 142 174 173 161 140 135 161 163 164 133 159 174 174 168 172 170 129 152 148 174 130 125 144 164 171 130 143 125 158 129 144 130 163 170 143 163 164 125 156 129 129 153 160 149 130 137 166 151 138 160 135 168 125 164 125 171 162 143 
141 148 140 139 160 170 138 140 161 141 134 131 159 157 133 152 143 154 151 174 156 161 145 162 153 172 173 141 130 152 168 162 150 170 146 131 130 158 128 171 144 172 153 164 132 173 136 128 170 162 147 166 165 154 138 149 168 164 154 146 
162 170 137 158 165 156 142 138 157 157 145 142 167 136 173 170 167 149 167 146 139 162 161 167 147 152 132 136 149 164 145 144 151 166 167 172 170 169 173 158 144 144 132 142 166 170 172 136 173 167 168 169 148 170 150 133 145 131 172 173 
142 130 171 159 138 132 126 162 139 171 174 168 164 125 174 174 125 136 132 145 126 146 141 136 174 141 168 148 152 141 168 127 160 140 144 169 164 170 141 171 171 166 173 136 159 141 130 174 126 155 135 151 164 132 137 149 137 129 170 157 
162 149 142 155 149 138 172 127 128 145 128 162 135 131 152 169 151 160 155 170 137 171 128 138 155 142 141 169 158 151 147 166 141 134 145 174 167 170 155 170 169 129 147 126 149 160 153 138 158 163 129 137 156 167 150 138 141 133 165 149 
165 126 161 174 170 157 154 136 134 150 152 166 128 137 141 167 141 163 165 158 144 137 146 127 144 130 146 134 130 151 170 170 171 162 139 146 171 137 160 144 157 172 169 161 168 163 131 128 141 166 160 133 126 128 141 152 162 162 146 127 
152 130 158 132 141 157 170 134 132 152 148 160 147 145 171 154 147 130 147 130 143 132 158 153 129 129 171 167 126 141 137 163 173 156 158 164 150 167 137 132 132 139 143 153 160 167 153 134 143 139 168 126 144 170 154 154 137 168 164 144 
136 155 151 164 139 153 148 155 143 126 156 148 171 160 127 137 138 168 154 160 135 142 168 155 154 133 174 149 166 161 143 165 135 154 125 164 146 129 130 137 136 140 147 126 142 172 162 169 172 149 144 155 170 126 142 167 148 159 139 125 
128 126 149 170 157 152 149 134 150 164 160 166 172 170 136 150 147 156 132 173 167 164 167 165 125 131 143 127 148 152 144 168 151 146 153 167 160 162 158 150 173 169 160 125 127 133 152 148 172 170 130 170 152 140 168 141 155 153 137 144 
164 131 132 137 126 149 169 138 149 126 162 171 168 126 172 157 125 144 148 169 156 141 162 129 125 152 144 153 126 142 148 171 147 159 138 160 174 137 139 172 162 164 135 155 152 148 133 141 145 152 125 152 148 143 152 129 136 148 171 162 
143 131 125 127 135 141 159 142 143 151 129 171 168 152 168 174 139 168 159 130 142 145 129 145 143 174 125 157 152 156 140 163 168 163 174 159 143 146 137 157 164 126 174 129 159 141 170 154 159 141 152 157 142 142 171 154 126 132 152 139 
155 165 167 137 126 172 146 165 125 162 137 156 154 131 174 161 148 169 157 131 159 129 131 128 149 152 127 137 161 126 172 161 152 136 161 161 139 125 140 152 129 166 139 162 146 129 130 142 136 136 173 137 169 171 173 153 163 150 162 132 
161 153 173 150 157 134 141 140 162 138 173 156 141 131 167 157 131 129 135 138 144 170 144 163 129 133 151 151 162 142 133 136 160 138 156 161 170 174 150 161 173 169 130 144 130 151 167 165 174 167 165 171 159 142 159 169 129 130 127 137 
158 135 132 136 153 152 147 165 144 162 136 150 139 172 157 159 153 163 165 127 157 156 131 153 164 134 126 159 140 155 142 147 160 157 132 146 134 148 133 145 166 150 169 143 160 154 166 158 127 156 138 133 134 159 168 134 161 155 143 140 
132 164 139 168 141 155 148 142 126 174 165 170 126 132 130 133 169 135 125 164 172 133 157 161 129 139 128 153 138 152 152 133 148 134 133 148 130 159 155 158 174 159 135 160 162 162 144 129 162 174 134 159 161 132 161 172 154 129 142 150 
141 137 153 156 158 171 134 137 141 171 151 130 164 136 131 146 157 172 141 161 160 130 142 131 131 162 165 150 166 155 134 129 145 157 128 140 132 169 141 131 127 142 150 163 137 157 157 126 159 126 153 150 159 168 153 171 167 151 143 167 
152 166 171 140 170 137 154 129 174 165 144 155 152 170 134 162 164 156 135 154 143 153 125 168 126 144 139 151 125 170 161 135 172 171 171 160 144 155 142 159 171 160 159 162 138 157 154 134 167 131 163 136 128 139 146 150 130 171 147 139 
143 140 155 167 164 159 134 137 153 143 174 155 164 146 169 130 170 128 155 145 165 173 134 149 149 156 155 135 134 160 165 144 134 134 128 149 159 143 158 139 168 158 132 150 171 147 163 174 149 167 149 138 147 151 139 141 154 136 136 158 
141 133 131 174 173 155 132 151 162 169 144 150 140 154 153 142 164 142 148 146 134 148 172 146 129 138 152 126 129 125 154 155 159 133 170 133 173 139 156 136 152 144 161 158 132 125 132 139 169 157 159 145 161 150 136 148 152 164 154 150 
144 169 146 146 174 159 126 171 125 167 137 131 151 127 156 142 148 134 161 131 165 149 165 172 174 169 170 163 146 158 145 134 137 157 132 174 169 130 125 130 126 150 170 171 137 173 174 167 144 157 167 170 131 166 171 172 133 134 155 156 
148 151 151 134 160 132 128 170 133 162 145 137 148 172 142 134 167 146 130 131 173 173 158 129 144 172 146 152 136 166 154 133 133 130 133 151 139 160 125 171 165 136 126 130 125 151 131 132 165 127 127 151 145 154 159 172 171 170 167 173 
142 130 130 149 144 166 168 136 138 157 155 132 160 142 128 163 167 164 125 129 173 142 157 137 171 137 169 125 135 129 153 151 143 125 152 153 127 131 129 145 171 125 126 167 156 126 169 156 166 134 144 171 165 136 143 155 163 149 142 128 
138 154 133 160 171 160 160 146 165 157 169 130 157 130 138 172 145 133 162 134 146 173 157 156 167 142 155 127 155 146 148 171 138 155 132 128 153 148 163 149 173 145 152 151 156 149 167 158 162 160 151 161 174 137 138 163 138 138 163 172 
126 129 137 161 137 141 159 171 162 174 144 169 125 138 136 142 163 142 130 163 174 150 174 127 128 163 141 134 142 153 154 167 154 158 164 147 138 160 146 165 140 144 141 132 156 163 141 134 161 161 136 128 171 164 132 159 157 173 157 150 
158 139 144 159 160 167 150 151 172 142 126 171 165 144 172 153 169 132 140 134 136 158 168 128 125 126 170 162 148 160 128 156 138 129 133 169 147 147 160 169 145 153 173 164 153 168 141 133 154 172 132 127 126 160 150 166 130 130 126 152 
138 131 132 170 154 128 136 149 142 150 158 150 161 167 158 160 147 171 127 126 174 145 140 167 148 145 135 144 134 135 141 163 150 164 159 166 145 172 167 135 139 157 149 168 140 126 135 154 163 170 130 171 143 167 130 126 130 144 139 174 
144 151 142 147 130 148 171 173 171 172 169 130 149 164 135 151 135 174 172 169 171 162 168 150 133 149 167 159 141 132 160 150 150 171 167 143 171 147 126 140 163 141 153 130 147 160 174 142 172 141 156 165 156 172 139 173 139 135 174 152 
143 161 147 137 136 144 132 166 132 168 126 150 154 136 173 130 145 140 131 130 129 174 151 166 142 149 126 174 158 145 154 139 160 146 170 133 157 144 126 141 142 153 150 149 147 154 172 143 154 148 174 137 160 161 128 135 151 128 153 136 

165 150 174 171 136 144 168 164 131 143 155 135 163 171 169 144 127 153 146 159 146 171 130 131 143 150 171 161 171 147 145 164 159 138 153 172 167 152 164 172 133 130 164 136 164 126 151 168 164 151 149 135 156 172 147 156 137 170 149 161 
158 157 172 133 145 131 152 152 170 159 164 166 159 131 154 142 126 139 160 128 167 167 165 136 150 140 137 128 173 138 153 151 125 143 173 139 136 155 144 125 139 137 148 160 164 139 146 171 158 128 164 141 138 142 127 145 147 139 153 170 
131 157 148 145 128 148 134 149 154 174 173 133 138 129 153 170 157 160 153 140 162 169 160 132 133 127 167 133 139 140 156 154 125 151 153 149 162 146 141 128 164 155 173 137 145 141 134 136 141 143 141 161 173 132 138 140 159 139 140 134 
167 165 174 150 144 164 166 126 144 140 133 149 137 174 128 142 137 127 156 159 158 146 165 140 132 144 139 155 130 163 161 167 171 156 156 168 152 128 139 155 159 157 132 152 135 160 163 152 147 131 168 160 127 154 135 154 143 151 167 140 
151 160 130 126 143 146 144 155 170 162 155 162 140 165 174 170 155 127 136 148 171 165 167 125 145 132 156 165 141 162 169 132 154 138 150 133 159 144 152 154 171 164 142 140 130 133 168 140 171 169 173 153 150 143 128 170 171 135 131 168 
143 170 174 155 166 165 133 130 158 162 169 142 148 135 139 148 131 136 128 167 155 170 173 126 146 142 134 125 132 137 141 125 152 126 158 135 157 131 159 154 170 171 129 167 173 140 139 145 160 140 158 138 165 126 168 126 132 150 133 157 
138 150 161 136 157 154 158 173 140 129 166 165 145 150 141 164 136 152 171 160 171 128 134 145 125 137 154 158 158 145 163 135 157 153 135 128 125 132 128 128 135 158 137 153 151 145 146 142 158 166 153 161 146 156 155 155 131 156 138 160 
158 153 142 132 137 168 169 141 139 159 162 153 161 173 158 136 161 144 157 125 152 146 164 168 160 125 173 155 148 129 169 157 142 131 142 155 160 134 173 143 130 138 147 125 137 173 162 170 160 136 166 166 169 144 165 166 166 167 171 133 
132 138 154 138 144 169 148 150 135 140 149 155 151 125 145 150 149 138 149 139 174 161 163 159 172 145 138 128 150 160 161 171 143 136 126 160 162 129 169 149 160 153 131 173 144 168 140 154 174 142 125 166 139 129 146 174 137 159 143 149 
162 160 132 174 142 169 158 165 141 133 142 157 154 163 162 127 173 133 127 169 136 171 160 140 164 139 137 151 138 172 158 148 127 132 174 168 150 125 167 162 125 150 138 141 146 171 154 162 173 136 169 156 154 126 154 155 150 132 159 147 
148 132 134 137 156 169 132 174 132 126 172 162 170 142 165 156 151 133 127 170 135 135 133 166 135 154 127 140 154 164 131 165 161 144 126 160 136 134 129 162 163 154 155 146 170 132 152 130 162 136 134 170 163 158 170 148 155 138 129 157 
144 134 165 168 136 126 153 137 172 136 146 139 125 159 126 174 158 174 125 154 165 141 147 143 150 161 160 172 135 148 161 152 165 165 155 142 166 148 170 144 127 153 168 154 133 153 145 168 155 172 154 169 152 127 127 152 150 141 169 129 
158 138 164 170 167 128 153 164 132 135 168 173 143 169 143 157 130 140 142 154 128 133 130 173 131 134 163 135 154 157 165 145 172 163 129 145 161 174 130 136 131 138 159 126 159 125 134 162 127 159 133 137 163 139 154 167 142 163 128 137 
153 139 150 165 127 172 172 135 149 172 146 164 171 162 134 139 125 150 150 133 125 144 130 167 152 167 157 152 161 154 141 172 165 154 141 150 127 154 165 172 161 126 165 147 141 169 136 159 139 144 165 148 126 159 139 132 139 171 172 173 
137 150 131 144 148 141 149 169 163 147 143 154 166 142 147 128 146 155 139 162 134 163 148 154 125 129 145 140 138 154 167 125 147 143 165 132 126 164 146 167 147 163 154 126 139 157 132 139 129 154 161 126 149 141 151 143 132 152 163 138 
154 162 126 174 150 125 148 154 149 174 161 126 161 146 168 172 166 152 149 150 132 126 158 125 143 136 174 154 128 132 138 138 126 126 142 151 162 162 141 152 127 158 149 132 156 148 161 150 155 138 173 165 147 156 168 145 150 135 168 155 
141 127 147 149 151 151 139 151 137 163 166 155 130 172 153 144 140 169 152 174 157 131 157 159 146 133 145 127 172 139 151 130 174 147 138 168 129 157 125 146 165 173 148 168 159 126 164 125 143 155 157 162 132 128 152 169 164 169 126 167 
154 156 144 138 137 158 133 141 135 173 154 156 163 158 126 133 133 156 160 144 152 172 147 140 153 154 125 166 165 152 127 130 159 158 126 165 128 140 168 168 163 134 172 138 163 144 174 172 159 165 150 171 158 167 174 137 129 131 134 145 
159 166 171 135 140 132 144 166 160 125 140 162 148 154 155 145 138 174 161 136 136 140 132 136 163 132 133 149 165 129 126 153 173 165 148 171 138 172 133 149 144 166 158 155 156 142 144 160 152 168 149 140 170 136 146 125 126 164 136 143 
152 148 167 148 159 133 146 149 134 152 163 143 150 130 136 152 146 161 131 134 161 160 142 172 137 125 150 169 137 130 144 135 171 149 164 132 131 150 154 133 152 164 166 156 165 143 168 149 144 125 130 166 160 166 157 150 169 158 161 131 
158 128 156 132 146 126 167 144 173 158 142 157 135 130 155 150 143 141 152 163 131 134 150 133 155 139 155 142 161 146 142 129 174 160 139 169 150 173 159 137 153 147 144 166 152 158 165 129 126 129 166 131 136 125 165 135 142 127 157 133 
141 167 126 138 164 132 142 154 170 163 130 132 168 130 173 136 161 149 174 154 127 152 150 132 135 133 161 125 137 128 168 167 166 131 160 148 160 146 170 140 154 168 126 125 153 174 168 144 157 163 154 150 172 129 129 168 173 147 151 159 
133 130 142 126 173 148 151 135 141 173 132 142 148 172 156 146 152 156 134 171 125 138 134 125 148 159 157 150 165 165 135 174 166 158 127 164 126 132 155 131 142 147 155 160 163 137 169 146 160 136 154 136 174 132 167 163 167 133 142 158 
154 143 172 139 148 169 144 151 153 140 134 158 154 140 152 168 152 149 134 170 137 134 127 145 126 134 144 154 130 150 127 136 172 130 172 150 153 148 158 162 156 169 142 139 157 140 155 140 153 167 164 134 167 148 131 135 169 167 138 156 
156 130 155 161 138 154 134 143 140 144 128 135 152 126 166 168 170 167 157 135 136 130 155 154 167 139 147 139 174 136 174 139 128 167 173 150 140 142 149 127 161 134 150 146 171 130 151 135 156 153 137 135 127 172 152 147 157 156 152 146 
136 172 165 157 141 128 154 149 131 147 131 173 161 158 147 171 162 152 158 171 149 146 160 141 155 134 155 162 161 158 155 133 140 134 170 142 148 131 158 127 156 133 126 142 137 139 150 156 160 161 155 162 132 153 154 131 140 144 166 130 
136 151 133 125 140 140 157 125 151 158 153 141 158 171 142 162 140 174 170 143 141 136 164 166 172 129 140 157 147 164 154 129 148 137 155 173 171 125 133 126 144 130 162 162 126 138 142 166 159 146 156 171 171 136 128 137 160 153 139 160 
156 140 149 132 140 173 157 137 169 166 149 141 150 133 126 171 163 155 137 127 158 145 168 130 147 149 173 143 156 147 168 125 170 170 132 171 173 148 161 132 161 129 138 126 136 135 137 161 149 165 156 139 147 168 172 139 166 141 164 168 
125 160 169 125 141 166 165 134 172 125 168 142 140 152 145 132 157 135 171 150 164 133 137 140 168 128 130 137 143 171 170 170 126 163 138 132 153 139 134 174 143 163 174 129 128 162 155 163 129 142 127 131 129 165 166 154 158 125 133 130 
150 146 161 134 146 166 157 173 141 156 142 167 131 133 163 125 150 131 139 153 150 125 142 143 158 162 134 136 142 130 154 128 151 130 139 125 174 134 164 126 154 159 167 147 143 140 172 149 138 150 171 127 152 133 158 158 138 159 170 138 
164 173 133 136 165 131 145 166 167 150 167 166 159 157 134 143 148 168 151 166 173 167 144 133 171 127 142 150 128 148 168 136 146 136 162 173 140 158 167 164 150 146 141 126 173 131 168 140 127 152 142 156 135 157 148 141 165 133 155 170 
156 140 132 170 159 127 160 144 140 158 158 126 157 153 129 159 144 162 158 136 149 151 157 172 131 166 134 141 143 147 129 149 167 162 160 164 146 131 130 143 153 155 158 128 135 142 151 130 133 158 174 138 173 160 128 158 158 145 137 127 
156 150 129 165 154 141 165 150 147 144 156 166 157 134 152 170 172 149 162 167 150 147 158 132 125 170 140 140 155 132 161 154 134 168 125 131 169 164 164 168 148 169 165 158 154 133 142 125 151 127 169 140 168 145 143 146 127 158 157 158 
147 127 135 125 169 147 171 155 152 160 138 142 133 172 139 130 154 145 160 130 152 131 130 139 132 150 138 163 134 154 163 154 174 159 140 129 141 167 163 143 156 156 128 145 174 164 145 149 169 165 137 129 128 125 169 161 155 164 157 143 
158 161 141 162 127 141 132 151 129 161 136 151 139 174 139 129 170 148 167 162 125 140 139 132 133 146 142 144 149 134 141 146 167 133 131 146 152 167 153 141 158 127 170 135 147 135 129 140 172 135 139 153 173 145 163 125 138 132 128 166 
133 136 133 144 126 139 132 143 128 140 129 173 151 128 152 157 163 149 158 148 159 144 148 141 126 148 173 155 129 145 165 131 155 166 157 129 160 135 131 158 127 146 172 149 129 157 128 154 142 134 154 171 144 174 139 155 143 170 155 131 
126 133 132 173 133 161 138 141 165 146 164 168 160 170 132 132 137 151 128 139 173 139 141 141 154 157 172 142 150 162 129 155 132 157 174 146 133 173 143 125 126 142 126 128 144 172 164 171 162 130 141 127 162 131 135 125 136 161 158 160 
131 139 143 172 163 145 153 139 132 126 131 155 155 132 163 152 160 146 128 154 166 155 162 136 162 136 147 135 155 140 132 127 155 132 138 151 172 155 127 143 131 149 141 135 143 174 169 159 135 152 164 139 170 153 169 143 159 134 164 138 
155 127 165 168 140 134 161 129 170 152 167 139 173 142 144 134 154 160 125 172 143 133 135 128 140 144 154 142 131 125 141 164 144 146 154 163 173 147 166 163 174 145 168 161 129 150 144 150 165 157 166 157 141 142 149 153 130 128 170 132 
144 167 145 132 152 166 155 141 129 168 139 132 150 170 131 145 127 162 148 130 136 141 171 131 144 160 145 127 173 147 160 140 143 170 129 166 140 152 146 158 147 162 143 146 145 170 152 148 150 127 139 156 163 126 152 156 141 139 168 142 
157 173 146 152 137 138 153 167 174 157 166 150 136 166 152 159 151 143 137 148 156 126 154 166 144 128 171 139 172 131 163 165 158 165 157 132 164 164 135 147 164 157 146 125 139 168 135 149 171 154 174 135 137 138 153 136 154 152 167 166 
165 159 144 133 153 165 160 167 134 133 158 128 130 139 160 135 164 167 154 126 158 136 149 152 131 167 159 129 169 133 131 174 168 148 141 167 170 173 169 168 147 174 174 146 170 170 167 173 137 126 162 126 138 172 171 135 165 152 172 150 
166 160 172 139 164 155 136 131 148 140 162 160 133 167 163 157 147 126 144 173 171 131 172 127 136 133 132 143 171 157 130 162 162 162 141 164 165 156 168 142 164 126 133 171 142 156 159 132 127 131 138 165 142 135 160 136 142 130 161 152 
139 172 126 148 132 148 167 160 126 132 172 152 171 140 139 128 172 138 155 144 139 152 148 130 133 171 147 167 148 167 167 156 143 140 143 125 148 138 161 139 133 128 161 163 137 151 126 160 165 170 139 162 166 168 129 144 161 171 168 165 
171 150 155 133 134 142 153 133 132 154 148 164 136 163 156 138 153 158 131 128 171 153 153 163 148 139 157 166 131 174 139 170 148 139 129 147 140 140 171 126 168 135 136 126 163 170 165 138 152 155 167 158 126 138 159 146 148 148 159 134 
159 127 127 154 129 125 134 150 132 162 155 133 155 167 158 137 126 161 160 138 169 160 158 140 159 136 164 152 155 161 169 131 147 173 137 137 151 170 163 138 132 163 155 145 160 161 144 138 147 160 138 173 172 134 137 134 164 157 168 155 
130 143 141 164 150 170 163 160 147 125 158 138 167 155 132 166 142 152 169 169 153 139 173 142 157 156 151 139 129 134 135 174 163 160 158 152 165 130 144 126 160 160 129 139 149 154 125 142 171 168 127 165 165 130 137 174 148 137 129 171 
173 145 160 131 163 129 161 134 171 166 171 126 171 170 137 127 158 148 153 145 167 158 145 143 127 174 137 146 165 163 167 151 171 156 151 171 156 163 129 147 167 140 125 167 152 159 125 145 171 130 171 159 167 161 128 169 146 139 170 171 
145 154 135 147 168 170 168 156 129 130 141 142 174 141 136 172 167 137 164 161 171 165 164 130 154 128 166 151 151 132 127 173 151 165 148 155 130 125 141 172 139 170 166 136 164 134 125 151 131 135 139 136 173 172 152 150 134 169 163 125 
169 130 157 148 139 162 136 170 128 125 174 161 126 169 165 131 157 128 146 153 155 172 138 125 155 159 167 171 164 125 155 137 138 147 162 146 152 167 173 160 166 158 156 173 148 140 138 163 126 164 157 134 137 130 139 172 130 150 139 131 
139 133 126 166 146 155 166 171 151 125 147 142 138 135 160 158 126 169 148 128 125 132 153 173 134 162 127 136 156 136 149 131 125 137 153 128 164 128 158 161 171 127 164 164 134 138 160 160 160 135 165 173 159 131 162 148 158 174 143 139 
160 169 144 161 127 142 151 170 158 162 127 144 171 157 165 172 171 161 126 150 137 134 140 152 152 150 148 135 128 155 126 141 149 141 159 165 157 143 134 143 168 151 132 145 168 154 158 129 140 148 169 151 141 131 155 167 174 148 153 130 
137 132 143 146 162 146 129 147 138 143 134 170 144 141 132 148 129 154 151 149 144 148 152 166 167 148 131 140 169 130 137 154 166 132 168 140 148 138 167 131 149 135 131 145 127 149 126 170 160 152 138 132 128 169 143 155 135 133 167 163 
128 171 173 125 126 163 155 138 136 149 172 138 128 148 151 140 155 149 146 159 171 161 152 162 125 161 161 164 142 128 163 139 126 149 136 164 137 168 145 167 163 135 160 166 131 126 126 129 135 154 129 148 152 173 132 172 161 128 156 150 
173 133 142 138 159 164 172 151 160 154 143 131 160 172 151 161 150 159 167 148 159 127 126 164 132 174 141 150 129 170 136 141 155 144 167 154 128 147 161 145 130 165 128 151 126 128 156 130 138 168 145 135 152 154 156 150 137 155 148 159 
148 159 153 134 166 127 149 143 164 127 171 126 133 158 161 136 145 135 163 154 125 158 156 162 132 132 142 126 128 138 161 150 145 157 168 167 172 149 139 129 167 148 163 135 158 151 164 174 172 126 145 132 158 133 162 136 127 153 130 143 
160 150 160 170 140 140 127 154 129 136 164 137 155 161 165 153 149 146 174 147 133 149 167 163 125 125 174 161 153 126 141 130 140 151 164 154 134 142 150 144 141 170 138 134 174 155 153 168 130 133 140 153 142 158 170 166 162 164 137 144 
131 168 145 128 130 160 171 162 170 168 140 157 156 150 150 162 145 143 139 154 163 127 133 141 149 143 170 163 174 170 165 159 128 160 156 158 143 166 170 165 141 144 138 150 158 155 139 151 130 171 174 133 134 126 135 171 125 174 147 162 
136 126 164 157 165 144 174 130 161 162 157 144 126 133 143 153 148 127 165 163 165 164 166 137 127 164 150 125 169 151 164 144 156 137 149 147 154 170 127 170 135 139 164 148 170 173 152 132 164 138 156 167 154 165 130 158 138 165 147 154 
138 139 163 142 174 133 146 136 145 155 131 158 159 142 157 156 130 134 147 142 133 149 132 144 142 147 138 127 153 129 147 138 142 149 145 157 146 160 142 173 132 137 131 126 144 145 167 127 157 138 130 139 137 162 143 133 154 151 131 164 

133 136 174 141 161 174 155 141 126 139 134 147 136 144 135 167 130 151 153 159 155 174 168 136 129 173 143 146 146 174 167 130 130 129 155 135 137 147 135 134 128 144 153 174 138 143 137 125 166 153 138 155 144 146 136 173 137 167 140 148 
165 126 133 170 160 137 130 162 159 173 141 148 168 174 154 129 167 168 157 127 144 165 125 126 140 146 135 125 157 162 148 142 171 160 129 168 160 142 171 155 160 165 146 125 164 137 150 151 169 174 144 163 167 133 174 164 130 131 137 160 
172 135 137 158 159 156 170 173 164 154 130 145 151 173 130 149 169 174 167 162 166 164 157 149 150 133 135 137 126 138 147 157 138 170 125 161 145 152 136 173 129 138 130 142 138 152 150 142 128 174 161 170 151 149 163 157 151 128 135 156 
158 139 143 146 158 161 157 125 157 135 159 153 153 146 151 150 157 146 147 129 136 139 151 170 169 126 174 137 164 164 173 160 157 159 138 158 156 147 161 168 149 162 158 148 135 163 129 159 172 141 131 132 172 146 151 140 152 166 159 174 
171 172 135 137 168 129 171 147 161 172 156 171 146 154 154 154 174 157 148 130 133 134 173 160 164 166 130 164 125 148 169 168 165 165 153 136 162 149 158 150 138 143 174 172 132 128 159 154 166 164 131 155 153 132 126 164 170 153 170 137 
126 139 157 148 127 144 161 161 139 166 161 156 159 162 132 140 154 160 172 138 174 168 135 125 157 167 167 160 162 155 131 130 137 132 169 153 132 132 168 131 148 128 127 134 172 132 156 154 147 164 152 137 172 165 141 165 130 139 153 154 
126 127 152 169 130 133 136 164 125 129 145 141 167 146 147 143 137 154 137 138 143 135 165 147 130 127 155 140 149 136 157 156 156 143 136 160 148 158 136 145 153 134 162 168 158 144 153 172 133 166 151 136 148 157 171 155 169 136 174 142 
174 161 144 143 145 131 149 151 173 146 149 129 160 144 151 126 138 162 147 170 169 131 135 153 131 151 174 126 162 129 173 163 151 157 152 132 165 152 158 149 149 151 156 131 136 125 138 158 173 159 128 133 164 156 166 156 151 165 130 174 
131 140 155 163 164 140 131 165 134 135 150 133 130 152 172 131 158 161 141 156 172 169 153 172 152 161 171 132 129 160 165 165 160 159 126 132 149 156 144 151 140 171 153 157 133 150 142 142 174 143 174 154 146 163 160 126 163 164 138 156 
138 126 142 130 172 127 174 125 139 174 150 149 144 144 162 141 130 130 135 153 173 173 128 129 169 137 168 157 140 151 140 161 159 148 132 136 160 140 145 167 162 125 157 126 131 164 168 136 163 125 140 151 155 152 156 134 147 144 138 174 
152 141 141 150 134 168 149 131 158 165 165 170 158 166 151 155 133 133 144 144 132 162 126 133 156 137 167 166 135 170 136 129 139 132 159 157 138 137 129 148 149 161 130 149 129 163 135 133 134 170 152 150 148 141 131 172 163 174 174 167 
128 165 156 166 147 127 164 125 145 139 157 133 159 136 170 133 163 170 171 157 143 166 149 157 161 169 156 154 133 134 130 169 154 143 140 168 135 145 152 161 129 170 137 148 160 126 156 136 141 133 163 163 146 162 134 156 169 136 161 152 
174 166 161 131 162 163 155 169 141 140 166 155 167 129 166 151 170 164 159 167 164 174 133 165 149 150 146 166 156 148 146 144 144 156 168 161 136 160 173 126 126 172 138 127 150 133 160 131 148 155 154 139 146 139 132 170 129 125 130 146 
147 152 138 129 131 129 165 155 131 165 127 152 166 146 154 163 165 160 171 127 142 159 157 136 139 158 126 168 136 151 153 165 150 166 171 167 129 162 170 163 153 148 167 138 165 134 131 164 171 144 173 166 149 167 154 163 136 151 163 160 
125 154 127 158 163 167 138 162 152 165 135 134 168 140 148 159 159 139 132 155 162 170 169 159 159 150 130 152 153 149 146 151 132 125 143 168 169 129 133 135 160 132 149 172 161 137 153 146 161 125 173 155 127 173 173 129 162 165 155 165 
153 169 172 133 158 151 125 157 159 146 158 172 130 154 142 126 163 131 141 146 162 159 162 141 139 144 126 129 137 141 148 159 136 166 141 158 135 163 147 133 138 157 153 137 132 140 174 147 134 133 148 172 171 147 141 158 134 125 170 162 
126 158 131 139 144 146 153 154 140 153 146 148 137 152 134 145 139 140 171 173 143 157 152 142 135 144 160 166 162 139 152 173 144 172 126 158 155 133 159 140 126 146 132 151 133 158 148 166 149 156 133 136 138 165 173 161 146 142 143 148 
133 132 161 130 136 143 164 147 168 137 137 128 169 143 147 127 146 166 159 126 151 173 168 143 172 150 145 137 133 142 149 128 140 174 135 138 130 149 157 165 140 133 153 152 125 128 151 167 151 139 128 174 164 153 160 127 137 170 162 129 
154 127 161 132 137 154 132 126 152 155 151 146 151 148 135 132 165 166 129 135 130 162 173 134 158 156 135 125 139 144 159 151 165 125 152 135 135 161 169 139 134 169 174 142 171 130 148 136 167 149 169 140 154 157 131 169 153 140 149 157 
152 143 126 164 139 136 134 174 150 164 129 172 146 126 130 134 171 133 130 166 150 159 151 154 168 144 137 157 156 151 155 131 132 151 171 165 153 169 145 171 125 163 166 132 150 140 143 144 127 125 174 159 159 128 170 141 132 131 136 168 
162 173 174 157 132 143 137 159 174 162 163 141 155 138 167 135 163 153 168 150 132 146 137 170 165 169 128 125 137 166 140 165 136 149 165 130 135 148 168 149 155 131 171 133 165 161 151 161 149 131 145 140 162 139 135 136 139 145 136 167 
167 159 165 146 160 140 164 165 130 131 158 160 142 157 142 137 174 148 141 161 138 138 145 142 154 165 172 167 142 128 150 141 155 157 163 148 144 160 170 135 167 141 165 127 140 152 158 149 160 156 136 137 160 146 169 157 136 169 133 169 
140 140 125 140 173 133 168 143 157 167 143 125 156 151 161 167 146 129 133 156 144 172 126 136 136 130 148 135 165 157 168 164 169 151 127 173 154 155 142 152 164 143 163 149 148 134 166 148 149 132 156 148 125 174 164 143 141 135 131 133 
139 126 168 141 132 170 132 141 140 160 164 151 136 134 154 126 137 157 158 168 173 148 139 144 156 170 141 173 165 167 168 128 173 167 159 163 160 174 150 138 169 130 134 162 152 163 143 129 150 153 164 146 136 168 149 134 147 153 146 156 
159 162 155 163 135 154 149 156 162 171 125 154 163 140 145 139 168 134 170 158 132 143 153 131 165 170 128 127 166 141 160 139 165 169 152 148 166 151 139 136 167 172 164 129 158 149 134 128 157 138 127 172 146 169 174 131 160 147 136 126 
137 148 165 127 146 146 146 139 131 125 172 139 155 145 135 174 162 171 159 147 138 150 160 125 135 167 158 136 164 158 156 128 172 165 135 127 160 133 170 163 155 129 158 135 161 126 172 130 125 173 139 171 145 148 126 171 135 129 139 155 
151 131 132 130 164 174 174 145 165 165 144 127 151 161 169 160 156 140 138 137 132 129 148 151 151 171 169 172 153 139 156 133 139 133 128 140 154 155 158 150 131 133 145 140 139 164 135 171 147 153 172 168 162 163 146 142 151 165 156 125 
146 165 127 152 140 151 161 166 142 146 167 135 136 125 157 156 163 151 139 147 157 146 128 162 159 159 164 141 132 135 146 161 142 127 158 144 174 167 141 155 128 161 156 145 144 158 147 165 138 165 170 132 125 156 174 130 171 143 146 162 
170 163 148 127 136 127 129 133 154 149 148 137 173 152 137 135 152 125 166 139 130 153 161 136 137 136 167 153 168 146 133 141 141 128 131 154 143 167 137 169 150 148 162 125 144 171 144 146 173 136 130 174 168 128 169 153 145 159 174 169 
151 144 135 128 131 139 139 158 148 126 166 168 125 167 158 136 145 140 136 127 138 173 157 158 147 147 134 131 161 137 125 145 128 166 129 125 141 172 141 170 150 131 137 144 155 169 151 135 170 144 160 168 168 149 169 140 156 148 158 126 
169 127 171 160 133 140 126 132 127 163 155 154 162 157 157 169 151 142 138 150 157 145 137 146 157 154 140 139 152 172 139 174 126 140 170 142 154 164 144 146 139 131 174 158 137 146 127 142 147 134 137 163 144 149 131 134 142 153 164 144 
173 167 164 134 139 174 147 166 139 131 147 173 128 145 173 146 144 166 164 152 147 133 167 151 126 143 148 143 166 160 133 134 152 164 170 149 170 159 145 137 133 173 173 133 168 165 147 174 131 130 169 155 165 143 147 130 129 147 133 145 
154 145 136 155 170 129 162 148 166 164 135 128 146 173 127 171 135 139 127 125 143 146 151 168 147 136 148 136 170 150 161 150 169 151 137 158 173 169 168 164 162 131 129 172 171 157 158 149 133 126 142 159 163 152 128 141 171 171 128 151 
125 134 133 170 137 156 167 166 131 136 139 150 166 172 141 157 134 135 128 151 126 126 139 169 145 141 142 161 152 153 130 139 150 152 145 135 165 129 152 128 163 158 169 168 132 133 155 132 142 165 157 131 167 162 159 141 125 152 162 144 
125 162 174 137 125 162 147 137 161 151 152 148 147 161 162 148 158 148 161 157 147 127 148 137 132 148 132 141 147 156 154 165 145 158 154 138 166 144 128 162 170 141 144 154 133 170 147 126 173 151 172 167 134 128 131 163 126 174 147 146 
136 126 148 168 160 133 139 160 143 126 137 174 139 131 133 153 169 171 159 141 139 135 162 151 133 127 162 153 128 161 161 127 147 143 146 162 135 144 147 144 126 151 162 133 161 156 166 165 126 133 154 155 144 163 157 127 154 148 141 157 
126 162 154 138 152 156 162 153 153 144 143 142 174 157 137 153 126 131 145 161 158 126 138 158 125 159 152 131 166 159 129 168 130 130 167 158 144 141 145 125 141 161 141 163 137 153 141 172 152 170 131 164 163 165 135 140 152 135 141 169 
126 126 149 172 143 148 137 148 156 136 157 133 162 155 136 157 154 148 147 172 140 152 166 128 169 136 125 164 166 142 162 159 156 160 151 142 155 126 125 147 169 156 162 134 133 126 163 141 150 174 146 157 162 146 141 130 153 131 168 157 
125 170 165 174 140 169 139 141 173 172 125 144 151 136 134 172 161 131 170 170 162 147 174 139 136 172 157 143 144 155 161 163 156 168 157 146 163 138 136 152 130 145 171 159 156 167 134 127 138 161 174 168 143 127 161 140 162 129 140 146 
143 157 139 131 172 128 154 133 159 152 142 129 169 153 140 127 144 159 163 151 138 162 146 156 168 171 161 142 130 134 148 152 147 173 170 145 158 141 159 172 143 135 169 172 160 150 171 167 128 135 164 133 171 166 153 173 169 163 152 131 
157 169 155 158 134 146 168 149 149 169 169 155 154 135 171 148 142 165 168 170 160 156 164 143 155 147 159 162 145 143 160 146 125 132 166 162 152 139 135 138 155 135 125 133 147 129 167 127 145 131 168 125 140 129 133 145 146 131 126 172 
149 141 142 170 144 145 168 147 174 137 172 152 157 156 160 125 170 147 131 129 164 163 152 135 127 153 154 146 137 171 130 162 130 143 153 144 130 165 157 152 150 153 161 173 130 168 163 167 143 160 169 134 169 132 173 154 137 173 132 126 
146 135 139 125 165 134 144 157 128 132 144 140 141 143 131 137 171 126 155 147 165 125 137 162 160 131 161 161 148 167 170 127 156 166 154 132 127 131 135 147 159 141 140 162 152 132 147 163 138 173 142 170 164 153 126 171 127 148 168 162 
172 131 163 150 165 154 148 127 168 171 165 141 127 166 160 171 138 131 145 127 172 135 126 163 174 165 129 153 142 140 155 132 128 133 167 168 159 173 166 149 154 128 146 152 169 131 160 129 147 142 147 145 160 129 143 150 136 165 165 166 
152 132 141 134 174 172 166 130 154 174 134 137 126 167 132 172 170 144 147 168 144 173 162 151 145 174 155 138 129 140 125 141 168 140 156 140 171 159 127 144 155 134 162 166 127 126 173 135 151 157 160 160 158 134 160 132 140 174 127 128 
149 125 164 143 160 134 152 168 168 142 155 155 137 165 135 146 125 165 149 144 140 140 145 138 147 139 154 138 133 154 174 155 170 173 132 158 154 142 143 131 160 149 148 125 170 144 138 145 169 159 148 165 172 128 149 135 135 151 162 144 
145 128 158 132 153 135 170 173 130 151 155 148 170 161 161 154 136 129 159 156 149 156 130 157 140 167 146 145 144 133 133 127 137 162 157 168 144 126 125 170 167 163 172 146 161 159 166 157 170 167 172 137 166 146 170 129 155 141 164 172 
146 137 162 158 139 138 167 157 164 153 139 138 153 169 167 170 129 174 158 164 151 164 139 125 130 161 171 162 139 132 159 134 157 172 157 134 136 166 150 159 162 127 160 161 143 157 139 154 167 137 149 165 150 168 126 127 163 154 156 171 
147 167 172 136 143 152 173 170 162 173 151 161 169 134 156 164 163 159 174 164 164 164 138 132 141 174 131 134 151 148 157 154 167 145 141 138 156 135 163 149 129 152 159 165 140 165 157 163 138 161 155 138 129 141 157 168 173 136 166 160 
151 144 147 131 139 163 136 169 170 133 169 139 140 126 151 166 127 167 161 171 166 157 149 170 142 142 163 139 171 126 159 153 131 172 139 148 155 141 159 149 148 135 131 125 160 154 174 150 138 136 139 163 170 141 129 154 133 131 136 161 
143 150 158 151 158 127 136 144 147 127 128 125 168 134 132 156 127 140 135 144 155 128 144 146 174 129 140 160 133 172 165 169 172 169 168 164 156 165 148 154 171 143 139 143 133 152 125 149 171 165 142 138 149 137 167 161 154 154 157 140 
142 154 170 159 171 159 167 165 133 138 147 129 147 135 135 151 146 157 137 147 160 131 132 126 162 144 168 159 154 132 164 160 160 154 147 173 140 135 147 153 131 167 147 147 157 137 136 165 141 141 133 139 166 143 147 133 143 161 142 138 
135 166 153 136 174 171 160 149 173 142 170 150 127 149 165 173 136 145 154 174 128 151 135 140 144 142 157 154 166 153 133 132 146 169 150 137 171 134 134 174 143 149 169 137 167 149 141 168 134 142 156 138 146 159 145 130 143 126 138 158 
159 164 127 135 163 136 148 160 147 141 140 139 154 150 127 142 145 165 133 163 138 150 159 152 155 168 143 158 156 161 158 134 134 156 152 148 153 144 163 159 143 145 137 148 141 143 136 173 160 133 129 140 174 153 134 148 128 162 174 152 
126 163 141 150 160 146 145 158 150 146 138 164 162 169 150 128 144 168 145 136 137 168 141 174 169 164 160 141 133 141 146 158 159 155 154 131 140 134 145 125 142 140 167 171 152 167 142 149 161 135 133 153 154 169 133 174 154 141 146 138 
160 173 157 162 156 148 171 153 173 144 128 137 161 128 170 173 161 172 133 141 127 139 152 160 159 167 153 147 132 126 160 137 162 140 142 172 125 149 127 150 158 170 148 142 172 158 171 133 154 146 152 127 170 127 155 159 146 174 145 156 
154 127 128 166 169 168 127 157 144 164 138 172 125 146 134 140 157 134 141 140 128 137 150 142 156 171 147 145 135 130 164 150 134 131 174 144 125 161 157 151 158 131 164 126 163 167 158 151 129 126 125 159 134 144 159 125 159 167 166 151 
157 145 167 170 150 165 125 144 174 159 128 135 156 138 154 133 174 127 140 135 161 134 171 145 143 151 149 136 143 167 135 139 164 156 174 129 125 126 151 155 153 135 169 174 126 167 133 172 161 148 170 154 156 153 157 173 159 136 149 154 
151 161 139 136 137 150 128 129 172 163 145 149 173 149 161 167 127 173 145 135 129 150 125 174 158 169 162 154 136 151 131 170 147 135 156 128 144 171 138 155 173 126 145 152 140 170 152 158 135 145 141 169 131 168 165 145 136 138 148 154 
145 147 165 145 170 142 157 126 138 135 135 137 170 149 142 169 166 131 150 169 141 125 153 169 159 142 126 126 147 162 156 167 125 129 132 127 127 164 126 154 172 170 164 125 143 162 142 164 140 139 167 139 136 129 143 166 167 141 136 137 

138 157 161 140 164 141 140 169 126 146 142 173 161 128 131 141 158 149 132 173 133 145 165 139 145 172 169 137 163 159 165 136 154 172 127 155 151 133 159 155 154 170 158 172 143 162 156 134 157 132 136 132 126 146 137 156 144 172 144 149 
152 149 162 130 126 154 170 172 144 154 161 153 139 165 147 149 148 169 131 164 174 146 168 163 134 140 140 141 163 158 173 127 146 169 161 140 173 137 138 128 140 163 161 164 127 158 148 154 163 144 146 153 134 166 149 160 127 159 148 128 
163 156 134 130 129 127 147 162 162 140 129 158 153 153 158 162 134 169 152 157 171 166 130 172 130 129 152 141 155 141 137 142 150 143 143 155 135 169 158 170 134 134 164 135 128 135 157 125 141 173 154 157 134 140 169 170 140 144 167 166 
138 126 153 158 160 130 161 134 152 146 154 132 158 159 157 155 157 172 171 141 128 140 173 167 125 158 130 143 151 171 131 163 125 165 159 140 134 149 126 153 160 165 136 153 150 152 139 145 153 147 131 165 173 159 148 139 131 170 138 138 
134 153 171 160 150 154 144 170 153 128 159 163 147 157 134 164 160 138 152 131 133 142 173 153 127 145 136 157 159 150 168 139 147 149 132 131 158 151 172 150 157 126 164 149 147 170 146 135 138 162 168 167 128 170 133 130 129 168 141 158 
139 162 146 165 172 170 164 129 148 148 159 171 141 152 168 143 168 160 153 131 126 169 161 174 130 167 164 131 134 136 145 151 173 137 163 163 155 137 147 157 168 164 138 146 161 169 152 174 163 138 174 138 133 138 173 168 127 136 167 166 
128 160 167 167 143 133 144 128 166 166 139 169 129 155 155 147 145 138 148 139 139 171 131 129 170 159 127 151 148 129 126 171 173 135 138 173 142 125 128 131 150 151 130 144 146 152 153 145 144 149 157 159 136 158 148 164 142 172 171 143 
151 138 138 128 133 152 135 170 131 150 136 166 132 162 146 146 158 169 133 167 133 150 131 147 131 137 132 172 168 126 139 163 164 128 144 127 146 151 171 129 151 142 162 143 166 143 127 160 165 170 151 144 149 143 157 132 136 156 167 171 
125 126 160 132 173 127 165 161 130 125 167 126 153 145 156 148 142 162 138 153 145 156 136 171 140 125 146 131 158 144 143 148 137 162 168 159 128 169 137 133 147 166 165 136 167 166 159 129 130 138 141 172 162 154 164 149 128 154 165 172 
152 155 163 162 151 157 155 155 144 126 133 148 171 149 171 128 138 156 164 143 165 151 153 166 151 161 134 129 172 134 151 163 159 161 147 145 148 147 169 173 164 130 170 155 168 162 137 138 130 132 142 129 133 166 134 156 139 131 140 160 
165 167 147 137 128 171 166 144 160 131 141 172 157 136 159 150 174 157 164 157 154 155 164 150 144 167 125 131 156 125 150 142 167 144 160 164 134 140 149 156 153 141 138 144 152 142 138 145 130 151 164 167 158 167 163 138 134 165 144 128 
171 143 166 170 135 170 158 153 153 140 135 136 134 138 172 168 137 157 164 166 147 158 135 132 167 167 146 125 165 131 168 151 169 160 160 164 170 134 141 144 126 126 134 149 144 172 163 135 129 159 172 170 126 150 152 165 153 139 152 145 
139 174 170 138 145 158 147 165 160 153 154 143 169 126 165 162 154 174 162 160 174 142 157 159 173 152 158 129 125 166 172 131 151 151 126 134 171 155 173 132 154 137 150 132 150 129 156 128 143 138 152 160 166 174 158 130 143 131 148 167 
157 168 151 154 165 134 140 150 166 154 149 172 136 151 152 129 127 169 170 126 129 136 136 132 142 138 174 149 136 172 141 162 145 142 145 132 147 162 148 174 158 165 171 161 140 150 171 154 149 125 134 146 163 160 140 142 154 174 126 147 
173 157 161 155 130 144 126 125 149 160 171 173 141 135 164 148 127 164 151 126 166 137 129 127 128 164 165 125 126 164 128 157 150 136 140 170 173 125 125 163 126 170 139 159 142 169 151 137 171 153 146 158 128 154 168 163 164 159 145 168 
171 147 149 142 146 126 132 147 160 140 128 152 126 142 155 130 159 149 171 161 174 171 129 162 145 151 131 172 145 141 139 148 139 128 159 149 151 167 166 130 154 162 155 173 136 166 127 125 128 157 130 147 144 169 170 158 127 133 156 137 
165 131 166 128 171 155 137 137 169 150 167 170 174 130 157 156 145 137 160 141 168 143 138 163 141 171 162 147 131 135 148 146 130 169 145 163 146 160 134 152 156 174 137 166 137 133 143 157 141 169 159 147 135 135 137 165 152 141 156 170 
162 169 136 126 149 127 130 173 130 149 128 174 172 155 138 132 162 171 166 126 140 148 169 142 140 142 152 143 135 145 155 162 170 130 151 137 156 133 132 136 173 125 173 134 153 135 125 156 164 151 127 161 154 128 174 144 148 137 130 129 
150 163 151 154 165 165 129 142 173 147 155 149 159 128 150 155 162 170 137 155 141 163 144 171 138 168 139 130 174 145 169 143 161 170 148 168 174 127 158 130 140 172 151 174 132 163 166 125 149 135 143 165 126 162 125 163 157 173 163 143 
131 162 134 166 157 157 126 157 142 159 166 173 134 144 147 145 157 173 141 153 162 139 166 172 145 160 161 155 157 155 128 130 148 143 142 135 141 150 131 173 144 148 150 157 142 173 160 139 147 144 143 132 170 132 154 125 170 144 142 155 
156 171 132 149 152 133 171 172 138 137 158 165 157 146 140 150 166 137 130 169 140 134 167 158 155 151 146 158 171 125 161 125 150 160 152 135 130 165 151 131 170 157 136 138 158 169 162 167 126 145 164 164 137 133 141 140 152 126 162 138 
154 174 127 126 147 169 136 170 139 135 150 148 168 131 147 147 135 140 148 133 160 141 147 125 164 133 135 163 168 143 142 139 155 166 135 139 131 145 145 170 129 154 151 126 140 155 165 164 146 126 143 128 174 129 168 159 160 138 170 138 
165 141 160 136 136 152 132 137 134 140 153 161 167 143 161 143 162 134 134 154 150 172 126 143 128 138 131 164 152 134 174 146 152 149 171 147 147 132 147 134 139 142 138 127 157 154 138 133 129 141 126 134 159 136 148 137 168 136 146 165 
127 164 162 157 132 151 152 155 133 131 149 154 130 170 151 148 157 167 125 128 134 174 140 172 160 163 170 145 163 146 149 138 135 150 154 149 167 146 136 131 130 174 152 142 165 137 125 160 151 156 147 173 155 146 156 172 139 126 171 152 
167 134 141 130 156 166 153 132 167 163 126 149 173 163 127 158 163 161 149 155 157 139 147 163 157 167 166 153 128 174 138 164 140 146 152 158 172 138 141 127 171 134 148 138 136 147 135 140 143 165 150 154 153 137 143 140 164 148 133 145 
168 128 152 148 165 127 130 140 160 126 149 131 156 136 164 168 156 151 129 153 145 167 160 129 126 170 169 161 172 130 146 142 161 153 141 159 147 155 138 161 152 172 166 160 166 147 164 140 162 137 130 140 131 174 158 137 151 131 150 145 
157 141 151 154 167 129 125 153 151 149 136 157 147 153 168 167 149 168 158 170 160 171 168 145 142 140 128 164 160 154 172 139 130 134 152 148 133 149 159 168 167 133 167 159 169 151 149 126 156 164 165 151 173 148 152 161 171 137 157 155 
150 162 142 147 135 129 135 132 133 171 137 169 129 162 157 170 151 132 126 141 159 142 136 151 152 148 140 168 129 139 141 161 157 130 163 167 139 127 162 148 157 168 150 151 140 158 125 153 148 139 154 152 149 137 141 173 152 165 126 126 
154 129 148 171 154 168 147 142 174 136 174 144 163 134 152 141 147 147 157 128 150 133 152 138 150 155 171 172 134 167 158 133 144 161 173 138 158 135 138 140 167 146 173 132 148 126 173 169 136 159 164 169 125 128 151 129 167 163 146 135 
135 150 134 173 140 132 174 141 141 142 158 169 125 130 167 154 125 168 161 141 128 140 168 172 161 162 136 140 151 134 148 154 169 139 148 171 171 149 146 167 127 164 126 153 158 147 166 145 152 165 153 142 141 166 137 134 158 141 127 140 
127 138 130 152 125 154 141 160 156 140 152 158 170 147 129 133 131 134 151 154 125 135 152 129 140 149 169 141 136 154 172 158 167 137 165 133 173 132 152 141 153 147 128 125 158 132 133 125 171 161 128 158 138 135 134 160 134 172 137 130 
146 163 151 174 125 160 172 160 165 131 142 151 152 134 128 159 162 135 158 167 158 156 139 135 147 168 137 128 151 128 161 151 142 173 158 161 169 145 133 147 157 164 141 168 145 140 133 153 164 153 147 125 151 145 132 147 131 142 143 144 
156 158 127 161 171 131 164 157 161 135 164 144 157 126 153 133 128 142 129 138 156 165 142 167 165 156 135 136 127 155 173 170 165 159 150 153 142 162 150 149 138 151 135 134 140 164 174 146 162 160 158 127 151 155 130 174 165 158 155 163 
149 146 151 155 125 157 151 147 154 166 166 152 139 157 148 163 144 168 169 140 160 157 130 148 144 142 125 168 158 142 140 155 141 161 130 164 159 137 167 128 128 144 142 141 149 138 157 140 159 164 171 145 161 171 172 130 136 126 170 129 
168 125 174 153 158 144 129 156 161 161 149 169 164 142 125 147 142 127 156 144 174 156 129 159 136 140 155 149 170 164 145 129 148 131 158 163 143 146 128 161 150 160 160 161 163 153 156 126 134 140 140 173 135 132 128 144 128 157 148 135 
155 152 159 137 154 156 169 171 166 140 127 168 166 127 160 166 163 160 164 171 163 140 148 174 164 154 157 166 174 131 165 151 168 137 156 130 174 125 136 138 169 135 162 135 130 129 161 169 137 168 137 158 155 155 142 159 127 142 165 157 
174 169 128 149 159 137 174 171 143 157 149 172 169 142 156 163 149 174 152 154 144 173 156 131 133 128 173 131 165 161 160 157 146 167 138 174 167 144 144 166 154 131 148 153 151 159 168 170 129 164 145 153 138 148 144 134 144 142 151 148 
138 164 146 133 151 158 134 171 146 143 140 152 172 135 169 129 142 130 142 129 154 127 133 164 145 169 169 148 126 166 154 130 149 134 157 149 127 142 174 131 159 127 164 146 125 149 172 148 147 160 174 133 138 153 137 125 163 153 166 154 
160 163 144 147 154 137 136 134 169 171 154 169 167 142 163 140 127 168 166 153 155 155 166 160 174 142 157 126 126 133 132 155 140 171 149 130 157 167 150 134 151 145 168 172 145 162 142 132 131 165 172 140 169 132 153 170 152 141 140 151 
172 150 141 139 135 148 174 152 172 170 158 156 139 149 132 134 164 135 145 128 157 127 137 132 143 127 172 172 136 152 138 162 172 158 164 168 156 134 133 125 158 137 171 132 151 168 135 141 137 149 160 145 145 147 170 164 129 130 170 171 
174 152 161 146 165 147 132 133 170 161 166 139 155 146 150 173 172 166 156 174 136 142 169 156 171 139 131 159 144 141 128 169 170 125 127 127 170 139 157 125 166 157 165 141 146 173 156 150 153 129 142 171 171 161 136 152 165 166 159 158 
173 148 133 137 128 160 163 133 139 166 151 172 131 132 134 131 171 149 155 128 136 150 143 129 130 129 132 169 171 158 143 128 155 141 130 138 158 155 150 167 162 150 168 158 144 142 145 147 154 168 143 164 135 166 164 148 144 132 136 134 
169 172 174 130 136 159 138 172 141 153 145 126 162 132 170 150 133 132 136 126 172 159 129 162 141 133 159 147 139 155 168 126 148 161 151 150 173 145 169 156 152 154 161 145 152 125 133 130 135 145 142 128 172 131 145 140 167 128 127 156 
149 133 145 172 174 126 128 156 150 169 128 153 172 144 126 137 166 164 147 133 130 137 129 174 137 172 138 145 160 168 152 169 142 155 164 135 138 152 165 125 159 131 126 131 141 150 170 146 131 141 147 172 154 161 142 134 153 125 134 147 
168 128 129 128 138 162 170 132 174 150 145 159 131 171 157 152 174 136 138 136 134 171 154 135 137 168 139 132 144 157 150 156 133 145 162 171 166 134 168 143 151 135 156 129 149 165 152 139 139 157 133 147 148 149 131 152 133 160 172 128 
156 151 155 127 169 172 149 166 127 169 148 144 144 150 154 131 163 156 155 172 163 136 128 162 140 139 133 139 137 138 137 157 127 165 136 169 157 154 130 162 131 136 174 149 143 171 144 174 135 136 170 163 157 139 138 126 158 142 150 126 
172 163 162 128 149 148 169 146 149 145 137 166 139 155 129 150 152 151 154 136 158 145 151 150 137 164 135 160 126 170 157 128 147 126 164 142 142 174 128 164 169 155 126 142 140 171 129 129 170 134 163 171 165 162 158 127 168 134 149 161 
139 173 131 144 150 174 132 144 134 155 172 169 159 166 158 132 172 170 130 154 165 173 133 153 159 148 171 153 126 140 143 144 147 166 135 174 150 157 140 173 131 133 145 136 161 149 161 167 141 161 136 159 165 155 140 152 129 170 159 159 
171 173 136 138 164 146 154 157 174 164 164 131 129 166 169 140 126 126 130 168 134 174 162 129 153 136 152 162 164 169 141 172 133 137 151 150 129 162 147 172 167 168 143 137 165 169 149 157 143 133 140 162 148 169 136 169 174 158 153 129 
152 172 132 164 155 167 143 133 161 137 168 128 141 171 155 151 142 150 138 155 161 128 141 171 137 133 125 152 158 154 138 133 166 143 141 164 162 135 165 149 171 155 155 128 173 156 157 153 129 174 146 129 145 166 150 138 172 149 137 157 
134 150 154 168 128 166 132 168 128 165 129 145 167 140 160 172 131 135 131 148 171 168 134 149 160 134 136 147 170 139 143 143 136 136 129 169 157 130 171 165 141 139 137 145 143 167 158 132 136 160 160 148 129 172 155 146 154 152 150 128 
130 145 129 133 168 140 133 165 160 166 136 156 149 160 167 158 141 138 168 140 161 172 171 154 145 172 167 151 126 133 157 141 167 172 144 168 167 125 156 174 128 163 137 171 163 127 146 155 135 134 158 162 146 139 129 125 147 168 128 127 
128 156 145 145 147 161 140 158 140 169 126 146 126 125 156 156 144 154 172 156 135 135 132 128 145 133 155 126 173 141 171 172 135 140 167 142 167 166 170 125 140 148 164 172 148 145 170 127 133 163 159 130 130 172 133 137 139 172 130 172 
167 163 149 150 173 160 144 154 152 130 174 170 151 165 165 153 131 173 169 170 141 128 144 128 170 141 134 126 149 169 164 138 168 157 148 149 149 153 163 156 151 134 160 146 140 151 145 151 162 160 130 149 139 134 136 154 150 155 137 174 
163 165 132 157 149 157 132 130 126 155 141 152 155 139 141 163 129 147 129 134 142 128 146 154 160 160 172 162 142 140 148 145 132 133 139 137 157 134 145 145 131 130 174 156 142 168 164 173 171 142 163 154 148 127 150 162 166 140 141 127 
170 168 168 157 167 170 151 142 139 167 165 140 173 131 167 125 151 144 133 134 152 150 133 157 155 135 125 125 149 171 168 143 170 126 173 129 131 138 147 131 131 153 159 143 127 163 174 150 165 156 147 154 130 141 168 146 174 130 163 148 
132 174 158 163 147 152 164 146 142 168 167 164 126 149 145 160 138 156 128 158 153 160 166 141 160 153 136 141 167 150 165 128 137 138 153 166 131 126 141 135 129 163 157 165 148 152 127 132 163 130 136 130 128 134 162 131 173 157 150 146 
137 143 167 173 144 173 142 172 141 125 129 137 130 156 145 144 173 143 141 136 160 163 129 137 143 159 174 158 141 145 144 169 159 152 155 148 138 159 145 149 130 128 159 136 133 136 129 143 125 131 148 163 139 158 164 152 148 162 141 133 
173 158 171 166 144 151 137 174 162 128 145 163 152 158 174 163 161 171 157 132 126 149 135 172 150 170 132 170 151 167 149 149 131 149 129 141 169 151 150 126 138 141 154 163 145 136 148 172 167 167 174 161 140 138 147 160 134 141 148 143 
127 140 153 130 173 140 127 136 168 156 125 137 171 131 146 140 169 156 174 165 147 159 145 166 134 170 129 174 148 167 129 135 162 172 148 149 141 132 125 146 163 157 172 153 133 149 147 146 131 147 173 127 151 167 131 139 165 132 136 163 

154 172 155 148 132 161 162 152 164 159 173 169 151 145 170 135 151 173 135 151 159 162 168 130 147 155 147 155 172 164 170 155 136 173 166 144 162 133 152 167 160 145 129 139 156 137 168 129 162 157 135 138 171 133 170 165 153 125 165 160 
128 163 144 136 162 164 161 133 135 143 149 159 166 159 147 139 172 134 156 163 166 161 125 133 126 156 162 128 166 143 140 165 169 164 133 136 138 134 155 159 166 168 140 166 153 165 163 127 130 141 150 157 174 151 143 167 152 145 156 173 
139 169 167 132 169 135 170 170 126 162 155 148 138 165 132 155 165 164 132 155 144 134 140 137 159 136 128 154 136 174 147 170 140 133 150 134 127 126 152 165 143 144 140 168 146 165 152 162 129 173 157 166 151 159 167 171 142 136 144 140 
144 140 156 125 141 147 151 152 169 150 154 142 133 140 143 132 168 131 141 173 132 171 161 138 169 145 146 163 139 173 138 159 173 141 157 156 131 171 167 162 156 165 131 133 136 128 168 173 149 157 145 165 172 173 158 140 140 174 140 173 
168 171 150 140 133 131 160 164 173 146 128 171 169 173 148 126 150 155 166 142 166 128 145 166 165 151 149 128 126 172 172 148 150 143 165 161 147 169 173 140 129 137 141 173 130 149 147 139 139 168 129 150 140 137 150 169 133 145 172 135 
131 130 144 170 148 150 132 161 160 150 127 130 145 163 127 134 173 170 131 145 144 139 165 131 129 149 132 164 149 151 132 125 144 142 140 169 153 137 126 169 150 164 143 164 132 146 172 128 144 166 158 130 162 165 145 146 157 125 167 145 
145 140 125 165 150 152 169 138 143 157 149 174 132 172 156 146 142 148 140 140 164 131 128 125 130 127 134 147 129 137 159 142 174 131 128 132 147 164 154 127 149 149 173 167 148 132 129 163 161 148 152 132 151 130 137 156 145 127 130 129 
163 130 154 162 137 134 134 130 167 130 134 142 130 135 159 141 142 173 139 149 170 136 167 128 170 165 166 144 141 163 153 141 128 170 142 153 151 141 146 145 159 130 131 172 156 161 144 146 171 127 157 148 151 150 154 140 146 150 169 137 
165 141 158 133 145 134 146 169 127 173 140 162 168 127 141 145 129 172 148 126 136 140 173 126 134 125 132 125 138 141 131 158 127 127 169 158 155 126 166 154 135 145 153 136 130 146 130 168 128 136 170 161 173 145 162 145 158 146 139 125 
144 158 144 168 132 172 160 154 161 146 134 144 169 137 169 147 174 129 150 160 162 153 171 155 132 130 168 151 155 139 165 140 149 132 128 165 160 133 127 151 138 145 142 134 156 142 155 165 158 162 173 158 148 156 139 131 155 142 166 128 
152 129 160 174 170 130 145 145 125 136 161 170 151 170 166 170 160 144 140 146 146 163 157 174 133 126 140 151 150 147 158 138 149 145 125 148 135 166 154 144 171 163 126 162 155 168 174 172 157 168 130 137 169 138 137 136 173 171 130 147 
172 164 128 152 152 167 147 162 146 164 137 134 170 158 150 157 167 170 130 166 136 163 141 154 155 138 126 161 150 138 126 128 163 156 147 170 151 172 171 158 135 152 172 144 168 133 132 157 135 137 161 141 145 168 149 152 163 159 172 125 
157 162 149 152 165 172 138 152 153 137 164 153 151 128 140 138 167 171 137 126 150 142 132 162 126 125 141 159 136 130 151 144 155 134 157 155 161 170 171 153 126 173 164 155 134 146 135 129 140 156 131 128 127 167 138 150 142 145 150 174 
127 137 136 171 169 151 143 152 151 130 126 145 125 132 174 157 127 145 140 149 167 141 159 146 156 169 166 165 148 163 144 164 154 148 130 136 137 142 153 152 143 127 150 169 158 148 155 127 135 170 134 164 162 165 152 165 148 145 155 171 
148 140 132 144 129 143 128 157 160 174 155 144 128 139 150 125 126 132 146 126 131 141 164 161 151 158 146 141 147 149 143 173 168 134 139 174 146 173 128 153 140 146 129 132 131 137 135 128 162 128 162 167 149 149 147 157 125 161 127 163 
131 160 169 166 167 148 174 154 162 171 134 128 158 147 156 164 157 144 151 126 127 161 136 131 152 138 143 168 147 129 148 149 160 150 143 164 167 135 162 151 165 148 149 130 135 171 173 162 156 162 132 165 130 158 133 135 158 152 147 146 
169 170 147 151 148 152 174 149 135 145 142 160 155 170 128 174 143 142 164 140 158 144 154 129 160 128 132 131 148 147 174 165 145 154 157 129 147 149 159 144 140 145 168 131 143 138 140 134 137 150 156 137 153 128 140 138 174 139 169 165 
169 174 134 139 155 163 128 173 166 141 171 139 145 131 161 170 130 133 137 160 160 167 158 157 170 141 145 126 129 127 139 140 166 158 167 155 153 129 142 130 169 171 135 144 164 169 165 131 143 152 154 126 170 169 131 142 147 157 135 171 
148 145 164 126 171 162 159 128 155 166 143 138 154 168 148 170 170 144 159 142 155 133 163 150 157 131 145 127 156 127 165 149 157 125 158 173 134 136 130 139 145 161 156 133 156 166 152 131 150 143 128 139 146 127 129 147 166 134 143 135 
167 145 149 157 143 154 162 129 155 173 170 139 163 167 168 144 150 163 127 168 146 136 167 172 142 138 158 165 163 172 172 129 138 127 167 151 146 162 137 158 172 164 174 136 167 170 126 166 168 153 145 150 150 129 149 149 170 126 167 169 
130 144 147 131 157 128 152 142 148 151 133 126 142 174 162 155 140 133 168 151 129 144 143 164 132 160 131 153 141 125 148 144 133 135 130 155 171 160 129 161 171 141 152 143 148 169 129 126 153 164 138 165 158 128 139 165 131 147 146 170 
142 174 168 130 154 159 163 158 167 125 156 139 166 170 132 146 146 172 172 174 141 173 144 155 168 142 152 155 171 174 154 152 150 128 150 143 163 128 141 132 164 139 168 149 134 132 167 151 156 137 155 137 137 164 154 139 137 146 131 150 
137 161 161 143 149 127 135 154 135 171 156 134 136 151 164 148 157 130 157 143 133 173 135 130 157 135 142 131 153 130 161 174 172 168 155 147 170 138 129 172 125 167 170 162 173 168 157 135 167 138 137 149 155 154 149 155 146 170 170 172 
171 147 132 126 174 126 165 153 162 166 145 136 156 127 161 145 158 158 157 173 148 172 136 171 163 150 141 156 135 172 162 150 138 146 171 173 153 146 137 141 157 174 148 139 143 168 131 167 163 142 128 174 156 150 143 165 166 134 139 129 
171 158 149 174 132 129 138 136 141 141 140 154 161 144 133 153 171 150 174 143 134 149 131 128 172 158 164 130 169 168 172 166 129 125 137 146 148 171 128 128 142 144 134 165 164 154 133 170 128 155 145 134 170 151 156 140 151 135 157 162 
173 169 128 147 154 151 172 167 166 136 146 172 133 154 145 143 138 172 167 139 127 171 139 137 143 166 139 127 131 133 158 162 140 131 168 130 165 137 163 164 160 144 136 163 164 158 143 154 169 126 160 157 143 165 157 133 160 169 156 161 
159 130 128 164 150 165 173 156 167 141 149 165 128 126 137 159 141 162 131 161 141 144 170 164 136 162 127 129 126 158 145 167 145 127 144 160 167 150 171 136 131 156 136 135 165 174 164 143 169 166 137 133 129 167 168 129 166 139 156 134 
137 156 146 160 142 160 167 129 138 170 156 166 148 163 153 153 152 165 166 161 144 156 165 139 164 141 132 174 127 134 161 138 151 157 163 169 142 171 149 135 132 161 132 163 166 140 160 140 169 145 173 164 145 135 169 170 173 143 171 140 
166 138 156 159 158 131 160 130 139 156 159 169 146 167 144 155 146 125 125 153 152 150 149 147 160 167 167 125 162 129 163 126 128 166 155 154 170 167 129 131 150 170 167 149 153 169 172 136 160 143 142 139 136 167 134 142 137 151 130 127 
166 146 158 152 162 173 155 134 135 143 155 137 147 139 147 147 138 147 132 126 147 145 147 154 135 166 143 158 158 144 173 127 152 140 145 137 140 140 141 168 165 140 170 154 147 158 158 152 142 173 131 135 171 126 168 160 140 155 143 173 
144 164 142 146 174 139 151 171 135 156 134 151 158 144 154 169 132 163 161 146 152 151 170 158 125 166 147 154 156 156 160 132 140 138 140 134 170 135 159 140 125 130 135 128 165 171 142 174 140 145 173 173 126 130 162 131 164 133 132 148 
141 143 161 169 138 141 139 132 145 151 161 146 132 143 135 146 128 157 164 133 154 163 132 154 142 163 142 162 125 171 155 171 131 166 135 141 131 142 133 163 157 141 172 152 127 145 149 149 137 147 133 157 137 152 136 160 174 146 171 132 
133 168 164 141 173 146 128 139 132 147 131 150 150 160 125 137 129 172 125 140 131 160 173 142 133 157 134 125 153 160 148 164 160 127 167 135 157 131 130 150 142 164 168 127 154 171 129 127 125 133 132 129 164 163 150 156 160 140 144 163 
133 128 136 140 157 136 160 134 146 149 173 167 154 167 155 145 150 125 126 129 140 136 173 155 170 166 140 145 159 148 149 174 130 162 142 145 126 131 155 149 166 160 147 151 147 127 162 159 134 163 174 125 174 155 140 136 129 128 130 174 
128 156 134 174 133 154 168 146 153 156 131 130 129 166 137 129 171 157 137 152 169 174 144 141 160 151 158 161 170 166 152 161 147 130 145 128 150 137 157 148 133 172 135 157 146 160 125 174 137 165 131 160 174 144 162 148 171 139 144 170 
126 174 136 133 165 136 137 132 128 157 128 173 144 162 143 143 151 145 156 138 161 125 153 172 152 162 157 128 131 165 140 171 148 139 163 156 128 133 141 134 162 160 174 150 168 144 145 168 127 150 171 148 164 143 155 143 134 139 127 132 
136 167 159 167 141 151 141 157 146 146 138 140 132 130 145 133 151 129 128 140 143 173 173 161 157 161 139 172 143 143 137 154 143 165 167 157 166 161 173 133 147 161 128 142 152 126 125 146 163 127 153 129 138 139 158 130 163 143 149 128 
133 165 158 145 155 162 144 136 153 174 161 159 125 174 165 165 151 125 142 161 156 131 173 135 146 143 156 145 165 127 174 174 139 149 139 143 155 149 169 156 172 148 148 163 153 166 132 145 126 173 159 160 160 141 152 140 134 164 130 150 
159 137 138 169 140 139 162 153 143 145 147 154 172 154 164 164 126 153 125 134 133 157 131 170 148 156 171 159 125 144 151 128 171 135 136 137 156 137 162 125 128 172 162 162 155 164 133 127 145 153 140 164 168 145 130 134 167 155 155 139 
163 134 127 148 138 135 158 160 166 147 150 127 132 133 172 168 152 162 155 169 172 150 129 134 149 144 173 168 143 145 159 128 144 139 170 138 165 173 147 154 149 154 154 143 164 164 151 149 154 169 138 174 126 158 162 135 140 145 146 155 
162 158 161 125 145 132 174 156 134 171 170 156 130 171 154 160 150 153 125 148 150 145 145 136 168 140 161 143 160 163 158 163 167 156 137 143 134 171 137 169 138 129 173 171 151 162 158 170 134 161 130 129 155 142 144 155 129 147 144 146 
125 131 171 154 167 146 154 141 145 128 133 173 164 161 151 149 155 167 125 127 140 130 136 159 144 131 148 174 127 164 141 129 156 171 163 150 128 128 138 130 166 163 144 136 152 173 139 131 141 145 134 149 161 125 168 167 168 143 126 149 
173 152 129 142 147 143 150 145 169 151 130 155 151 128 170 137 170 173 171 172 151 138 170 127 143 146 145 125 126 136 144 156 169 162 174 171 133 158 166 147 162 140 158 149 173 144 158 133 163 170 153 152 152 165 136 134 157 158 128 170 
143 134 145 160 169 162 138 167 139 133 135 134 173 135 169 152 153 140 136 165 144 161 166 129 174 145 129 169 164 134 126 164 153 129 157 149 137 129 126 173 169 168 172 143 134 145 154 143 154 135 163 130 155 134 166 170 146 168 133 132 
133 144 158 148 143 143 145 169 149 132 168 132 152 161 135 129 168 149 148 138 151 142 143 157 166 133 168 126 141 172 157 141 141 145 145 134 158 141 135 170 130 167 135 161 133 125 141 139 167 158 131 173 129 136 152 150 153 165 143 137 
153 148 134 164 130 145 149 171 161 141 131 160 150 173 146 148 144 152 154 169 153 167 147 125 172 127 130 134 156 149 168 173 169 163 148 145 172 125 141 147 134 147 148 139 172 157 129 154 132 152 173 168 126 129 174 172 162 161 152 151 
152 165 137 142 157 162 173 157 153 173 135 137 171 137 154 168 159 152 166 166 158 144 173 145 127 130 133 153 143 140 132 155 173 163 140 173 129 144 134 165 164 156 161 134 169 131 139 136 153 141 165 136 173 149 146 139 158 159 167 165 
129 146 136 138 170 161 144 136 162 167 168 150 127 160 156 130 160 149 162 154 154 147 168 137 174 152 128 174 143 157 157 144 126 125 166 168 170 141 172 160 125 160 151 137 159 127 141 138 170 166 168 143 149 164 130 148 136 145 146 135 
155 169 159 141 147 167 153 159 146 141 141 162 159 131 141 127 163 135 128 133 163 153 143 169 173 169 155 146 165 159 165 132 133 170 164 169 171 147 137 135 141 165 142 134 165 138 125 148 170 138 166 163 148 173 165 174 155 125 170 130 
131 146 159 174 125 163 136 168 130 150 172 146 126 135 142 131 162 158 130 136 149 174 147 157 171 141 146 128 156 131 133 127 126 136 148 163 174 144 150 131 153 166 146 135 173 143 132 171 125 142 150 156 143 127 137 146 138 155 163 133 
152 173 160 167 131 141 136 161 133 156 133 164 129 151 139 138 131 164 131 151 149 149 173 153 171 133 160 128 135 141 162 163 135 156 136 152 152 144 172 147 166 167 142 168 125 169 146 151 127 168 145 155 125 153 159 155 157 131 169 133 
127 164 173 131 166 154 162 155 141 140 144 128 174 136 148 152 160 164 131 146 160 144 164 174 153 162 134 154 125 129 138 139 125 149 133 143 132 159 170 158 154 133 162 157 173 156 151 164 151 148 151 174 139 129 168 145 133 168 130 137 
158 158 174 127 161 160 138 148 155 129 143 134 147 153 141 150 165 159 155 173 142 160 125 155 158 150 139 145 147 128 152 141 159 161 167 146 129 139 159 143 136 148 157 140 140 144 134 139 134 147 142 150 136 145 150 168 126 136 152 162 
128 165 135 142 141 163 146 160 158 156 129 137 140 163 139 148 151 157 159 154 152 165 159 164 139 140 132 147 156 127 152 133 145 161 161 171 174 166 148 169 155 134 154 128 143 162 163 143 168 155 168 141 131 155 133 125 162 134 139 134 
145 161 149 167 174 163 160 130 169 156 131 160 171 148 143 127 163 137 150 148 135 168 174 167 143 153 139 166 152 145 125 132 145 134 150 173 170 130 136 174 146 152 134 163 165 166 162 149 128 133 151 158 162 147 147 140 133 144 164 143 
129 139 145 159 147 141 130 150 165 170 131 161 127 125 167 148 137 160 172 164 169 168 128 151 163 166 125 162 140 159 149 143 154 131 166 152 133 152 126 131 157 126 142 130 134 149 150 161 125 131 157 127 159 154 164 150 168 149 161 144 
155 166 137 138 159 138 132 132 158 129 142 127 164 146 139 126 170 166 158 151 130 162 135 155 144 148 173 147 148 154 162 134 167 170 145 150 141 170 159 150 154 143 160 165 141 166 129 129 141 157 146 136 168 132 130 131 139 163 139 148 
163 151 126 155 130 138 166 135 128 173 131 129 170 155 163 169 172 155 130 130 148 169 160 163 138 172 155 144 170 149 161 169 132 136 129 140 127 146 147 159 143 136 170 129 169 140 153 167 134 146 136 131 157 125 155 169 135 159 127 127 
145 162 153 171 140 162 162 138 159 141 159 160 130 159 156 166 156 126 143 125 139 155 174 174 160 148 139 133 139 127 148 154 163 152 137 154 134 158 168 148 160 127 155 127 144 156 138 128 127 128 169 160 166 161 152 143 172 130 158 126 
141 126 152 130 160 125 139 164 131 127 140 146 129 125 161 139 161 169 152 149 162 141 162 132 136 134 129 172 130 150 144 169 153 163 173 142 163 151 151 135 165 141 132 133 130 137 164 163 138 146 137 150 127 129 156 156 163 174 126 153 

166 165 160 137 142 125 128 140 165 163 157 155 145 129 171 140 172 167 149 135 153 160 140 171 143 163 133 137 163 145 141 163 140 173 147 128 160 153 149 137 145 141 148 155 160 173 136 126 148 162 136 136 169 144 134 143 170 158 143 152 
125 144 173 138 130 165 168 145 145 146 168 144 140 151 153 144 134 167 146 168 130 140 143 155 141 127 140 132 141 146 168 140 159 167 150 153 125 131 139 164 140 145 173 140 138 143 143 148 125 143 134 171 145 134 126 146 150 133 134 141 
149 133 173 137 158 156 162 128 126 126 134 155 170 163 171 154 172 133 133 129 129 155 153 162 156 162 162 143 165 131 137 151 149 134 150 169 163 136 144 138 135 133 170 160 148 132 158 164 159 133 128 173 174 128 142 167 132 174 158 163 
161 138 127 130 153 161 134 152 149 132 162 164 141 131 125 173 162 128 131 145 139 151 166 146 164 147 168 135 135 141 125 144 128 131 160 133 138 154 161 149 140 169 142 126 148 141 155 137 128 161 161 165 165 139 173 142 134 130 151 151 
149 130 169 141 168 146 161 138 144 168 137 136 138 139 135 133 168 144 165 172 155 168 161 139 125 159 134 132 149 126 155 141 132 157 151 127 134 168 156 137 125 169 127 171 163 138 157 136 160 134 134 139 151 132 129 136 172 152 137 157 
155 161 162 141 146 148 154 147 159 165 130 158 152 160 144 160 161 154 145 138 170 128 172 155 164 141 142 137 164 148 149 139 161 172 135 172 148 155 153 166 126 144 143 170 141 133 172 126 156 163 159 152 143 167 165 139 140 125 135 137 
143 170 136 135 145 143 141 158 127 130 160 160 144 142 157 145 163 144 156 167 132 129 142 134 154 172 132 133 168 139 160 133 148 146 147 156 152 134 128 156 165 126 141 170 143 130 129 138 135 153 157 131 135 148 161 132 168 162 141 138 
165 157 155 125 145 130 133 168 171 160 162 127 172 144 165 154 161 156 166 142 144 166 132 172 144 152 141 139 172 159 164 170 171 132 133 132 131 174 129 128 169 131 142 163 150 161 162 169 157 166 171 148 129 138 126 143 166 149 125 161 
148 147 136 168 171 134 139 148 154 136 128 149 169 146 135 138 125 130 158 136 153 164 131 138 157 160 169 134 163 147 171 152 135 157 141 126 132 162 160 148 151 125 137 144 167 154 154 128 172 131 174 165 140 132 144 148 155 167 139 138 
162 129 163 137 164 155 127 145 145 153 153 173 134 143 137 144 138 156 164 159 143 135 167 153 134 128 163 174 172 138 168 153 157 155 146 131 144 136 168 161 164 171 150 133 174 152 136 130 167 173 131 154 166 148 154 157 162 151 127 138 
159 156 144 154 150 129 139 171 155 152 169 145 126 126 161 147 139 157 163 150 134 133 167 134 153 140 164 128 161 168 138 168 144 153 159 125 155 161 132 174 136 165 134 145 138 166 129 156 164 134 133 167 158 139 154 172 149 143 172 137 
136 127 152 169 165 165 162 140 142 148 161 140 162 152 172 154 164 146 155 168 155 142 152 155 169 166 173 160 157 158 171 153 154 142 146 150 127 172 139 125 131 174 142 125 152 156 164 170 157 133 130 154 153 165 165 154 163 156 154 137 
132 154 160 129 172 157 148 130 159 149 129 151 149 157 165 153 140 154 155 138 129 134 158 160 162 133 137 126 149 164 156 134 136 137 159 165 150 167 132 170 159 142 152 166 139 171 129 156 149 164 154 151 168 139 126 164 165 153 133 142 
172 153 173 151 130 149 148 167 169 149 147 157 163 171 150 142 127 166 165 128 159 126 140 142 168 159 166 145 133 138 174 155 136 152 143 172 155 169 167 126 150 166 146 137 154 170 146 148 161 156 171 128 142 174 160 135 170 166 148 139 
160 172 174 152 133 159 163 145 144 147 160 154 125 156 148 174 138 168 171 129 131 171 136 141 155 165 160 127 173 148 159 131 135 147 130 140 157 161 142 164 163 134 151 162 163 125 137 171 164 126 133 158 171 142 165 135 167 166 168 154 
126 130 160 141 140 145 127 126 131 172 138 131 130 135 154 152 165 140 164 139 139 127 157 145 170 150 164 131 148 173 149 149 135 171 164 171 169 168 150 164 149 130 160 134 160 142 144 153 148 153 165 138 137 130 126 140 136 147 164 137 
143 165 161 173 171 136 151 143 163 135 152 135 126 165 129 130 150 150 125 152 152 143 155 126 159 173 144 156 153 140 167 174 131 127 128 163 135 171 164 134 133 155 160 164 173 137 159 136 174 152 170 170 129 148 153 128 159 171 141 134 
156 170 169 156 172 141 169 167 137 137 161 135 137 151 126 172 163 173 152 164 135 141 126 145 163 158 150 132 160 157 168 148 130 139 163 154 133 168 153 167 169 159 168 127 142 170 146 159 150 160 162 130 158 141 146 159 157 141 163 135 
138 132 135 152 154 145 158 166 157 173 148 127 152 165 129 171 134 170 127 173 173 174 129 142 141 174 138 141 127 151 167 154 133 133 157 158 141 125 146 167 164 130 170 127 149 149 169 152 167 142 172 144 155 135 172 148 143 138 168 168 
157 161 126 157 134 150 139 147 137 170 160 133 138 145 173 173 141 169 159 164 145 160 171 142 126 139 165 131 155 166 170 155 127 125 127 148 140 146 125 152 146 148 142 158 150 151 143 165 125 144 149 172 167 142 135 173 172 165 140 170 
169 146 173 160 150 141 172 129 145 127 173 157 158 144 155 167 155 134 160 158 134 153 134 172 135 135 140 174 143 153 150 148 127 130 166 158 168 145 138 158 144 137 129 143 139 162 129 162 144 128 127 151 173 137 129 169 170 145 140 161 
139 129 154 164 156 164 142 133 146 136 166 158 140 129 164 161 129 153 130 137 146 156 136 126 130 128 153 136 143 152 144 156 143 157 161 160 130 167 165 132 142 139 130 135 130 126 163 164 153 174 130 160 170 163 146 152 174 164 125 160 
142 127 174 150 155 163 125 132 152 157 128 133 170 133 141 148 170 154 146 144 136 150 155 128 126 153 164 135 125 168 160 174 152 152 171 167 169 129 140 135 167 145 128 153 146 139 149 173 139 144 139 132 142 129 166 163 154 132 131 163 
160 153 148 160 127 155 154 127 146 145 171 149 154 140 138 167 167 152 136 167 157 159 136 141 125 138 150 168 169 126 137 128 154 143 150 168 144 137 143 134 174 167 127 155 155 154 174 153 155 151 139 163 147 167 156 172 153 162 144 142 
172 153 164 129 140 131 156 165 133 163 135 168 130 143 160 149 139 133 157 172 165 136 137 170 135 135 156 141 148 151 150 172 140 142 166 160 171 131 126 141 133 145 141 133 134 156 156 161 146 149 154 148 138 150 139 160 146 136 127 127 
155 160 174 128 147 148 146 165 148 149 141 147 172 168 140 165 164 135 136 171 143 142 128 142 135 132 142 172 162 131 128 132 136 154 141 167 159 167 125 150 162 126 143 151 143 164 135 133 131 130 138 162 145 142 132 136 173 147 164 127 
141 159 150 166 158 132 138 138 164 128 132 154 173 171 139 155 165 133 132 157 131 167 148 148 127 157 149 157 149 164 128 132 134 144 174 151 146 126 147 154 161 147 137 125 127 128 143 126 125 138 141 140 147 150 152 131 172 140 168 154 
140 152 144 161 168 144 153 140 167 158 128 143 164 154 126 159 138 163 161 153 162 161 168 137 146 151 154 131 173 144 151 164 143 126 165 159 166 145 148 162 125 161 153 142 127 171 133 146 137 172 145 158 169 172 140 134 163 126 134 163 
145 174 157 135 157 166 148 136 151 169 135 134 128 140 168 152 150 130 173 126 145 129 133 148 159 145 160 133 148 160 146 150 162 156 127 125 166 169 172 134 134 160 129 144 133 146 138 147 167 155 138 136 173 147 145 157 151 133 167 166 
159 145 158 152 150 150 159 172 161 154 127 163 151 140 170 154 145 127 146 151 133 139 156 160 169 165 173 172 165 174 159 172 129 167 143 129 126 145 155 132 126 165 156 132 144 167 164 144 169 131 172 163 151 134 172 174 126 136 170 130 
174 155 165 152 143 152 154 152 125 151 155 152 174 153 145 135 162 173 142 156 146 156 135 155 164 132 132 133 140 158 135 143 152 154 129 155 145 130 168 132 143 131 148 173 146 167 170 154 126 152 171 148 163 125 125 159 152 157 166 132 
157 131 147 140 166 153 171 166 168 172 172 167 143 154 140 138 170 158 138 168 128 151 140 170 160 151 146 171 138 133 165 152 126 169 131 161 133 163 147 159 173 156 148 143 150 168 131 143 174 145 139 134 133 139 130 150 141 170 150 157 
146 153 174 152 127 149 153 146 133 133 143 161 125 145 147 140 135 135 127 160 164 136 135 160 150 125 137 170 162 152 139 160 173 156 154 137 131 145 161 133 163 166 156 146 133 150 130 149 148 158 128 137 153 136 160 144 140 140 137 155 
141 147 145 136 136 130 166 153 131 158 172 138 170 158 146 146 130 125 146 171 153 163 127 167 134 130 164 143 153 126 139 128 151 144 173 162 156 145 173 155 166 139 154 157 161 168 163 144 135 136 155 171 151 132 168 151 129 143 159 125 
132 163 132 164 170 149 127 166 152 169 173 129 149 167 142 160 141 134 133 127 139 160 157 132 162 167 127 148 152 136 134 129 170 130 158 143 161 167 137 146 169 167 157 164 160 136 166 149 155 140 141 132 174 166 139 149 135 129 170 174 
166 149 136 148 173 171 143 169 169 152 138 130 172 142 173 158 165 168 131 127 137 128 170 164 148 174 145 126 173 146 149 160 140 164 132 136 150 161 138 147 174 151 135 170 125 172 132 134 167 174 128 138 152 168 132 144 130 145 160 146 
174 172 165 144 168 156 156 167 137 149 142 143 159 141 137 143 135 169 144 170 152 157 131 170 165 142 161 170 154 128 133 171 140 126 130 169 135 173 129 155 136 168 136 145 136 147 165 165 127 166 135 138 127 159 135 174 168 162 140 141 
157 138 141 147 147 128 127 169 171 139 132 146 142 151 169 143 150 146 160 139 131 162 164 157 132 156 132 140 132 167 167 136 144 146 148 150 153 147 136 165 147 150 136 138 153 127 145 135 135 174 149 172 172 127 135 163 166 137 154 164 
135 160 151 128 127 164 172 162 128 147 145 167 127 142 133 149 171 147 130 136 156 147 133 139 149 138 145 125 159 129 141 145 139 138 149 156 136 126 160 164 170 149 165 158 169 132 171 162 143 150 133 147 160 166 133 138 139 141 158 165 
168 162 156 125 169 156 156 174 129 132 156 138 138 148 164 156 152 133 143 142 158 164 166 155 153 147 135 169 173 165 131 159 165 147 153 128 135 131 173 133 172 125 155 155 173 144 153 137 144 156 169 161 139 150 148 166 164 165 173 160 
137 150 149 164 149 163 166 125 161 130 161 132 167 165 172 139 171 165 126 141 168 126 166 160 173 158 152 149 144 137 130 161 140 139 142 126 158 140 142 148 174 148 126 146 173 152 150 171 141 161 169 161 128 146 150 139 128 157 125 138 
141 131 165 169 171 166 136 153 165 166 136 167 128 160 142 162 127 147 169 159 150 166 141 131 127 131 128 170 163 127 148 143 127 147 148 143 142 152 133 160 168 125 142 162 134 153 141 150 152 144 164 132 150 138 166 142 155 147 127 142 
169 141 172 136 138 174 168 139 166 174 127 173 163 166 169 172 167 152 174 126 153 164 163 167 146 174 154 159 167 147 127 162 159 169 155 154 128 168 172 135 163 163 147 132 129 136 130 145 138 140 143 139 150 158 143 169 129 174 126 147 
140 127 128 132 170 125 127 153 147 166 159 155 147 158 146 128 159 126 171 162 147 170 163 137 130 153 129 151 125 157 163 171 154 155 128 140 152 172 161 133 138 145 142 161 130 162 142 162 159 150 159 131 150 143 143 168 146 171 150 172 
133 133 141 173 142 148 158 151 142 156 153 144 141 136 140 137 165 150 150 126 149 157 129 142 140 162 125 134 150 140 151 140 169 151 125 156 148 142 153 149 134 168 133 132 152 163 138 137 159 165 142 166 135 154 144 162 132 163 152 169 
130 144 171 155 134 163 139 171 170 144 162 163 166 157 153 146 151 126 145 174 126 126 128 159 160 148 134 153 156 162 132 162 134 125 168 164 167 169 159 157 142 168 163 125 135 169 156 149 146 166 133 146 127 161 160 159 145 141 143 150 
137 134 152 146 153 153 131 140 138 137 151 165 172 132 140 163 171 165 149 128 135 148 154 166 153 165 172 135 136 125 141 132 154 172 168 126 153 136 130 160 158 155 143 155 149 141 126 144 154 131 173 162 128 153 146 148 148 153 155 147 
127 148 169 153 151 163 137 163 138 162 126 159 155 172 131 126 145 145 150 151 162 151 155 138 138 140 128 146 159 159 164 129 162 146 172 145 161 136 150 134 169 155 134 157 153 165 165 157 165 139 144 173 154 135 151 171 148 143 159 169 
170 135 145 138 130 170 129 157 125 161 151 140 154 143 168 146 151 160 167 129 165 137 158 158 158 145 138 129 172 174 125 151 161 156 139 172 142 172 148 125 165 170 155 172 152 170 165 167 163 144 150 146 170 148 139 172 165 143 132 135 
135 151 140 173 162 169 131 139 163 162 146 128 156 125 170 152 166 151 155 154 134 139 152 130 174 126 157 163 169 141 144 132 168 157 133 145 130 163 157 158 167 126 160 139 164 130 140 134 152 133 170 125 138 174 127 142 168 134 171 132 
161 154 157 136 164 149 132 156 141 147 127 140 168 128 159 155 152 165 164 126 167 134 139 150 144 167 157 129 172 168 143 142 169 141 131 144 149 128 143 161 152 139 142 167 170 167 167 165 143 148 163 149 146 174 152 134 159 134 156 132 
169 173 145 166 136 147 169 154 158 136 130 173 141 148 157 171 142 161 132 143 156 141 163 154 158 145 150 150 127 163 155 138 174 155 162 173 139 137 143 125 163 151 141 142 156 126 159 171 147 140 142 125 172 143 150 147 159 150 134 165 
154 139 158 127 134 142 158 174 152 167 139 126 128 171 161 167 158 134 154 145 140 134 145 172 135 158 155 130 170 153 158 140 153 148 173 157 144 131 159 152 159 129 140 174 139 150 167 169 146 161 127 163 167 127 143 126 138 136 139 151 
149 155 166 140 138 159 137 147 151 151 138 141 128 128 145 125 169 173 155 160 156 168 135 147 158 174 125 173 172 136 163 145 141 158 148 125 166 172 156 170 126 154 156 150 141 149 151 133 169 165 141 141 164 134 147 143 169 153 134 171 
169 156 148 137 129 172 134 152 152 131 133 132 126 160 159 150 153 145 167 161 127 173 157 162 127 130 156 157 159 162 144 132 135 145 142 165 144 171 126 164 170 170 131 148 155 137 130 129 153 138 145 164 173 143 171 160 126 137 144 129 
127 160 134 132 137 170 154 149 149 163 137 134 160 156 168 138 137 174 131 129 143 132 143 141 125 158 133 155 136 125 142 131 170 172 172 141 156 148 163 166 141 125 167 156 134 146 135 169 136 161 163 158 135 167 154 148 153 163 148 155 
162 169 141 160 157 132 139 163 174 170 156 146 148 133 147 164 168 140 141 132 146 132 160 136 145 127 137 139 145 146 156 144 137 170 164 148 159 152 132 136 137 135 144 172 156 127 132 158 173 150 145 131 130 133 164 166 127 131 155 128 
126 132 173 144 167 161 162 149 126 160 162 141 168 173 134 136 133 148 147 141 165 158 136 143 170 151 160 172 138 133 141 173 135 125 168 144 134 154 142 143 172 141 150 145 152 135 147 156 171 140 159 151 168 131 147 144 135 131 158 143 
169 151 169 152 127 125 165 143 164 126 137 127 171 146 134 127 130 135 165 150 146 127 171 132 130 127 163 126 149 135 158 125 169 154 165 129 164 154 131 166 161 145 158 130 167 132 137 172 170 135 162 166 166 149 165 155 160 129 143 135 
160 148 139 164 127 168 154 168 158 154 150 159 125 150 144 170 169 152 172 168 138 153 133 169 132 174 163 151 159 162 126 127 133 162 147 160 153 153 129 148 171 158 160 137 174 170 172 133 173 156 142 150 156 167 159 174 140 169 172 132 

