6
60

71 86 59 85 64 88 
50 90 75 52 63 92 
77 56 79 58 72 60 
61 55 67 90 57 86 
96 78 81 95 88 80 
63 82 51 97 72 64 
75 96 94 91 73 82 
78 75 77 71 68 54 
89 87 93 87 78 89 
70 92 86 95 86 76 
86 54 95 87 87 74 
66 81 57 88 97 53 
62 54 63 87 89 61 
94 75 79 75 98 67 
66 55 78 55 79 82 
91 70 81 66 88 55 
60 84 99 60 76 70 
74 83 66 72 68 69 
81 55 99 99 93 57 
77 90 87 82 80 85 
82 82 68 72 80 98 
58 83 68 85 62 69 
65 83 58 54 85 75 
82 86 78 53 74 66 
96 50 77 64 95 85 
84 65 99 82 71 62 
93 75 93 50 83 83 
64 62 69 62 96 99 
88 65 92 97 60 71 
53 72 51 63 99 75 
62 96 58 84 63 66 
73 64 76 82 61 52 
55 76 83 52 84 54 
54 81 68 51 69 56 
93 73 84 71 50 72 
51 75 69 85 77 67 
93 93 96 93 53 90 
68 78 80 89 80 73 
99 78 96 98 57 90 
68 60 68 60 70 88 
83 93 93 67 71 85 
98 96 90 60 79 57 
74 93 94 95 59 64 
60 97 97 88 87 86 
63 60 91 61 93 97 
70 88 56 77 89 99 
90 98 74 69 68 58 
63 83 96 97 72 91 
52 81 86 73 87 68 
71 55 73 77 70 62 
94 64 56 62 76 65 
92 82 74 61 75 77 
92 80 89 61 81 53 
77 89 56 71 81 83 
63 56 75 57 79 71 
61 56 80 97 58 93 
75 62 57 75 99 90 
66 63 86 51 58 61 
58 70 60 70 98 84 
63 86 58 56 88 77 

127 146 152 154 134 135 138 156 138 173 156 165 169 169 163 153 168 142 146 171 126 126 140 147 158 174 125 129 172 141 149 164 136 138 165 127 125 145 152 140 138 147 148 149 157 141 128 151 169 139 165 134 127 147 168 155 152 136 154 164 
158 140 174 147 133 155 164 156 158 139 172 163 131 159 153 139 149 170 145 152 155 128 143 168 170 155 166 143 149 173 127 174 162 163 163 129 138 153 161 145 148 158 126 160 139 163 166 157 152 144 148 159 169 147 170 129 164 145 131 151 
173 130 131 160 168 125 153 140 141 147 167 169 170 161 152 140 130 157 168 160 170 146 129 152 139 150 163 163 172 165 154 154 151 153 153 148 144 156 163 134 147 167 133 148 163 147 150 150 147 151 149 170 130 154 143 125 157 169 132 142 
131 147 136 168 136 130 137 144 160 133 168 128 167 165 172 145 125 172 138 161 153 156 161 157 156 163 144 136 140 132 125 166 167 171 165 143 160 126 157 146 158 133 152 129 132 131 131 162 154 132 126 134 148 173 160 145 151 126 130 162 
157 161 132 144 161 169 131 142 170 152 146 149 166 166 139 149 155 125 153 169 144 141 173 134 152 152 153 128 126 152 154 131 140 171 138 144 154 154 156 138 169 128 129 147 168 169 141 173 148 174 170 143 148 132 140 150 129 125 141 141 
161 126 135 167 128 127 153 139 131 151 167 152 127 148 168 164 163 150 161 138 154 137 174 142 140 169 155 126 137 145 160 126 151 168 165 172 168 151 148 147 135 142 148 157 167 144 129 172 151 160 167 152 163 156 169 154 166 161 140 161 
127 174 165 137 147 126 155 163 150 153 149 147 125 139 160 144 164 163 162 157 161 172 161 167 148 146 129 128 154 154 174 156 157 138 167 147 171 164 135 170 130 137 132 152 171 169 127 128 137 169 131 144 131 131 151 132 169 156 126 131 
133 135 173 166 143 153 173 126 138 174 168 134 167 151 155 153 135 131 165 162 128 164 173 161 126 166 147 162 162 126 144 144 145 143 138 128 127 125 159 137 164 125 158 151 135 127 157 136 163 133 154 164 140 128 132 156 166 155 142 139 
126 135 148 161 146 153 149 156 163 149 155 144 174 139 158 129 164 149 155 159 171 154 143 162 174 128 150 151 171 166 170 134 161 125 143 139 162 131 152 153 142 145 137 166 172 145 147 155 149 139 151 136 170 127 169 174 142 144 149 170 
131 130 164 131 140 155 130 174 135 161 126 128 148 151 164 149 161 144 162 160 154 168 153 167 158 142 128 169 136 158 127 133 148 173 169 172 141 136 162 136 157 165 156 172 132 143 152 149 159 165 150 130 125 165 158 127 150 161 168 153 
153 158 168 161 162 174 134 132 160 166 137 155 128 138 155 170 141 156 126 167 143 148 174 127 166 158 140 166 171 161 150 149 167 172 150 169 152 156 158 140 173 137 154 158 134 131 142 167 135 161 151 143 157 167 167 163 174 150 131 146 
137 169 161 161 142 155 126 166 170 145 161 158 128 126 133 167 162 145 172 127 154 131 131 157 143 154 129 127 153 141 126 133 169 137 162 173 151 171 166 151 164 170 136 142 161 149 133 151 141 165 154 133 169 159 144 148 130 141 151 149 
174 142 147 135 160 127 156 132 135 150 125 166 138 158 132 140 137 155 151 136 147 148 161 166 163 152 137 156 161 143 127 173 143 132 129 174 135 172 154 170 149 157 138 144 158 137 138 131 135 135 171 146 154 157 161 168 156 137 155 137 
131 128 131 152 127 138 128 141 141 139 139 173 150 148 155 125 155 146 127 156 138 148 150 152 164 168 135 133 139 130 163 163 151 153 125 145 163 169 160 164 152 136 147 130 133 163 147 164 128 157 150 135 173 128 157 146 134 149 128 138 
153 164 137 137 159 168 128 137 160 165 138 135 174 141 168 152 149 150 163 172 133 144 148 156 149 156 162 144 147 137 135 159 136 160 129 155 136 171 147 174 140 174 167 133 160 172 153 137 152 145 143 141 129 167 125 158 165 128 144 167 
174 134 161 160 144 162 151 170 153 168 162 129 161 153 159 125 171 167 140 134 129 157 164 160 135 163 137 140 143 163 160 149 133 155 155 132 174 154 159 150 134 138 152 164 156 140 129 138 173 159 170 130 166 159 161 166 158 152 165 146 
157 164 126 158 174 167 129 145 171 143 141 133 130 164 157 138 159 155 150 135 158 147 163 167 146 159 150 171 158 156 163 148 146 132 148 166 161 161 170 137 140 152 154 138 141 148 162 162 152 156 158 156 137 168 131 164 169 135 168 143 
145 173 148 172 170 174 126 174 144 130 148 165 171 130 127 142 158 168 172 163 160 138 167 169 136 128 167 165 134 144 128 171 171 166 129 139 154 166 141 174 167 145 138 142 146 159 156 150 126 150 168 165 171 134 143 140 173 141 139 174 
134 136 166 142 147 156 168 164 133 145 130 147 149 141 125 174 125 131 161 144 147 167 168 140 161 156 127 163 125 172 137 134 131 130 138 140 162 145 158 133 135 129 129 127 172 142 156 169 168 151 167 138 173 127 152 149 165 170 169 166 
170 161 138 132 140 134 173 160 134 162 150 137 168 158 132 136 170 129 130 167 149 136 138 163 146 173 158 143 135 155 152 170 133 156 125 172 162 164 157 174 146 153 131 145 151 144 168 162 145 154 163 171 154 135 163 135 145 133 127 152 
167 143 135 130 127 129 136 143 170 154 125 173 137 160 148 128 140 138 171 140 138 134 174 161 141 173 155 164 128 140 126 155 169 148 169 125 156 135 153 173 138 135 144 134 158 129 163 141 170 146 133 132 138 140 125 157 159 146 151 162 
171 135 142 137 154 160 169 164 138 144 158 144 137 166 143 172 174 133 146 138 131 148 135 174 161 152 135 160 150 154 134 159 157 143 169 165 173 139 166 136 170 170 150 153 125 151 162 171 147 139 135 146 142 165 154 155 149 135 129 172 
157 141 159 148 159 171 127 137 161 172 158 162 170 171 136 127 158 154 132 155 149 171 126 137 134 139 174 147 146 163 173 147 131 125 141 131 166 161 146 134 148 134 137 131 128 160 146 173 162 127 133 127 173 138 145 153 159 165 127 150 
142 126 129 134 144 147 167 172 148 173 163 149 171 163 133 130 151 147 134 167 169 149 166 150 136 136 164 127 160 132 133 166 129 171 170 173 134 140 150 146 166 169 129 138 144 173 127 129 132 145 142 165 162 159 152 144 173 144 125 135 
143 137 156 147 126 172 162 147 136 144 149 167 168 164 146 170 144 144 140 147 136 149 163 168 148 141 130 174 139 145 142 131 135 162 126 171 148 128 164 155 160 162 144 157 164 168 129 142 173 171 166 174 154 162 165 138 163 135 164 145 
152 125 165 156 147 157 144 151 133 134 173 147 130 158 125 135 170 162 167 136 153 172 173 168 133 156 139 133 125 127 174 148 173 158 158 152 129 153 145 147 164 150 172 145 133 161 173 172 151 169 144 170 137 162 132 144 169 136 127 149 
152 130 155 173 163 172 153 174 144 141 133 140 155 158 137 126 166 136 137 167 157 138 128 159 162 165 131 173 129 174 158 165 136 139 144 133 155 160 143 138 161 172 160 158 125 150 170 149 174 138 159 131 145 159 127 146 131 154 164 165 
151 145 140 169 149 157 157 147 150 160 157 140 167 134 126 146 149 156 169 165 159 155 140 168 157 174 172 154 159 168 160 142 138 134 125 170 150 171 165 125 142 159 131 149 135 149 133 135 167 142 134 145 169 172 138 158 152 141 136 166 
159 145 149 154 146 143 157 170 126 154 162 132 138 130 138 174 137 158 140 144 133 130 155 169 137 137 144 131 125 135 174 170 161 129 152 173 138 165 148 148 141 164 125 172 160 166 138 138 162 162 157 125 154 127 138 171 149 165 140 171 
144 125 145 135 165 158 163 150 160 163 147 146 170 160 149 154 132 173 142 158 171 138 128 151 165 127 129 133 159 164 134 159 166 136 126 126 161 163 149 140 132 140 145 140 133 126 130 143 168 136 154 132 138 145 150 137 161 163 134 168 
146 155 161 157 163 131 168 153 163 145 153 130 149 135 146 171 131 166 168 145 165 152 134 159 172 144 148 151 146 127 165 172 132 163 173 128 134 174 172 127 168 164 127 163 156 169 151 142 140 168 125 155 128 140 130 135 159 144 149 154 
146 159 153 127 143 130 134 168 139 159 161 160 148 143 164 149 151 153 165 148 142 172 154 127 172 166 133 126 142 142 169 155 137 130 172 131 132 130 168 145 173 165 149 174 152 141 136 165 172 170 169 126 170 170 125 163 167 152 169 150 
135 130 126 146 173 135 142 137 155 133 159 135 141 139 137 143 130 135 129 173 138 168 137 125 167 139 164 160 160 174 169 157 146 171 145 165 144 157 153 153 125 155 131 126 171 152 162 138 173 156 128 136 139 156 140 146 148 141 171 144 
138 164 170 158 126 168 150 136 157 152 144 130 167 126 126 133 174 133 168 164 137 141 174 128 148 144 134 138 130 144 170 151 163 127 142 143 154 131 174 161 148 173 165 126 134 168 149 171 163 153 135 149 161 148 129 165 140 154 162 131 
128 140 132 174 134 167 131 164 152 158 158 149 138 173 170 139 144 126 128 160 132 141 129 161 168 137 135 167 157 151 173 151 151 129 161 166 164 145 172 126 137 134 151 136 130 154 170 155 160 157 166 142 135 147 173 158 144 170 162 141 
149 165 164 145 138 159 128 133 129 151 135 136 169 129 135 136 168 148 125 173 174 148 139 139 126 160 125 167 138 134 169 130 161 154 143 156 160 169 132 151 137 149 148 154 135 143 168 152 133 163 149 166 150 170 169 167 150 161 138 163 
131 168 139 128 151 127 160 132 130 127 125 165 129 171 150 145 127 169 171 149 172 141 137 131 154 127 166 150 146 172 143 156 149 139 153 158 164 147 149 126 167 127 140 144 158 145 130 152 165 172 166 145 142 164 170 168 142 162 172 136 
166 169 125 161 154 174 173 161 165 164 126 165 142 131 162 143 133 134 140 161 142 127 166 174 172 135 145 151 141 152 136 171 147 132 166 162 165 130 147 150 169 143 152 170 144 168 141 157 162 148 127 158 131 150 157 141 168 139 143 132 
172 130 137 149 126 126 144 159 152 144 153 130 167 159 156 148 128 163 150 169 125 136 139 145 148 157 167 129 158 142 156 149 167 163 132 140 129 152 146 154 152 173 161 136 172 150 131 164 129 167 145 170 174 172 138 130 145 174 154 140 
143 174 171 166 132 174 135 133 145 126 161 137 157 144 168 170 157 141 125 152 159 128 171 160 135 159 156 146 133 156 149 147 149 138 153 125 130 148 165 148 162 160 148 173 146 160 134 125 131 131 172 150 173 157 147 146 141 171 138 147 
173 148 148 126 172 153 154 174 149 126 161 140 156 174 161 162 163 137 173 151 128 174 160 156 152 169 162 152 135 136 160 143 147 125 151 174 147 146 126 167 157 165 151 145 167 158 133 156 155 160 127 139 154 142 164 133 174 145 165 132 
154 129 144 157 150 161 166 133 141 152 165 134 126 135 167 168 138 132 146 154 171 169 166 136 135 130 156 148 151 147 154 160 130 167 164 149 137 147 128 133 166 129 144 135 149 174 169 136 170 161 162 143 142 139 166 152 163 135 138 134 
131 126 160 146 131 149 168 165 134 146 157 127 126 168 148 147 141 131 174 150 131 164 127 174 136 138 129 125 127 144 155 146 158 149 170 136 140 142 172 134 167 159 149 130 159 158 153 129 162 152 137 128 126 145 148 155 152 170 174 172 
158 169 168 155 172 146 139 173 165 163 127 174 174 168 165 168 167 136 129 174 170 155 128 146 174 133 149 132 138 173 147 154 171 131 154 126 151 167 126 131 146 143 164 131 158 158 141 156 155 136 173 133 137 130 125 148 131 172 128 166 
139 152 168 153 131 159 155 156 146 153 143 145 152 136 171 131 128 152 140 134 167 159 150 146 167 131 138 143 130 169 169 127 144 150 127 150 133 141 125 137 169 131 131 131 138 144 150 149 163 140 150 126 173 148 151 126 137 163 158 144 
132 150 162 150 133 139 168 158 150 164 158 145 160 160 161 166 146 156 152 170 139 148 129 161 168 138 168 141 142 140 147 153 125 145 125 132 157 144 157 134 145 154 137 173 155 146 172 167 161 134 151 160 154 134 127 145 131 146 151 143 
164 167 156 135 149 127 140 138 152 167 129 146 136 164 158 157 127 169 125 132 173 166 129 136 140 137 169 151 164 128 170 152 154 146 162 166 152 162 146 169 144 128 127 164 155 153 133 149 125 143 154 152 144 151 150 163 153 166 152 168 
171 147 146 147 151 150 125 164 144 138 132 137 174 154 158 166 135 127 166 153 149 135 154 134 172 162 170 162 133 144 136 150 131 136 145 150 142 158 132 174 160 153 174 152 144 154 125 164 154 145 168 126 143 150 135 125 164 140 156 159 
137 154 162 159 144 130 130 126 132 171 152 144 134 145 173 172 135 136 127 131 171 125 171 145 147 139 174 127 166 150 167 147 138 158 142 158 151 152 157 141 146 158 157 128 168 131 166 163 139 127 171 145 171 127 128 146 151 173 170 165 
142 167 128 155 171 147 134 169 143 163 158 140 143 169 148 127 150 154 168 143 155 139 134 168 140 165 164 145 164 154 139 141 158 146 157 127 164 147 169 165 174 150 135 172 147 171 143 143 146 173 168 132 143 170 151 146 130 151 157 170 
138 169 125 146 147 132 129 167 171 152 147 128 127 129 168 167 150 141 169 167 157 142 136 151 164 149 163 168 155 163 144 139 133 172 161 136 163 163 147 168 151 131 172 135 171 148 163 154 167 143 134 156 158 163 135 151 149 149 144 147 
167 156 133 170 131 139 140 162 158 135 146 126 137 133 168 164 167 130 163 156 147 148 159 163 143 163 143 168 159 148 164 159 161 138 147 146 136 165 145 136 141 132 158 153 161 132 165 170 147 153 131 163 132 174 163 161 131 144 154 127 
140 148 131 132 126 125 138 148 132 164 163 132 142 134 171 133 134 166 134 143 172 133 149 138 162 159 153 173 168 135 150 162 164 144 156 150 136 131 157 132 152 168 132 174 131 173 174 141 139 157 158 132 159 129 170 171 172 163 131 141 
125 133 127 159 137 130 132 162 159 165 153 159 173 144 149 169 130 125 133 141 157 137 127 171 128 163 126 129 147 158 140 130 169 129 162 144 133 170 138 140 162 154 126 158 145 138 148 172 154 148 156 173 171 130 161 128 145 165 147 161 
173 134 136 152 135 133 168 148 157 173 129 140 139 169 141 146 154 154 167 148 152 171 156 148 171 140 156 142 133 127 142 144 172 166 161 172 168 156 135 129 169 174 147 170 137 166 126 167 151 136 134 170 136 139 140 159 138 135 132 126 
142 174 174 137 132 149 147 134 149 144 152 129 142 160 172 150 148 137 150 143 156 167 165 150 157 161 128 143 166 144 145 127 173 156 155 152 161 159 151 157 125 152 167 129 135 167 166 133 146 131 160 146 153 165 144 131 131 160 142 153 
169 155 129 148 152 163 125 133 158 131 173 141 133 166 128 150 131 136 174 146 143 148 167 166 134 168 169 150 127 127 129 160 136 159 127 163 143 146 129 137 149 164 138 152 171 144 133 126 163 133 137 172 141 138 155 132 128 144 129 135 
135 126 156 174 146 145 133 169 166 126 160 137 139 158 134 165 173 162 125 151 144 142 167 125 132 125 154 138 125 172 172 147 139 157 148 138 156 165 147 147 156 167 168 132 173 156 142 152 162 156 134 164 170 154 172 157 139 141 151 152 
153 142 142 160 156 145 162 130 171 133 126 129 132 167 142 145 164 146 149 155 162 173 125 154 142 138 137 134 132 172 143 145 146 149 144 133 142 140 166 130 129 147 163 164 129 144 156 153 147 153 171 161 165 170 169 174 168 164 154 157 
146 159 168 126 150 156 159 158 155 125 169 173 151 157 147 170 130 174 132 147 150 142 169 151 160 149 126 137 126 172 127 151 146 144 169 157 127 147 125 154 136 155 157 162 148 166 141 164 152 127 135 152 166 142 164 137 146 152 125 171 

152 174 155 170 162 154 164 173 128 165 161 139 138 148 128 169 158 146 138 148 145 168 162 141 137 157 154 145 137 145 127 173 141 134 154 153 144 151 158 168 131 144 158 132 153 143 145 159 165 166 167 172 143 154 130 143 167 133 140 143 
160 150 170 173 161 167 135 164 126 171 131 140 169 136 172 171 140 160 133 140 157 152 131 142 160 150 130 154 164 130 168 149 168 146 169 126 169 158 142 173 139 152 147 158 134 151 148 161 144 151 160 127 170 166 159 151 147 126 161 132 
131 125 134 170 154 132 157 133 157 148 161 145 168 151 171 143 165 143 174 166 160 156 148 134 167 154 125 148 169 154 142 140 133 133 154 133 125 150 167 158 127 165 145 134 153 146 143 149 128 135 134 135 173 163 170 155 142 166 155 145 
130 156 164 169 146 136 153 174 137 141 133 166 133 171 151 156 159 156 160 161 171 145 134 163 130 126 159 163 152 168 144 131 167 161 164 134 136 128 166 161 134 149 147 130 132 148 148 174 140 148 130 140 146 145 151 131 167 152 164 127 
148 144 164 156 152 146 134 126 128 142 138 152 163 135 154 131 144 149 143 125 137 149 134 136 162 154 148 135 154 171 163 168 171 130 154 138 169 140 134 145 148 167 129 139 161 171 147 151 143 168 150 144 155 151 166 164 142 142 173 147 
141 129 161 139 163 166 126 165 146 173 138 130 167 128 132 173 166 153 126 154 163 140 164 135 126 149 133 149 171 163 154 149 161 153 134 130 128 147 148 158 173 168 133 131 162 135 141 135 143 135 145 128 137 131 144 166 162 165 163 129 
152 143 160 127 148 131 149 152 161 130 126 141 172 130 174 166 157 144 134 136 145 143 136 148 153 165 165 150 131 129 132 159 142 169 169 173 135 174 163 162 147 173 150 147 149 160 161 174 168 142 139 156 153 158 157 153 148 131 172 157 
174 137 174 162 173 126 154 159 148 171 166 164 148 154 126 158 171 145 171 147 135 141 147 154 161 138 146 163 152 140 131 153 173 141 143 140 138 130 152 168 131 154 131 133 172 160 129 148 146 160 137 155 153 166 125 135 133 174 162 174 
170 134 138 154 147 153 138 131 165 150 158 146 150 163 149 142 135 155 140 173 139 142 126 169 148 125 174 162 148 137 143 132 173 159 136 128 155 164 128 164 152 141 142 174 170 154 146 142 170 158 169 164 168 157 127 140 154 147 162 172 
167 142 142 159 173 134 141 131 165 126 143 163 134 154 146 166 146 131 144 160 172 151 164 143 146 164 146 139 145 172 142 142 173 150 163 149 166 168 148 157 166 129 174 165 141 172 137 125 140 148 149 158 125 153 154 149 172 142 169 156 
127 146 148 157 139 158 141 125 151 154 161 139 146 143 174 151 157 132 148 173 154 148 156 133 134 170 127 167 160 155 171 164 165 145 167 169 149 128 160 138 133 162 146 127 132 130 147 130 164 154 168 154 149 146 160 127 166 167 132 132 
168 146 127 136 132 158 145 162 170 142 166 129 163 170 160 162 161 164 166 141 156 152 131 157 127 172 143 144 125 143 171 172 125 158 132 136 126 144 140 127 167 163 154 144 125 148 164 155 165 147 130 170 148 155 156 160 127 163 162 141 
128 134 170 139 167 167 163 153 145 137 127 132 137 174 137 129 162 174 145 133 158 144 157 153 158 156 131 166 174 160 144 173 171 170 132 161 130 148 132 147 171 169 143 157 170 139 151 131 171 138 153 171 157 148 144 140 167 138 128 156 
159 126 158 172 165 142 147 143 137 160 149 154 141 125 140 172 129 148 146 126 174 132 163 173 162 171 133 135 172 155 149 144 133 164 131 172 159 169 166 170 155 161 144 158 141 154 160 145 148 125 164 125 133 137 143 145 131 148 148 160 
129 132 157 165 126 125 139 141 154 142 171 152 128 156 130 137 170 142 167 159 143 127 163 134 159 154 166 156 134 163 163 139 156 151 146 159 127 146 152 161 137 167 125 136 141 169 143 125 129 166 152 141 127 160 137 127 160 145 161 162 
162 136 144 129 160 154 153 152 158 125 132 170 169 142 152 155 156 134 174 168 137 128 170 136 139 170 146 170 173 144 141 148 159 157 146 134 155 145 168 168 169 173 157 133 126 139 174 143 134 126 163 147 135 129 156 133 143 136 168 174 
159 153 162 168 144 138 167 141 157 155 131 134 148 127 168 165 149 171 150 147 150 159 144 157 147 146 134 172 158 173 144 129 141 135 160 140 142 169 172 128 127 173 143 152 131 144 160 167 168 162 141 131 145 174 174 152 128 171 171 158 
126 156 173 168 150 125 127 161 139 145 172 143 168 146 170 127 128 173 134 146 163 143 140 154 147 132 170 164 146 148 166 133 125 160 169 163 172 134 144 143 136 131 158 125 165 160 140 156 166 136 152 145 140 159 129 140 140 156 155 138 
158 143 160 153 131 154 162 165 157 164 154 171 126 158 138 134 137 135 170 159 146 170 126 168 150 146 153 162 157 169 130 166 174 130 142 127 170 146 145 169 170 156 147 140 154 140 141 127 131 131 147 127 153 150 157 128 140 138 155 159 
126 155 171 172 170 132 133 169 140 154 140 146 174 152 149 134 129 171 148 160 146 167 130 162 144 158 137 126 143 174 131 155 126 173 143 134 142 167 169 140 137 135 164 150 128 155 169 148 140 172 155 166 173 149 132 153 150 149 171 167 
157 145 168 150 148 146 174 168 126 158 159 130 150 127 131 154 173 133 149 136 134 134 125 140 172 157 164 139 170 143 144 170 126 127 174 151 150 170 151 137 143 142 138 154 135 141 169 130 159 174 165 159 169 159 163 166 125 173 132 135 
167 137 173 159 143 130 165 161 146 161 158 167 151 132 140 156 172 166 148 168 158 174 173 135 137 141 147 137 174 167 168 156 154 144 132 164 157 163 172 150 134 141 171 153 173 147 137 134 130 151 131 141 163 147 169 164 153 141 163 157 
169 144 150 141 171 170 154 134 166 161 144 130 135 132 131 127 134 162 132 139 136 125 143 149 173 130 154 157 166 174 130 133 161 162 164 156 148 152 170 125 155 148 172 168 162 147 153 131 138 155 159 156 142 159 145 131 154 166 142 155 
152 128 154 153 127 137 145 162 137 174 134 131 154 155 171 174 130 173 138 152 169 157 142 139 131 138 168 168 158 133 151 141 129 136 163 133 151 151 165 130 172 146 146 131 152 170 131 171 149 136 169 126 134 159 159 140 142 156 166 126 
172 173 171 172 157 155 142 158 135 133 140 160 158 162 144 128 163 154 147 147 174 126 154 167 165 163 130 127 156 154 139 144 167 128 141 134 164 171 136 167 143 169 156 152 169 126 149 144 146 147 157 137 173 135 153 151 146 125 150 161 
125 128 147 150 145 154 138 164 139 158 134 171 150 131 161 134 135 164 157 150 156 163 152 135 130 126 157 144 133 173 126 166 150 148 140 151 167 161 170 132 134 132 167 167 136 150 153 137 166 141 158 148 151 157 158 149 138 170 173 156 
127 158 163 148 167 131 156 166 141 157 156 135 135 144 165 128 159 156 152 138 146 169 158 154 134 149 142 128 149 153 151 159 160 140 168 167 174 131 174 141 167 171 149 157 151 139 166 127 170 171 169 137 159 127 146 155 153 145 143 158 
154 155 129 147 143 146 160 147 142 127 151 159 151 174 170 136 143 157 133 143 161 152 138 164 156 131 168 172 164 171 174 138 134 137 143 160 151 163 137 168 134 155 148 143 148 149 141 128 133 156 133 156 145 152 135 144 143 169 150 138 
166 132 168 130 132 163 148 133 128 149 148 139 133 167 140 163 148 160 131 125 150 161 145 150 163 137 149 125 144 161 152 162 136 153 140 126 149 126 127 147 167 156 133 154 157 126 134 166 158 164 152 129 159 144 126 137 143 167 127 172 
167 127 152 126 149 134 137 139 153 146 152 172 151 128 147 152 130 165 140 130 133 143 132 147 162 135 139 127 174 145 160 165 135 158 135 149 157 144 167 157 159 158 142 129 163 146 140 142 154 140 127 163 144 171 172 148 166 149 150 173 
136 148 154 160 151 147 162 161 150 160 148 172 129 131 143 158 140 149 144 141 147 163 126 159 139 138 138 160 145 130 167 148 134 167 142 172 138 131 128 169 145 160 150 139 126 127 150 142 174 153 142 151 126 162 142 137 170 128 153 139 
165 141 157 151 150 155 160 159 151 144 146 158 142 128 159 129 166 136 128 170 162 155 154 159 145 169 135 143 166 167 138 156 143 149 172 173 160 152 170 171 160 168 159 159 159 135 142 153 165 133 152 150 151 166 159 158 153 133 158 140 
162 163 167 170 159 140 139 154 146 158 167 146 146 170 156 134 164 133 162 130 174 135 131 173 152 154 158 158 164 160 146 140 143 150 135 150 147 125 174 155 168 158 129 167 158 151 168 149 157 163 165 145 125 171 138 145 128 128 144 170 
133 167 130 158 141 174 169 164 128 157 166 144 171 127 174 163 155 153 161 147 126 132 146 158 167 160 155 154 128 149 125 134 144 125 134 128 148 163 163 158 130 147 163 129 164 163 128 157 155 135 146 127 171 164 153 141 141 150 160 161 
151 129 172 132 141 170 156 135 147 137 170 154 133 139 160 140 159 143 139 170 127 160 146 131 164 154 146 162 130 148 144 162 156 147 166 140 127 170 166 171 145 145 139 127 173 127 141 164 162 165 165 163 138 139 167 145 135 136 155 142 
173 152 160 149 129 157 152 126 148 132 125 131 126 144 157 169 157 149 172 144 125 144 155 171 131 145 138 152 138 173 170 165 169 131 171 129 150 133 153 162 159 146 157 153 161 150 150 147 131 162 161 138 135 169 130 145 169 154 145 142 
164 139 125 140 155 128 156 144 131 159 155 155 148 148 168 148 133 146 152 142 160 174 159 142 173 167 130 153 173 171 138 125 145 140 141 140 158 154 125 147 155 148 161 163 155 144 160 129 126 165 142 133 150 138 145 131 128 141 144 141 
132 162 169 172 158 171 131 163 161 147 163 157 166 142 160 140 133 165 145 126 128 152 158 169 134 132 152 159 137 129 152 169 163 174 163 151 132 168 167 154 125 131 174 145 156 169 139 131 167 144 151 170 151 148 170 157 164 167 171 146 
165 153 145 154 161 140 139 155 170 150 161 141 149 170 130 169 166 159 151 154 160 162 168 150 148 128 160 174 128 136 162 162 168 172 134 159 134 128 131 145 130 169 134 136 142 159 125 161 135 152 130 135 148 146 166 136 164 125 136 134 
161 171 149 151 148 146 157 126 148 146 172 145 126 138 135 157 167 148 155 152 158 146 139 135 174 133 167 153 167 129 147 147 164 165 149 147 136 161 167 138 163 147 157 133 148 161 155 132 139 153 169 139 162 126 138 159 129 160 146 140 
142 150 134 169 165 135 168 173 133 172 155 169 150 141 164 168 129 137 138 166 132 161 158 152 169 163 140 151 135 156 143 156 158 154 140 143 155 173 170 127 162 143 154 167 168 149 171 155 126 165 147 126 142 169 129 132 144 135 139 149 
137 128 168 161 154 164 174 147 153 129 160 161 149 139 134 148 156 168 169 145 171 169 167 172 133 160 168 159 149 131 170 132 162 139 163 135 140 140 168 132 156 162 136 155 135 129 130 168 163 144 128 132 136 127 127 169 131 140 146 140 
153 152 126 142 131 142 172 163 171 128 142 164 134 133 160 169 136 125 168 130 129 153 147 158 158 156 133 165 161 154 158 126 143 171 165 172 128 170 130 171 141 151 126 131 133 156 132 166 166 132 163 157 166 142 150 134 125 148 142 143 
128 133 151 144 150 152 150 154 168 163 166 153 154 153 151 143 144 160 147 148 161 170 168 174 150 130 138 167 148 150 151 166 143 126 148 164 130 166 161 172 157 147 164 166 158 174 169 142 169 137 148 145 160 150 132 133 125 142 131 127 
129 128 166 150 169 130 159 129 162 146 126 170 127 172 169 149 135 174 155 140 137 156 139 165 153 166 138 145 127 143 139 172 149 163 160 167 158 148 140 147 138 163 159 146 133 138 128 134 127 146 139 145 160 169 161 152 151 164 172 163 
158 162 147 143 131 133 155 162 157 128 152 131 174 171 137 172 167 172 174 133 151 164 160 143 139 157 127 141 135 162 134 169 171 143 163 157 154 131 128 128 141 127 162 157 158 135 161 142 151 137 168 159 141 136 143 137 129 133 166 154 
157 134 143 161 131 171 155 137 163 152 139 130 152 172 134 168 172 144 174 159 161 139 162 159 141 127 173 154 169 171 157 169 166 137 163 155 125 160 126 147 142 151 135 153 174 131 132 142 171 161 162 137 156 156 149 166 147 164 174 145 
133 172 150 131 156 148 165 128 143 133 165 171 136 139 146 140 139 171 168 165 140 170 151 140 129 173 127 168 159 148 145 169 165 152 145 153 147 126 133 129 131 151 154 127 153 132 159 126 165 162 155 149 147 131 143 135 148 173 138 149 
170 133 167 145 141 147 170 150 131 143 165 165 162 149 132 148 154 158 167 134 172 163 171 150 166 128 160 136 163 163 146 166 139 125 148 158 162 149 168 156 160 145 154 155 173 139 158 127 154 158 174 143 167 143 143 133 160 158 127 127 
135 157 172 159 148 133 136 140 137 155 149 138 161 129 139 149 142 148 149 168 164 167 155 125 151 139 172 125 168 146 131 134 136 157 139 125 136 146 142 158 168 125 163 160 172 126 141 130 143 168 134 127 164 147 160 136 147 169 164 164 
167 165 133 135 163 174 143 129 146 160 171 133 171 159 167 149 146 130 133 163 145 128 129 134 174 162 126 147 163 171 161 168 144 155 169 156 140 152 145 126 146 144 130 167 159 140 150 137 131 135 144 167 145 128 131 156 160 127 141 168 
174 132 139 143 135 162 141 140 159 127 154 138 130 173 138 136 137 157 143 160 162 152 161 127 147 171 172 137 137 152 129 171 167 165 162 144 150 138 135 145 133 142 129 164 136 130 170 161 150 138 163 143 140 157 131 156 153 163 165 160 
126 139 173 167 147 128 134 155 141 145 162 152 153 171 126 137 146 166 163 132 127 158 158 170 174 133 157 143 156 143 167 162 151 144 128 156 142 155 144 163 159 159 167 136 166 148 156 146 132 164 168 155 153 135 171 149 138 160 167 155 
174 157 146 142 157 128 166 155 127 141 143 172 155 128 158 129 131 173 168 138 173 156 125 136 162 159 139 162 149 146 131 149 157 126 164 161 155 162 144 154 138 149 163 152 154 167 139 142 155 139 156 146 126 126 169 167 156 125 168 144 
125 163 160 141 127 131 128 164 135 146 152 146 131 146 131 147 140 130 130 159 130 125 167 171 141 153 148 142 169 138 157 126 152 147 126 127 147 148 161 165 144 171 164 152 159 172 133 129 137 168 134 142 162 172 174 135 152 132 152 158 
171 145 147 140 171 142 148 135 137 133 151 146 143 136 125 168 158 152 160 168 144 172 150 150 158 156 130 154 167 150 141 167 149 131 128 146 158 169 156 163 153 155 167 135 137 161 136 142 171 130 128 169 131 155 134 127 149 127 137 154 
160 160 125 161 126 152 131 160 170 131 128 155 125 158 137 157 143 163 153 155 140 147 158 140 169 140 173 148 131 161 155 171 153 146 153 148 168 156 140 159 156 158 133 146 135 145 125 146 157 171 126 172 166 132 156 137 165 173 163 171 
147 157 140 150 169 131 157 150 128 129 170 167 139 157 131 140 135 142 166 153 125 137 159 154 139 165 154 150 134 165 166 162 129 169 150 173 157 168 140 155 148 154 145 132 141 128 144 171 144 133 129 132 170 129 153 142 131 136 140 161 
141 126 169 132 156 143 136 130 172 151 174 147 144 170 126 151 161 143 170 173 125 165 139 150 135 168 164 130 142 140 150 165 142 141 161 149 160 152 168 165 164 136 162 151 130 171 151 146 155 159 168 159 148 128 166 153 157 168 171 160 
163 140 144 165 173 158 138 155 149 164 139 154 163 141 166 127 150 150 149 144 157 151 168 143 169 128 148 133 141 137 144 129 142 143 157 170 151 163 167 162 160 125 149 173 159 128 135 157 173 144 155 174 142 139 149 155 132 128 171 134 

148 152 129 128 153 158 155 167 168 165 134 143 164 171 125 154 152 148 162 172 168 133 133 128 147 134 163 135 172 157 157 126 160 151 129 158 144 157 142 165 146 128 173 141 145 148 150 157 164 172 134 162 144 167 172 147 129 132 168 137 
163 159 151 125 142 170 168 150 169 170 173 147 166 172 137 144 138 163 173 129 154 149 128 158 132 150 171 153 170 146 165 155 143 130 168 159 173 165 150 145 147 152 126 168 163 161 162 158 162 140 133 140 174 161 167 167 142 167 157 146 
153 153 131 136 144 166 126 137 133 157 166 147 126 145 159 144 164 170 171 129 145 132 159 166 151 134 161 155 160 171 173 129 150 174 173 134 150 136 160 131 168 132 140 144 131 167 152 150 165 145 148 147 139 129 133 152 143 172 136 140 
158 154 146 132 167 138 165 173 174 150 159 174 173 135 169 161 126 171 133 148 130 154 170 173 168 147 153 159 136 143 132 149 147 158 160 162 155 152 138 148 143 133 145 137 170 131 157 158 157 129 169 171 168 133 127 164 136 152 131 159 
152 159 154 168 174 136 165 126 145 162 172 139 158 145 157 151 126 150 160 154 144 153 138 157 136 154 141 155 126 161 166 160 163 130 157 150 142 133 163 144 135 125 141 138 149 149 162 133 137 168 167 158 155 141 159 172 144 126 172 146 
133 159 158 166 163 150 158 164 139 151 166 128 150 173 145 153 143 168 136 139 174 156 171 149 151 156 134 127 166 138 140 127 132 148 174 128 159 167 167 172 152 143 154 152 148 144 151 152 125 171 155 140 161 170 132 167 141 130 157 141 
149 129 168 134 136 132 138 170 148 146 138 133 172 135 171 160 173 138 161 152 149 159 162 141 170 141 157 127 146 131 145 167 136 169 139 163 150 131 125 141 149 152 165 169 138 151 170 151 131 145 150 157 156 147 150 146 144 160 168 167 
167 167 155 126 159 151 170 171 164 142 129 172 134 136 143 132 137 172 147 145 128 165 125 162 151 142 133 143 164 138 142 143 132 142 149 168 161 135 171 147 142 152 129 132 148 146 160 159 137 134 166 150 140 127 163 151 149 148 159 160 
170 133 157 146 140 151 156 148 152 141 174 127 125 138 134 155 149 137 141 140 138 153 133 128 137 131 141 126 151 163 151 159 128 127 163 164 151 135 155 130 148 141 165 157 174 126 168 163 136 136 148 154 158 169 135 142 125 129 128 127 
152 134 139 154 156 126 142 137 129 153 155 138 173 144 139 164 166 160 154 145 152 164 152 163 151 168 174 140 149 154 153 145 125 164 139 168 153 132 163 164 151 145 132 129 160 167 149 157 129 170 167 159 137 144 144 168 167 163 148 167 
127 152 150 158 148 126 164 158 159 142 153 173 150 165 158 149 163 167 147 170 162 136 143 134 140 173 140 130 147 142 172 156 143 155 152 140 155 159 156 146 142 143 130 125 142 130 173 156 138 168 161 126 168 140 171 165 135 147 150 133 
162 168 127 145 169 144 135 128 133 143 165 143 171 174 129 151 165 168 131 166 131 144 167 149 162 126 173 138 131 152 126 144 169 150 158 170 158 142 157 126 134 142 174 130 139 161 143 167 134 173 160 126 125 149 170 156 163 127 149 161 
139 148 125 169 134 127 174 129 144 172 171 127 168 135 144 157 149 131 154 148 142 156 125 151 161 161 152 134 167 154 131 133 159 140 145 126 147 166 134 144 151 125 157 168 170 161 159 157 172 158 159 130 165 127 171 152 146 140 151 147 
159 141 147 131 128 144 159 169 169 144 126 170 167 135 164 143 138 141 158 159 149 143 143 164 148 131 134 148 125 148 134 164 133 161 132 152 169 160 130 160 154 136 125 165 131 143 128 163 130 140 129 158 131 132 147 138 144 130 159 174 
173 168 151 164 146 151 147 125 160 149 141 126 133 130 149 167 151 160 160 161 128 160 135 150 163 139 143 165 156 150 158 162 141 129 125 156 146 148 170 138 161 169 135 151 146 165 155 172 163 128 145 150 143 126 150 128 129 156 153 166 
134 146 148 141 125 144 161 154 146 129 148 173 158 169 126 164 154 168 174 158 139 129 166 164 150 162 172 156 160 168 156 166 157 155 148 138 166 170 171 158 173 172 168 173 128 136 134 165 161 146 155 144 135 126 147 126 170 133 141 135 
126 140 145 152 169 170 135 152 147 128 162 138 142 173 169 164 126 144 128 153 131 132 139 158 157 137 140 128 129 128 136 164 127 158 129 126 152 134 144 167 149 141 169 127 170 140 127 153 169 155 142 141 141 143 143 148 142 146 164 170 
148 139 143 161 168 159 170 174 162 174 156 152 133 163 128 165 169 145 133 127 157 134 136 145 126 174 153 136 163 131 135 173 142 139 125 147 173 150 151 136 129 173 130 148 125 156 148 163 130 143 139 128 145 156 155 159 169 139 168 165 
163 168 166 142 155 166 144 172 159 158 140 133 144 137 132 152 168 156 153 153 136 152 134 174 155 163 132 137 163 168 142 144 152 140 168 172 141 160 129 166 148 156 158 157 144 172 168 127 173 142 163 155 161 167 170 172 170 137 164 130 
129 148 164 171 137 133 164 139 147 129 161 132 135 133 135 133 173 169 162 154 152 143 159 163 174 171 164 133 164 170 129 134 167 172 138 169 141 154 128 152 127 140 167 158 160 150 145 163 168 163 173 156 155 163 134 128 135 142 150 139 
166 155 154 167 173 130 141 151 139 141 162 127 162 132 155 128 163 134 156 143 156 147 130 143 155 129 172 155 163 152 157 173 165 168 161 130 161 161 157 166 151 135 172 146 157 159 167 157 150 155 155 157 153 156 142 151 127 137 144 138 
153 155 170 137 126 138 155 137 166 128 139 170 155 165 151 141 173 139 173 133 134 169 146 130 164 171 173 138 154 161 166 136 143 148 130 146 157 152 171 140 174 161 163 173 167 150 159 150 171 167 141 142 162 125 150 131 160 166 143 149 
163 125 145 166 159 135 160 133 172 149 158 130 163 143 174 168 139 158 161 150 166 170 147 158 171 144 165 160 168 137 166 144 128 160 170 165 139 145 161 145 161 158 143 148 163 143 151 147 156 136 149 164 130 135 131 134 166 163 165 143 
169 127 132 162 144 168 129 166 133 126 159 138 138 137 141 135 139 149 163 162 172 170 174 142 151 167 166 133 144 148 154 130 170 154 127 150 144 133 166 132 159 146 147 151 149 173 162 156 146 128 141 159 161 152 174 127 139 125 167 128 
130 155 170 150 150 147 162 142 173 164 173 133 163 161 135 174 145 137 165 139 152 173 173 141 128 173 142 132 160 149 150 171 153 132 143 145 149 136 162 149 139 148 131 144 135 135 141 136 134 138 131 159 167 125 164 143 160 171 145 158 
140 129 131 154 158 163 148 155 173 137 155 129 143 146 130 151 161 129 171 173 168 135 166 126 140 165 140 132 138 168 173 139 145 147 143 134 142 128 171 130 126 167 129 131 153 130 145 158 147 136 170 172 139 128 142 128 126 130 151 163 
162 174 137 144 135 141 129 129 157 134 129 167 141 151 140 166 164 135 161 131 172 149 173 148 143 163 147 131 133 173 156 134 134 159 130 138 131 143 147 153 134 139 129 136 154 146 168 168 168 165 148 128 151 158 153 141 136 131 156 158 
146 126 147 160 169 163 171 167 142 141 150 166 142 129 174 156 133 165 169 172 154 140 134 152 162 150 174 141 163 172 148 171 172 170 161 154 133 131 172 125 126 158 166 139 164 131 155 156 161 161 146 168 130 138 166 134 147 130 142 140 
157 138 161 139 156 174 173 174 157 134 127 144 136 158 174 143 157 138 171 156 173 159 125 135 127 136 132 146 144 157 125 148 155 156 129 135 136 128 156 174 136 128 146 133 156 153 159 164 142 133 137 160 172 152 130 174 154 146 146 140 
152 169 132 162 173 142 157 127 173 129 142 126 166 145 127 146 131 169 163 162 165 131 167 152 127 136 152 135 130 155 138 130 147 134 142 129 152 146 154 158 166 172 169 159 157 130 134 146 169 148 131 130 160 173 168 171 139 174 129 142 
131 147 170 132 167 143 142 164 136 128 145 156 154 171 154 130 139 126 125 153 140 168 158 146 132 156 169 170 174 146 136 164 142 168 172 173 129 126 167 142 149 169 173 130 133 155 144 129 127 165 126 148 133 154 125 138 137 133 169 130 
125 149 162 167 165 133 160 134 157 129 171 132 151 145 163 152 131 139 151 136 132 144 164 149 172 159 140 152 136 155 127 159 165 161 169 125 164 143 132 149 125 169 173 157 144 154 167 126 163 141 150 169 173 164 140 153 129 158 163 157 
130 162 171 126 150 149 130 137 144 136 146 170 167 138 169 152 158 132 149 149 147 134 132 155 156 134 133 140 146 155 129 162 147 125 134 173 141 127 143 151 155 131 155 145 157 170 149 166 152 172 153 156 171 134 131 138 165 131 153 148 
165 144 163 162 158 136 138 129 148 138 127 126 143 127 161 174 141 143 150 155 132 146 156 142 155 149 161 171 141 127 139 155 148 164 134 144 127 149 162 126 136 127 157 157 174 165 158 146 144 128 149 166 136 151 153 131 144 141 148 146 
152 163 127 163 143 139 148 136 137 137 171 154 159 144 166 156 144 145 166 138 143 152 134 156 164 143 155 146 144 127 164 161 134 174 138 134 147 139 167 148 154 142 140 138 125 161 141 160 152 152 138 143 164 137 157 165 151 145 153 151 
140 152 152 128 132 169 125 156 142 147 133 142 140 163 156 158 157 144 125 126 128 146 127 157 134 126 133 125 174 149 134 167 173 141 150 161 140 132 152 163 153 161 132 126 154 147 142 130 146 142 128 141 146 140 172 149 159 134 143 144 
145 159 136 145 137 136 161 157 154 149 145 155 170 164 129 154 128 166 167 134 168 170 154 152 156 161 158 160 148 148 150 129 137 150 167 144 130 168 138 125 140 171 161 166 174 138 165 164 146 158 168 168 162 172 145 168 138 131 152 161 
142 163 173 135 163 173 172 133 152 145 127 159 126 132 171 130 163 149 136 141 159 135 149 156 145 131 129 150 129 164 147 143 161 160 174 172 134 154 156 131 165 131 138 125 145 170 140 134 155 152 155 159 130 172 162 160 167 149 154 135 
142 133 146 149 139 157 172 164 169 128 140 131 144 128 164 133 127 161 144 134 171 138 141 157 169 125 149 151 143 152 166 132 132 139 165 169 150 164 160 141 154 172 159 127 150 167 145 156 139 167 174 144 131 171 164 166 167 169 166 153 
171 162 129 146 158 170 159 127 137 149 137 144 148 130 142 162 130 127 152 154 126 136 141 127 136 137 158 139 145 129 153 171 163 159 162 167 173 134 171 136 127 167 130 151 153 135 141 142 129 142 166 159 164 148 136 165 138 136 135 150 
135 163 133 159 134 172 172 137 145 126 139 125 149 137 132 153 155 139 125 144 159 152 166 143 153 174 130 126 142 158 172 153 138 139 131 142 148 172 169 150 143 140 127 138 140 165 145 162 142 146 156 151 126 158 142 144 143 160 148 154 
151 164 132 172 153 158 144 143 150 146 153 133 164 129 171 168 169 146 159 135 134 172 169 145 137 153 142 125 139 128 128 159 156 129 125 169 157 164 131 132 136 160 140 155 174 133 165 126 165 154 155 166 135 164 155 170 143 128 160 146 
161 135 163 150 159 161 130 133 143 128 172 131 159 133 125 143 158 172 173 131 171 152 126 126 149 154 157 159 126 135 135 167 160 138 168 167 137 140 129 170 165 133 167 172 140 150 130 130 163 126 131 136 129 159 141 174 140 173 161 133 
139 157 131 164 165 141 137 170 160 152 171 170 142 134 170 132 125 133 147 172 168 141 156 136 163 136 171 141 138 153 132 137 165 133 171 143 150 167 137 172 158 151 130 125 172 156 148 138 171 126 172 140 148 149 138 169 143 149 172 163 
160 169 170 152 134 132 169 170 165 163 150 169 146 173 132 139 148 130 131 142 128 150 141 143 142 132 163 142 156 161 153 131 163 161 153 174 158 145 150 130 127 143 153 139 160 152 163 143 142 167 164 132 173 134 160 148 172 143 165 150 
131 173 156 130 131 172 132 166 163 162 145 168 169 128 145 131 157 125 139 154 163 162 125 141 156 144 148 142 130 138 165 129 135 137 148 139 148 143 149 171 160 142 134 158 151 159 148 159 128 174 157 140 163 137 125 169 145 164 174 165 
137 125 150 154 141 140 141 174 136 144 156 167 159 164 144 125 140 165 133 138 135 129 172 137 128 143 125 146 167 164 134 155 163 173 149 169 148 147 132 158 156 128 146 125 132 166 154 150 131 166 151 164 141 166 139 125 135 172 136 143 
174 161 133 149 130 160 125 169 147 135 151 132 147 128 173 145 146 150 146 129 155 158 129 125 172 168 166 149 151 138 148 162 165 168 161 150 143 133 160 157 141 150 128 148 150 156 174 128 150 157 129 126 161 128 126 130 158 148 132 172 
143 153 152 162 139 125 150 143 151 151 172 135 130 170 158 157 143 129 157 174 135 126 140 165 143 132 131 170 126 134 132 155 166 174 139 136 139 147 141 158 168 130 153 144 168 148 160 171 126 172 153 164 132 133 126 147 145 160 128 172 
151 167 157 141 139 166 171 167 167 127 162 151 127 153 167 133 151 173 141 133 158 141 161 155 144 127 150 168 136 133 155 174 161 128 156 156 169 171 172 172 142 169 145 154 154 126 163 136 163 154 142 135 139 147 138 138 137 127 139 138 
149 145 126 171 155 157 173 128 148 133 140 132 128 139 174 146 165 142 131 131 131 146 144 144 156 151 158 160 160 147 136 134 164 146 161 155 147 149 126 167 136 135 128 157 143 148 166 135 140 155 158 152 162 157 170 159 150 152 141 147 
151 137 172 154 160 140 141 171 166 166 147 143 136 125 161 174 166 131 139 148 146 162 158 142 150 151 160 166 169 168 145 148 163 133 125 163 161 136 162 162 133 162 163 166 151 132 170 144 137 173 131 156 158 134 157 150 172 128 165 142 
134 158 134 142 155 156 155 125 140 152 140 161 158 130 130 148 167 170 125 171 137 160 163 146 166 154 147 131 174 133 170 125 130 135 172 126 161 155 145 167 168 141 169 149 167 138 152 132 170 156 128 172 140 133 134 151 127 146 140 160 
151 158 139 127 127 140 130 135 152 140 151 174 136 172 158 161 162 145 161 144 130 173 135 172 147 149 156 150 168 172 143 135 156 134 173 129 156 125 129 173 167 160 161 159 144 136 125 137 136 137 167 143 159 171 135 155 159 150 134 142 
139 138 145 136 128 138 137 158 149 172 171 166 147 136 159 139 168 169 141 133 159 155 142 125 154 140 143 145 147 146 133 125 130 171 148 142 151 135 132 159 137 157 166 131 167 163 146 158 169 154 152 174 152 137 148 125 170 152 161 144 
163 147 135 143 138 133 133 160 160 166 162 125 159 157 172 167 149 155 172 170 167 170 140 172 140 131 172 167 163 166 125 144 171 129 147 145 130 140 168 170 163 150 161 168 126 174 156 151 137 138 167 127 131 145 133 154 145 159 149 149 
139 135 169 154 125 157 158 147 135 168 161 134 164 134 167 166 171 156 163 146 146 156 133 152 145 126 136 145 129 160 173 153 168 132 174 136 145 126 144 137 156 139 141 135 133 165 136 145 156 171 166 168 142 141 164 147 168 166 128 130 
173 166 145 145 138 168 143 160 141 165 156 159 172 170 174 155 147 167 151 143 127 153 160 151 148 155 135 165 171 171 125 170 167 146 162 142 136 169 151 173 174 153 138 155 157 138 128 154 130 128 146 147 173 170 129 143 160 161 149 146 
135 172 153 160 166 131 167 167 139 160 173 139 159 134 134 174 127 158 128 151 126 158 145 152 150 138 136 146 127 135 129 141 173 151 142 145 147 158 158 170 162 159 142 136 132 138 133 131 163 168 131 148 157 131 126 144 158 157 142 144 
163 173 169 131 133 125 172 171 139 167 152 147 127 133 149 172 127 155 172 159 143 166 149 161 135 154 139 153 139 139 157 170 132 165 125 141 164 149 164 146 127 134 153 138 162 157 169 142 131 171 171 130 135 156 148 163 157 158 166 170 

144 138 172 127 145 139 129 171 128 171 159 162 156 151 137 155 158 149 152 137 148 136 136 136 163 132 146 174 133 167 164 166 151 161 134 135 144 127 125 154 159 141 170 142 136 157 164 143 158 164 162 163 143 158 155 172 134 174 172 159 
174 140 171 164 166 165 143 173 139 127 166 140 136 163 132 171 131 132 127 150 130 125 141 144 126 143 136 150 157 139 160 156 157 130 140 147 168 147 142 174 126 134 145 171 142 139 158 150 142 165 160 127 163 139 158 145 151 172 129 125 
132 160 140 134 168 161 134 143 166 128 163 150 141 130 135 172 173 135 171 154 138 165 149 147 126 159 140 145 155 151 132 174 143 145 155 131 145 151 169 140 154 163 138 170 129 149 151 127 151 170 171 138 158 130 131 174 153 142 147 151 
163 147 131 155 166 131 130 164 165 136 153 138 157 147 149 132 164 134 147 129 163 129 165 137 141 153 125 169 159 171 153 137 148 160 145 169 154 161 161 154 160 149 125 171 165 144 160 134 162 136 137 136 136 157 160 164 158 145 132 166 
128 142 127 155 165 129 148 155 167 147 143 130 160 128 130 144 139 163 138 161 125 141 171 171 164 152 154 160 165 129 147 152 134 139 151 169 127 168 152 164 135 157 129 172 125 152 144 152 136 155 173 160 167 128 131 168 131 159 164 134 
128 144 125 153 140 162 166 133 169 136 138 150 129 134 134 165 170 158 156 145 125 155 166 152 133 135 146 126 171 153 138 148 140 157 131 149 130 135 166 130 164 172 160 152 168 171 128 155 126 137 156 125 146 159 165 169 163 144 129 128 
135 127 169 138 167 139 169 159 125 167 169 146 133 126 154 138 171 172 144 132 158 169 137 164 135 155 130 150 158 131 140 169 133 171 132 173 160 160 133 168 149 165 155 171 147 138 169 140 148 147 145 174 141 131 158 157 165 139 139 156 
157 170 168 130 140 158 133 139 132 126 161 154 168 151 140 158 166 139 147 133 140 156 164 131 165 140 150 130 154 151 153 138 130 134 125 132 161 131 153 160 153 153 168 164 148 140 152 170 129 149 165 125 140 146 144 137 150 153 146 130 
136 162 145 158 125 140 161 173 126 146 141 152 138 154 167 174 151 128 141 129 156 155 131 158 171 127 147 136 168 165 140 151 125 135 172 138 154 141 146 142 167 173 159 165 127 136 147 140 125 160 138 166 174 161 126 172 164 168 126 145 
134 151 143 147 143 150 159 134 154 147 149 162 154 131 172 161 132 161 143 125 174 127 126 147 171 170 159 145 146 134 154 129 154 162 127 172 128 173 155 126 145 130 164 162 150 155 150 166 141 140 157 145 157 151 142 128 125 142 153 168 
155 144 160 150 138 134 173 161 148 140 147 167 137 154 130 153 157 126 151 137 133 169 138 146 138 135 131 159 145 154 137 135 159 130 172 161 167 152 174 129 140 148 127 128 163 166 152 147 169 138 127 134 153 134 128 170 133 128 132 157 
162 141 134 126 159 127 136 140 146 163 164 140 134 129 155 145 168 144 167 155 170 130 173 128 152 146 132 141 173 162 125 144 147 146 132 159 135 163 125 131 172 152 164 147 136 128 168 169 131 167 125 156 138 133 164 151 160 169 133 130 
172 172 145 160 140 135 151 143 149 157 166 132 160 130 148 146 133 127 157 160 157 162 157 167 165 169 147 163 133 134 134 158 160 149 128 170 125 160 173 128 152 161 139 150 170 126 143 164 142 134 132 153 153 130 171 127 126 152 138 135 
150 165 147 166 151 157 174 128 159 167 166 156 153 137 130 158 131 144 134 145 126 144 127 169 163 139 144 130 166 163 142 128 145 154 157 138 131 140 133 172 151 136 156 153 149 130 151 174 131 162 140 141 156 166 130 144 160 163 158 153 
142 170 156 143 164 127 137 157 144 137 173 147 163 161 133 153 151 157 138 168 128 132 170 165 127 127 133 174 126 127 138 163 160 173 131 157 141 142 143 162 135 137 149 139 142 169 170 157 143 151 125 126 137 139 156 130 126 139 126 144 
145 150 136 151 172 140 152 127 145 159 144 161 173 159 156 157 146 157 165 172 160 125 148 150 134 167 174 154 146 132 160 168 156 140 136 130 144 134 151 145 152 168 158 173 157 155 129 165 138 137 125 138 166 154 146 138 155 145 155 137 
172 139 156 136 125 133 162 136 152 164 148 171 165 171 141 152 150 152 126 164 160 153 134 166 128 168 149 134 166 133 168 134 125 125 129 126 131 143 140 137 133 145 173 145 149 161 168 135 164 173 127 139 148 146 166 146 140 164 142 157 
138 164 138 164 143 161 149 171 148 148 143 130 160 130 159 140 134 156 164 136 153 167 131 150 138 161 125 138 167 167 127 154 140 166 130 169 167 154 145 141 130 139 150 143 138 161 151 166 150 148 162 149 130 148 151 126 143 143 143 135 
126 171 144 128 140 167 156 173 134 158 173 131 169 164 127 166 154 157 137 172 158 161 138 155 170 146 157 135 159 166 173 134 150 134 171 158 140 172 125 172 167 148 148 125 156 149 153 151 155 163 169 169 138 157 140 154 159 136 140 167 
161 160 142 139 143 141 165 144 140 140 150 163 133 171 172 158 163 138 142 166 148 133 157 165 125 140 165 136 162 162 139 138 144 155 128 129 140 149 168 148 125 157 142 152 145 174 151 127 146 162 156 153 142 141 151 140 173 160 151 157 
147 143 130 161 157 167 166 148 126 125 140 163 169 154 147 159 150 139 126 159 138 142 156 173 160 161 153 150 130 149 136 145 172 140 149 135 158 172 151 147 166 126 164 141 174 144 137 138 168 161 152 172 161 154 170 150 148 146 143 136 
137 159 154 172 164 140 139 162 171 138 142 155 142 145 131 170 174 150 135 156 173 148 168 131 132 170 136 164 136 143 172 146 155 174 137 129 147 139 131 139 140 140 129 133 137 171 153 174 140 157 153 174 145 142 125 166 134 160 148 152 
170 153 127 153 153 155 150 148 157 160 140 132 151 163 128 130 125 128 140 128 149 137 165 146 140 142 126 127 166 148 145 169 152 172 174 158 151 161 127 129 154 162 141 162 125 170 137 134 131 156 134 148 158 158 125 170 167 132 155 154 
161 129 146 128 153 167 167 157 152 154 134 144 148 144 133 147 164 158 169 146 159 149 169 131 170 138 147 164 148 129 132 164 143 129 163 169 159 128 147 146 160 132 162 166 136 136 171 172 144 168 160 171 162 134 135 148 129 155 143 154 
173 132 162 159 127 157 144 164 168 164 169 168 138 133 125 149 163 140 127 132 134 168 160 145 141 137 139 168 160 173 125 163 155 138 139 152 146 173 153 166 141 125 173 138 133 144 145 135 127 127 147 128 167 172 155 129 150 163 155 173 
172 152 125 170 139 162 125 150 146 128 174 161 167 154 153 165 169 171 138 126 158 127 153 126 127 171 125 142 159 143 152 174 146 166 127 163 146 164 150 145 166 143 149 150 145 161 168 129 127 156 130 161 127 142 144 129 161 136 146 145 
163 164 170 139 143 157 125 145 128 156 162 159 174 165 159 126 151 136 162 156 133 138 154 167 140 141 130 156 136 150 126 172 128 143 131 151 167 152 172 172 138 146 129 169 144 137 173 142 164 140 174 157 156 158 153 165 157 136 152 140 
137 127 168 144 169 136 155 130 166 150 126 166 165 134 133 159 168 159 163 144 135 159 171 166 130 125 162 164 163 169 171 125 173 138 146 142 166 174 135 141 161 128 158 139 164 147 135 148 170 132 167 153 155 128 129 129 144 163 167 168 
154 140 169 141 168 166 167 169 151 142 151 164 148 148 163 151 150 154 140 160 170 152 151 130 162 171 128 170 147 152 164 127 144 169 134 156 141 129 164 137 153 165 126 159 154 151 174 154 155 161 141 151 126 140 158 128 160 126 155 160 
153 166 173 157 174 166 138 160 158 146 172 140 153 159 161 140 134 147 168 140 154 159 145 165 174 171 154 165 153 160 152 161 155 134 171 147 140 164 151 147 143 171 136 139 173 140 131 174 139 163 151 149 148 160 145 162 163 150 142 136 
170 128 141 168 145 141 129 169 146 128 141 167 152 157 147 138 134 128 155 129 147 161 146 173 165 137 168 144 128 147 157 172 169 130 156 163 158 139 169 169 133 142 130 135 131 135 128 145 162 143 148 125 167 168 153 141 132 125 141 155 
137 149 132 168 127 158 151 163 147 164 135 140 131 132 131 162 170 137 128 142 128 155 157 173 137 145 165 143 164 158 162 143 131 126 130 169 141 135 148 125 155 166 159 161 136 148 125 160 128 128 128 140 133 168 164 153 165 133 155 129 
132 172 133 174 127 139 167 163 126 136 155 132 155 147 131 140 161 173 139 135 137 128 151 139 134 136 129 159 167 150 171 153 162 140 161 165 141 145 127 167 166 173 141 160 171 134 143 148 131 166 135 157 134 161 140 135 168 163 135 162 
143 156 167 173 136 169 161 174 135 135 128 169 158 140 165 151 146 174 167 133 153 152 162 156 165 126 156 136 155 139 168 173 131 157 148 127 163 137 130 130 171 167 174 136 131 147 149 168 147 157 153 153 132 162 145 165 131 153 151 136 
143 139 145 170 166 158 154 169 154 174 154 134 128 152 152 131 159 143 163 168 126 170 130 162 172 136 160 158 138 173 172 125 145 125 126 174 154 135 136 158 170 132 163 151 137 137 143 164 158 169 139 136 141 131 150 159 127 135 147 147 
159 128 158 168 143 146 171 157 160 160 156 132 153 170 168 151 156 151 125 152 143 162 129 161 137 155 150 126 146 130 127 153 144 140 171 140 144 150 151 132 148 151 153 165 138 162 163 158 160 139 150 152 168 136 139 174 174 159 137 130 
140 141 148 144 126 143 174 169 173 168 169 157 140 160 162 145 134 126 135 133 145 125 166 148 155 173 144 143 162 135 160 127 131 159 173 146 147 168 172 127 163 131 173 136 159 162 171 165 168 166 160 152 136 171 165 156 139 146 152 128 
149 172 136 126 129 173 140 131 126 147 139 165 164 156 146 137 151 162 145 173 138 131 153 154 174 155 149 163 164 148 165 134 152 158 136 150 131 171 130 148 152 136 166 167 134 133 140 139 148 144 134 168 148 132 138 133 131 140 168 171 
161 165 127 169 140 146 171 135 137 145 162 158 156 173 150 127 173 128 156 130 156 126 157 147 150 157 166 146 164 163 138 155 142 157 138 167 132 129 146 126 171 165 148 137 149 171 149 142 125 166 151 133 149 148 153 136 125 126 157 171 
161 129 166 133 157 164 164 129 138 149 145 153 157 147 133 161 148 133 158 151 127 145 173 134 133 148 162 163 125 129 127 141 163 134 146 142 151 159 127 161 162 170 160 167 162 140 136 149 165 143 161 153 169 152 169 140 151 151 161 129 
148 149 144 141 129 161 126 141 152 162 154 143 137 145 127 157 135 132 129 157 132 158 154 151 165 171 143 170 170 154 164 145 131 136 173 137 130 173 129 144 127 155 166 149 171 173 165 161 174 174 134 134 143 168 159 174 145 137 135 154 
161 162 128 135 127 125 145 144 133 169 156 160 126 164 173 129 173 169 149 164 129 170 133 148 160 174 138 141 151 139 157 140 136 131 125 170 152 172 128 149 142 148 150 155 156 144 160 166 128 127 133 153 166 158 131 134 174 138 148 150 
172 142 138 164 165 141 171 171 146 155 157 153 160 141 171 147 166 167 173 127 171 171 146 169 162 171 146 172 139 134 151 138 154 136 168 129 169 170 131 133 158 170 140 171 166 147 162 158 157 127 128 148 133 136 152 165 162 136 144 171 
154 162 131 149 162 173 142 130 146 145 142 167 136 168 147 146 139 140 159 134 169 142 125 132 158 167 140 131 173 155 128 162 131 172 150 154 174 133 172 165 129 157 134 144 151 174 140 133 135 168 151 152 167 128 173 158 153 147 150 137 
164 156 142 174 163 146 163 135 135 145 161 157 165 171 142 164 159 137 145 143 173 148 154 170 165 169 159 170 136 147 169 127 145 142 129 147 127 139 170 126 148 138 148 168 147 172 156 164 134 169 157 166 136 160 129 158 138 172 161 126 
161 131 148 146 131 171 146 133 136 142 140 147 172 125 148 148 127 167 130 139 171 169 138 135 156 133 174 142 150 161 174 150 153 167 174 158 149 136 168 149 172 149 134 168 169 132 139 166 138 141 168 131 127 172 163 164 140 135 158 168 
153 161 126 168 144 129 132 153 165 157 142 167 162 154 144 151 165 161 159 153 152 130 163 165 135 130 169 163 141 168 141 154 139 132 167 162 133 145 146 127 132 155 149 152 131 154 168 132 157 130 170 148 138 143 143 132 146 156 137 125 
171 131 131 166 161 173 139 167 154 135 148 140 156 161 133 165 137 170 170 162 150 173 141 139 128 154 136 149 159 142 126 156 150 129 169 131 143 148 172 143 161 134 150 136 126 144 144 167 136 153 126 153 168 150 132 159 159 127 163 158 
136 141 132 152 161 156 162 140 129 170 152 139 125 173 144 159 140 163 147 125 155 147 139 149 155 155 153 174 139 130 169 139 135 172 171 173 155 130 167 161 174 128 154 136 132 146 142 127 139 138 132 144 132 132 171 125 159 146 156 164 
130 145 147 174 174 135 142 165 166 162 162 135 144 130 140 173 148 150 144 172 149 141 134 125 144 133 135 137 171 129 171 150 163 128 132 142 159 129 158 169 159 170 141 136 141 141 150 159 164 137 126 133 144 126 125 167 129 131 168 155 
165 171 170 133 145 147 137 138 150 167 156 169 152 141 126 148 141 158 161 140 142 130 171 158 126 133 147 163 168 151 170 155 135 148 131 130 130 156 127 148 128 131 174 174 138 165 165 146 169 169 135 157 140 162 174 173 137 139 135 162 
138 126 154 157 136 138 151 130 128 136 130 131 139 167 132 127 163 149 131 131 174 135 157 166 130 134 172 147 156 140 146 156 161 154 166 166 168 139 130 140 157 147 163 135 173 173 166 138 168 135 155 158 172 155 165 165 129 132 166 169 
135 159 166 145 174 162 172 138 150 127 140 133 134 126 155 149 130 129 170 139 135 134 150 129 127 140 125 135 162 125 137 132 152 139 164 152 169 173 126 170 163 130 171 169 160 141 129 150 141 145 143 164 161 130 130 173 150 126 130 142 
160 162 144 159 174 150 136 149 159 159 166 162 141 141 164 125 165 136 150 163 171 142 146 127 166 145 138 163 129 159 164 167 174 131 166 160 130 160 138 153 146 151 165 167 172 126 147 156 167 171 164 171 125 152 167 151 137 172 142 142 
130 152 169 125 161 137 129 159 148 131 147 161 142 130 129 140 153 126 163 139 134 153 132 165 145 174 141 145 170 148 148 165 141 148 157 162 171 141 159 167 149 169 130 163 130 163 174 143 144 133 156 152 167 147 144 147 162 129 145 131 
154 168 151 137 138 129 165 165 141 141 158 167 151 156 172 159 159 152 169 128 129 164 144 174 160 132 160 133 154 147 126 160 137 160 134 135 133 160 168 137 133 143 172 130 141 145 149 167 126 133 146 132 134 152 168 143 145 167 153 137 
137 135 132 145 144 148 168 163 144 151 146 125 141 160 158 125 167 172 137 166 173 150 146 132 149 141 172 169 143 165 138 153 155 165 157 141 143 138 127 129 136 154 164 155 147 172 145 141 156 126 125 160 134 126 133 136 131 161 169 162 
149 156 152 172 167 134 161 133 173 155 135 147 153 139 169 173 160 165 170 164 136 136 145 174 146 156 155 148 144 171 147 134 141 161 131 158 169 173 135 169 149 142 128 170 170 145 147 170 167 144 129 161 130 127 127 162 143 125 174 126 
157 134 129 139 171 132 128 140 143 174 146 146 125 137 163 153 136 162 135 168 146 132 128 132 163 144 139 141 131 165 145 174 147 165 163 142 161 173 145 144 165 164 155 155 143 148 136 139 146 158 160 144 170 152 171 168 152 144 125 172 
159 151 148 132 145 130 156 147 152 148 151 147 126 126 135 169 152 127 141 166 144 174 146 159 142 132 151 154 153 169 153 145 152 159 132 144 170 145 150 156 130 133 173 132 139 127 131 136 125 128 166 161 142 147 165 158 166 157 162 146 

174 157 170 133 154 144 170 126 147 149 128 156 151 142 133 162 168 142 171 174 146 147 131 132 150 140 127 135 143 169 162 129 155 126 163 160 171 150 157 160 138 127 167 140 169 137 168 128 169 164 144 137 147 141 173 174 154 138 149 126 
167 130 137 172 149 169 126 155 133 139 160 144 126 174 173 160 147 155 149 151 139 165 149 151 167 147 126 135 172 156 171 167 144 159 164 167 154 147 132 148 144 155 132 153 145 143 172 138 156 133 151 134 162 170 126 165 150 169 140 142 
127 158 127 134 162 165 162 161 146 164 171 138 160 164 134 151 147 145 170 137 142 153 150 158 147 167 138 157 167 133 138 159 161 134 137 151 149 160 159 131 158 128 159 134 128 134 159 164 127 140 141 135 172 161 170 129 135 126 173 152 
169 125 150 157 174 139 126 170 170 172 157 164 136 142 154 169 157 137 154 135 166 152 130 147 143 132 135 140 150 133 158 143 157 152 161 154 135 163 143 128 171 160 141 166 174 148 167 142 172 134 165 171 157 160 172 126 127 154 171 144 
163 147 155 132 152 136 146 172 142 148 170 172 139 145 125 171 147 125 156 141 141 171 160 145 133 137 130 160 139 147 172 154 142 136 136 172 134 161 136 144 164 131 157 141 154 132 138 166 140 156 142 156 154 158 154 171 139 157 161 173 
152 156 126 174 146 168 161 155 163 168 132 172 166 148 134 163 139 142 168 169 174 162 138 131 140 155 139 165 166 161 129 156 153 162 157 163 152 132 152 170 125 128 172 136 147 129 145 172 159 133 166 153 153 167 153 148 137 150 144 149 
127 158 130 158 139 148 135 132 130 131 153 130 152 150 134 148 161 135 173 127 133 166 126 164 159 132 164 128 147 127 130 155 170 136 166 127 155 164 157 160 127 163 127 146 151 167 127 140 174 145 170 172 133 131 147 165 169 134 131 146 
163 162 151 174 166 140 128 167 152 135 128 149 125 152 172 168 125 171 163 165 134 156 163 164 148 172 150 132 155 169 133 172 167 169 137 162 172 138 132 134 136 173 160 147 167 152 141 148 157 163 174 147 152 157 131 141 152 164 137 137 
160 137 143 141 143 136 166 151 167 168 153 145 161 149 165 129 144 151 140 151 166 141 138 125 153 139 130 149 127 168 140 126 169 139 142 143 129 141 148 149 158 171 132 139 135 161 145 159 134 130 173 167 142 127 133 130 167 163 165 132 
163 167 151 162 156 132 174 137 140 127 150 157 135 161 159 165 163 150 174 152 173 158 132 130 130 149 150 171 125 125 148 155 125 155 158 159 145 126 143 155 165 165 135 149 147 162 149 154 172 146 144 173 148 143 172 158 154 140 168 147 
140 171 173 138 172 152 144 164 141 155 130 125 139 165 171 166 133 164 169 173 154 135 165 173 167 134 128 158 156 127 168 136 169 151 147 167 142 147 149 170 170 132 168 126 148 150 133 153 168 161 139 138 169 127 129 128 154 130 151 156 
125 138 127 164 160 135 170 158 138 145 163 158 130 139 163 173 172 154 132 153 152 152 170 138 168 143 133 163 164 160 126 137 153 146 130 143 135 153 135 129 146 157 166 154 169 160 129 156 132 158 152 173 134 172 147 148 158 151 161 152 
150 159 157 162 132 137 149 143 130 131 164 169 148 158 137 162 149 174 147 128 162 170 142 141 158 174 141 145 151 125 156 149 152 134 145 135 137 126 142 144 127 127 165 130 146 142 151 166 143 160 159 150 130 167 145 153 137 126 128 171 
142 129 164 161 159 142 142 132 147 165 167 136 144 125 144 143 157 153 169 129 169 151 151 170 160 149 172 132 162 170 138 125 126 147 141 167 144 156 147 165 168 173 172 159 138 126 141 138 144 170 144 130 143 164 152 164 151 143 149 128 
143 127 135 153 152 125 154 166 171 130 146 132 142 131 131 136 171 138 132 143 173 174 168 155 128 132 140 128 157 142 146 137 166 160 152 126 166 174 174 154 127 155 164 174 150 145 152 136 163 136 160 168 171 149 170 149 144 153 143 159 
154 129 170 136 155 150 143 159 160 129 170 150 144 164 149 164 128 141 168 161 145 147 134 127 154 165 160 134 151 130 168 168 146 134 139 169 160 137 167 133 142 160 158 162 159 170 152 167 158 150 170 167 169 153 153 156 152 154 143 153 
147 158 126 141 149 139 135 160 146 144 137 162 132 127 134 161 163 139 129 156 126 139 147 149 135 166 126 163 159 150 125 171 129 149 136 156 150 129 130 160 135 166 167 154 146 142 149 161 130 137 174 160 143 130 155 159 168 168 154 174 
131 142 161 169 161 128 154 149 146 136 128 133 156 126 149 129 157 144 166 151 126 144 163 173 154 128 172 160 136 135 153 153 170 139 167 174 138 149 173 145 171 142 147 161 142 137 147 127 130 128 126 157 141 143 174 148 169 145 149 136 
157 170 161 129 158 159 172 167 139 171 162 155 149 161 129 132 151 172 125 142 130 146 174 159 166 128 165 149 160 155 166 152 173 161 127 138 151 168 129 135 142 140 131 144 140 157 138 152 153 127 130 130 144 160 163 172 157 130 140 151 
143 154 169 126 132 166 144 143 171 135 147 147 134 145 166 138 137 126 134 167 165 163 171 132 145 166 129 141 151 126 170 139 149 158 153 144 146 166 144 140 157 126 152 131 148 167 128 138 155 143 146 164 145 164 145 132 137 171 153 130 
125 159 170 148 161 171 170 154 152 171 171 135 168 169 162 134 151 158 165 134 151 126 166 133 143 146 139 125 149 151 155 145 158 164 163 127 135 162 125 140 156 130 151 148 145 134 136 168 129 128 147 161 157 134 164 152 140 149 161 131 
135 155 153 142 146 155 143 132 130 158 153 137 138 155 147 160 171 131 165 164 146 129 172 148 156 155 138 156 171 125 128 163 145 173 167 174 157 161 134 159 161 135 173 152 150 132 127 165 149 131 140 155 159 127 159 162 135 158 160 147 
174 155 126 170 129 142 169 137 135 156 154 162 136 133 166 158 147 129 131 168 152 168 171 128 162 168 131 144 126 142 129 150 163 129 139 172 151 131 125 142 164 149 174 130 156 134 139 144 138 172 134 163 145 159 137 138 151 161 147 147 
149 125 130 143 136 165 136 152 131 136 147 173 135 129 128 173 156 155 150 143 137 161 136 168 135 158 139 133 167 173 126 138 125 149 159 171 170 130 137 144 174 148 153 137 125 135 155 144 157 130 140 137 156 128 171 174 166 146 138 163 
158 158 125 161 128 153 138 158 160 127 170 171 145 143 169 125 163 153 143 136 149 137 137 153 133 149 150 171 137 133 173 153 171 130 174 128 161 141 174 152 133 127 152 139 134 173 125 131 168 174 155 147 141 142 172 171 134 125 136 136 
169 173 167 133 127 150 154 142 142 151 164 145 146 169 149 172 161 141 162 173 162 137 166 170 169 155 142 155 146 174 145 155 155 160 139 142 148 171 156 154 160 133 143 152 139 165 131 157 131 143 138 141 130 169 126 137 139 141 165 156 
125 174 152 152 153 158 125 146 155 130 143 145 134 162 155 126 132 157 142 131 174 136 132 127 155 144 171 168 137 167 168 161 167 162 133 172 140 154 154 141 129 125 150 166 130 129 131 129 171 164 144 156 156 148 137 145 126 139 151 146 
143 137 159 151 145 174 145 161 170 133 161 160 156 129 128 154 157 152 161 153 152 151 155 173 131 132 156 171 173 155 136 161 140 174 170 170 166 149 154 173 168 162 142 148 174 155 172 161 172 146 137 139 142 138 138 143 147 166 152 155 
126 171 163 148 150 137 170 174 156 143 135 132 160 127 168 151 126 157 163 133 143 142 158 140 155 145 127 149 166 157 155 162 150 131 130 135 133 161 153 154 161 150 139 153 140 168 163 173 148 139 147 138 129 152 173 128 149 173 155 130 
156 144 138 134 154 171 173 152 174 149 158 172 173 126 143 142 130 151 141 150 127 144 173 133 125 142 167 134 143 162 141 143 172 172 161 127 144 138 161 146 139 127 173 138 158 150 159 129 145 128 137 128 127 126 154 134 144 126 152 167 
152 150 126 173 157 169 131 133 138 131 168 174 158 140 137 143 159 128 170 134 158 134 132 172 131 145 143 160 148 166 172 167 139 137 131 134 126 132 145 164 165 156 161 132 137 139 139 163 155 131 159 170 147 156 144 127 152 150 169 149 
145 146 160 141 140 133 146 166 164 169 158 138 137 173 161 165 150 160 127 150 144 130 166 157 139 138 171 169 145 159 139 171 174 150 139 166 161 131 159 135 127 155 161 133 142 135 165 145 168 137 125 125 172 156 125 134 143 129 150 160 
171 155 160 130 147 170 142 141 136 161 144 144 154 168 129 156 145 147 160 170 134 156 162 145 148 156 173 143 141 139 146 135 167 128 161 159 146 158 154 144 153 168 129 130 148 138 161 161 163 138 140 173 164 126 152 132 139 161 164 160 
154 150 155 150 157 164 139 152 162 142 159 171 141 160 128 150 154 154 143 163 167 133 125 159 134 134 171 173 135 154 173 141 163 168 158 134 150 127 140 169 154 163 132 172 125 171 146 164 125 125 171 162 168 172 165 144 141 167 155 132 
164 154 129 148 165 168 154 133 129 149 152 170 172 150 161 151 146 158 127 158 162 128 146 173 133 171 159 138 157 160 167 125 151 150 145 135 136 132 157 125 134 135 153 153 159 141 165 151 164 139 146 139 166 158 162 162 143 166 166 141 
169 162 162 170 131 164 157 135 163 165 145 140 125 125 171 138 157 167 174 161 127 171 136 171 162 125 138 145 143 172 134 153 150 163 171 127 151 135 153 139 173 136 152 128 174 146 129 163 170 151 162 156 154 130 136 148 132 143 172 167 
126 145 138 139 137 172 163 173 127 142 130 128 144 131 164 150 135 159 164 145 152 160 162 145 169 145 174 143 155 173 159 126 126 136 131 133 151 161 150 153 151 161 129 125 168 174 128 162 161 166 160 142 135 140 134 130 128 161 168 171 
129 125 160 162 133 152 133 144 130 131 152 146 128 160 165 160 161 151 138 152 155 158 128 156 172 139 131 142 161 128 142 172 149 144 166 135 152 146 164 152 155 172 147 158 145 150 127 131 143 135 153 146 152 133 163 157 145 158 148 133 
148 127 127 132 141 143 150 139 140 169 132 125 149 164 137 132 172 155 171 139 131 164 138 128 153 161 131 132 129 146 148 161 154 147 145 134 126 139 165 169 151 131 168 138 156 160 161 152 133 140 152 134 141 171 138 144 133 165 142 164 
137 160 163 142 166 166 149 148 166 144 127 156 172 144 155 159 152 131 133 128 139 138 154 142 129 146 162 157 166 127 157 139 161 142 139 160 162 141 145 173 139 157 165 153 167 162 165 145 137 140 138 145 154 154 172 140 125 138 147 131 
151 165 166 148 169 148 143 156 169 140 163 153 132 146 139 169 162 171 144 153 174 138 151 157 160 149 139 169 151 167 150 132 159 137 145 128 130 144 140 132 127 140 154 157 136 164 145 140 166 125 145 161 137 155 164 140 141 169 129 130 
171 151 156 140 164 173 152 156 134 140 163 125 169 173 133 159 155 159 154 140 142 132 127 136 137 169 137 151 143 163 162 166 149 146 135 164 140 145 158 154 166 160 129 155 160 157 142 172 147 145 155 133 157 145 129 131 168 151 129 133 
173 164 169 169 169 145 143 135 172 160 164 149 161 150 148 129 150 127 143 147 134 155 135 126 156 140 141 149 147 166 137 156 142 125 160 130 140 171 125 172 174 131 146 148 136 161 164 173 173 148 168 126 174 166 165 158 155 135 137 143 
142 163 159 163 126 137 154 151 153 158 150 138 174 137 174 138 152 161 161 136 127 161 168 125 133 173 145 158 133 166 152 142 160 171 156 139 150 153 130 138 128 131 126 127 157 147 159 128 171 132 172 145 132 170 133 141 164 170 141 144 
154 149 161 168 142 159 137 136 168 146 140 167 142 139 132 162 170 173 170 152 162 161 157 165 128 160 151 144 153 138 139 166 147 143 137 163 139 134 133 173 157 154 169 128 141 138 139 125 169 163 161 139 139 160 135 143 162 142 174 156 
138 130 144 147 169 146 168 169 142 139 135 126 174 163 165 151 135 164 138 129 158 151 159 169 168 142 136 169 153 172 129 170 144 148 131 146 126 128 160 148 174 153 129 154 166 144 125 170 162 160 134 162 160 166 166 154 161 168 139 160 
173 159 128 128 161 125 138 163 130 136 126 147 125 128 163 143 170 165 132 173 173 127 154 134 148 147 173 147 170 142 166 151 157 157 168 166 137 158 136 139 134 148 127 147 160 145 168 160 160 136 157 157 144 155 129 163 144 172 165 159 
163 160 133 145 125 172 144 163 142 131 143 128 165 145 131 146 145 140 130 131 139 145 134 137 155 125 170 171 144 139 152 146 141 161 169 139 158 155 135 152 145 159 172 160 136 151 150 158 173 129 159 146 163 137 159 145 137 162 162 165 
147 161 144 160 127 143 174 127 141 152 128 151 125 153 161 142 136 155 126 133 130 143 142 167 164 143 162 143 152 126 127 148 158 166 151 153 169 146 133 125 170 163 127 132 144 159 170 160 131 146 161 162 142 130 159 127 128 160 172 132 
157 147 162 130 163 156 161 137 164 160 130 133 137 142 127 142 135 128 138 127 139 132 163 150 150 138 153 130 126 134 155 161 169 126 152 171 140 138 173 144 125 127 152 151 138 155 171 173 133 139 131 139 156 143 128 172 146 155 159 132 
143 169 154 167 129 127 136 139 149 127 149 157 130 159 155 131 150 142 125 149 155 167 161 130 135 168 125 166 170 140 145 132 154 137 146 126 136 138 171 140 127 143 157 141 167 146 151 172 171 152 132 154 145 170 163 134 126 151 156 147 
135 162 146 127 125 129 163 169 161 137 148 136 128 156 132 153 140 137 139 137 172 163 153 167 132 156 131 136 141 142 129 161 155 145 155 129 162 163 164 138 150 172 133 138 167 142 126 139 144 158 163 171 142 166 159 171 125 146 164 156 
173 140 128 141 149 151 149 150 152 127 154 154 141 142 156 135 135 158 157 142 165 140 150 173 162 136 155 172 170 127 134 125 161 146 164 145 139 151 174 158 171 126 170 160 157 162 135 129 131 151 168 173 150 168 159 151 139 144 146 140 
125 155 170 125 151 135 156 131 125 150 151 131 127 168 149 169 139 155 172 166 128 156 138 144 164 145 145 166 157 135 160 130 154 163 144 147 141 128 160 147 159 155 134 171 128 128 144 164 129 168 126 139 166 136 159 158 129 166 130 140 
172 132 130 144 145 168 146 146 144 150 152 129 164 157 167 161 164 128 129 162 153 153 156 137 148 152 137 166 129 137 128 147 158 169 170 157 144 146 143 154 173 131 126 162 163 139 140 162 174 156 156 139 161 159 171 147 139 167 152 171 
159 174 133 159 127 130 155 149 126 143 162 137 165 145 126 133 173 129 173 165 144 127 139 162 148 154 164 156 143 164 155 148 169 156 139 133 127 142 126 135 132 132 141 147 168 159 160 159 127 152 139 132 161 172 148 162 149 164 146 153 
140 131 148 154 171 150 146 173 143 127 129 147 144 129 168 144 161 145 173 155 142 166 163 143 163 160 139 132 161 161 162 133 135 132 157 148 154 163 148 131 162 144 151 127 155 126 155 167 144 127 137 162 125 154 142 169 128 150 134 161 
152 145 136 173 171 151 169 158 147 169 172 166 163 137 135 159 152 141 156 170 150 162 138 166 163 159 142 153 152 137 157 167 173 156 147 153 165 162 157 170 138 129 150 145 129 171 133 154 143 159 165 151 164 150 150 160 166 161 141 131 
146 132 138 135 142 160 137 157 168 143 135 139 142 127 153 160 160 142 141 173 160 156 135 162 142 165 134 170 173 152 130 164 169 143 169 149 135 146 147 174 155 133 163 135 129 128 150 165 168 128 156 135 128 166 153 141 140 160 161 126 
126 165 154 130 156 140 135 139 155 145 164 154 145 130 168 148 172 160 150 138 163 156 133 129 156 129 170 130 141 162 167 127 149 161 145 166 162 160 134 154 172 134 155 145 141 144 157 141 139 157 140 142 141 143 145 159 170 147 131 157 

135 161 165 138 161 174 130 162 155 168 160 159 126 170 162 159 167 161 165 170 145 171 137 134 157 154 156 160 155 151 153 141 172 173 150 167 134 149 169 164 159 148 149 136 161 161 170 163 166 162 142 126 137 166 153 125 147 130 164 168 
157 173 150 172 134 132 133 174 168 137 129 147 142 132 165 172 157 157 169 152 125 156 138 170 167 131 163 171 140 173 136 153 172 162 161 167 169 165 162 174 139 133 143 159 171 155 138 136 173 128 139 136 127 151 131 161 139 156 163 146 
145 163 126 132 126 136 173 165 126 146 160 152 163 146 140 170 154 144 138 142 157 172 171 126 153 127 144 152 152 137 128 132 125 160 131 165 142 136 154 161 137 145 152 131 148 131 171 158 152 163 126 128 155 135 153 166 142 138 149 157 
126 132 170 139 155 157 147 128 147 125 156 168 128 169 140 130 151 133 153 154 141 162 125 150 169 167 152 159 140 148 155 155 141 164 135 156 135 149 131 151 153 143 163 159 130 135 130 158 135 126 149 146 125 171 130 155 171 148 166 133 
143 163 149 148 170 172 174 147 141 137 138 140 151 141 162 134 169 156 152 144 131 147 157 128 152 154 149 153 145 165 159 131 159 147 132 169 152 169 142 139 164 127 130 152 138 162 158 147 135 173 161 166 155 141 126 140 160 143 164 145 
151 156 157 126 169 158 145 164 152 147 126 146 133 151 158 171 160 154 172 164 150 165 158 129 142 172 127 147 161 141 131 161 128 172 166 167 163 146 154 172 151 131 127 126 141 152 126 163 161 160 132 135 165 164 154 167 146 172 157 132 
139 148 163 154 159 166 160 162 129 167 159 165 130 165 126 137 163 159 133 132 153 137 128 140 125 133 125 139 129 151 169 129 141 149 138 145 135 141 169 156 161 138 132 139 129 135 148 138 163 174 137 164 130 151 170 170 136 135 170 147 
164 127 133 132 161 174 152 152 141 142 149 170 154 133 159 163 137 147 138 164 143 158 163 137 150 156 170 163 125 132 135 144 143 149 141 148 165 153 132 148 129 155 172 174 168 140 161 126 155 174 150 160 154 130 147 171 174 163 152 159 
130 128 130 158 166 161 146 167 160 169 160 162 139 130 133 129 147 170 127 133 129 147 128 168 164 128 125 159 145 130 137 129 157 167 173 165 168 134 161 160 138 171 137 167 145 133 143 140 143 159 167 146 160 157 141 156 147 133 138 169 
166 125 139 135 166 164 159 153 126 149 162 154 150 128 161 160 161 166 162 128 125 160 174 166 156 130 134 158 153 145 162 135 167 127 146 133 151 145 143 134 157 157 151 174 154 164 155 127 143 164 139 168 161 149 138 141 158 130 171 134 
135 153 130 131 143 167 148 157 141 146 160 136 132 159 149 149 160 134 137 166 147 131 138 133 166 157 159 163 146 139 133 161 146 164 145 149 139 150 155 172 129 134 127 142 148 173 166 125 153 152 139 139 141 163 157 131 141 146 155 154 
126 149 164 131 174 151 128 156 159 138 170 153 137 158 163 146 126 150 164 164 149 129 136 174 163 144 148 146 152 167 141 139 162 135 161 148 154 140 152 143 138 128 143 166 131 125 143 147 153 136 162 157 149 163 169 137 127 164 133 165 
126 133 170 141 138 137 149 142 131 156 146 170 141 125 137 159 139 164 163 147 143 140 161 150 149 142 164 140 159 163 142 130 154 130 171 149 162 149 151 159 144 145 128 161 126 128 166 161 163 173 149 167 160 131 145 164 156 172 165 144 
163 148 161 169 131 139 165 129 137 141 142 135 131 163 151 134 139 128 152 144 132 130 137 129 149 162 131 136 163 142 138 168 138 131 143 170 140 169 174 129 147 156 171 140 143 128 142 165 161 142 143 171 147 153 162 136 145 169 128 146 
160 137 133 174 154 152 157 163 145 138 161 135 132 134 156 129 173 129 152 168 148 134 170 167 152 150 160 143 146 173 142 174 134 143 160 158 125 137 134 130 154 128 163 133 164 133 173 142 166 135 150 126 167 167 150 126 161 137 136 150 
172 126 165 146 160 148 169 174 168 134 152 148 171 170 125 125 164 151 157 129 148 138 155 135 169 150 157 132 174 156 134 161 161 170 168 136 165 161 135 166 131 142 150 153 154 172 153 163 138 132 133 157 157 154 144 131 174 127 170 138 
174 160 153 142 143 140 140 133 136 142 135 132 163 144 163 133 146 129 134 149 132 174 134 167 143 154 154 138 170 127 154 138 157 132 157 160 130 131 157 153 172 169 154 146 148 125 139 141 158 129 162 166 162 138 165 161 130 163 157 128 
134 129 174 164 155 150 133 138 126 147 161 173 162 133 163 141 156 144 148 137 140 138 167 125 146 160 135 129 139 173 150 149 153 132 155 153 162 173 163 155 147 155 153 134 157 126 135 136 166 136 166 160 141 165 162 137 166 131 126 174 
131 143 138 168 151 165 142 132 172 160 136 145 152 162 135 157 153 163 127 147 140 141 163 165 151 168 140 125 147 164 137 144 140 143 150 171 169 151 129 174 154 129 168 160 157 145 167 166 130 129 147 150 166 173 135 147 148 173 129 150 
170 144 127 148 167 157 173 144 164 157 136 167 160 167 130 126 154 169 139 168 145 152 161 134 166 161 164 167 157 129 139 161 143 141 161 156 131 165 136 170 140 128 151 166 169 159 170 160 138 153 171 125 155 150 152 138 159 126 127 134 
153 151 137 162 150 138 134 134 153 126 170 130 162 165 129 173 135 133 168 150 131 155 129 152 126 154 137 140 128 128 127 136 138 145 164 125 169 127 147 170 149 134 170 145 153 143 127 171 142 130 129 158 172 174 148 146 158 132 163 174 
164 143 171 125 158 164 151 133 134 152 170 128 154 134 136 143 151 147 141 135 155 142 156 140 136 172 174 163 137 153 141 126 125 151 128 136 155 147 147 148 168 159 170 139 142 129 134 134 129 154 163 172 148 135 157 146 136 166 146 128 
152 161 130 164 171 150 151 127 136 136 135 156 139 130 143 159 166 153 152 133 130 141 140 156 142 127 127 147 125 151 137 162 161 135 155 126 128 142 125 142 154 161 150 174 166 133 152 144 136 140 131 161 169 152 145 131 163 132 165 130 
158 156 174 127 161 157 163 135 169 139 130 140 132 153 148 138 155 132 171 166 128 141 162 131 150 132 167 145 140 138 162 162 127 171 137 154 126 165 152 157 141 125 153 168 142 151 149 130 147 164 126 139 157 146 140 173 157 171 169 139 
125 144 150 125 153 156 144 134 170 125 165 174 156 164 160 154 150 172 150 136 145 136 143 163 140 135 174 125 136 144 125 130 173 139 160 174 137 138 161 132 141 155 132 154 129 125 169 139 153 147 132 130 138 132 132 143 144 144 168 172 
144 156 134 150 166 150 172 133 145 172 152 161 147 165 135 172 161 138 138 140 147 144 153 168 156 154 164 136 154 161 151 168 150 168 162 148 171 125 159 141 131 130 155 132 155 140 128 153 173 149 126 158 130 168 148 132 138 174 170 129 
162 156 170 162 130 174 137 148 172 156 158 156 136 127 147 128 162 141 157 151 150 165 169 168 153 126 146 154 129 159 130 170 156 167 162 154 126 167 158 167 127 158 166 172 139 151 153 160 135 152 170 148 133 147 170 149 140 159 142 148 
150 164 159 150 166 165 133 152 170 159 126 135 154 155 153 126 140 146 170 151 128 159 154 146 157 127 158 153 136 127 154 138 151 148 157 151 135 166 136 126 171 143 126 166 144 130 174 129 125 127 145 143 147 156 146 131 171 128 137 134 
134 130 162 126 162 142 129 173 141 147 153 163 125 152 127 148 150 158 146 128 168 137 150 138 140 152 158 149 159 133 134 141 138 172 147 136 142 139 144 152 132 172 133 146 160 129 168 134 129 144 141 171 125 132 137 137 160 131 144 157 
164 157 161 155 135 140 172 172 126 142 130 156 169 171 126 154 139 159 132 173 149 132 172 171 136 166 140 159 163 161 153 133 145 169 126 126 161 125 127 156 141 139 126 150 161 134 127 151 135 151 163 138 168 158 164 155 129 156 166 156 
134 142 157 152 163 137 167 170 172 157 137 157 146 149 149 133 164 145 161 150 130 169 131 131 166 168 132 151 159 136 169 141 129 126 152 160 151 137 154 143 136 174 149 128 135 166 170 156 129 136 170 145 158 127 155 145 132 157 166 142 
143 145 130 151 140 156 166 162 133 144 144 144 174 133 131 137 152 158 157 151 161 146 135 138 168 168 157 155 144 164 141 153 154 173 125 149 140 167 130 170 153 155 149 169 130 167 166 170 131 156 172 135 129 161 161 143 141 159 165 132 
140 172 128 153 127 126 164 148 131 168 153 125 125 126 135 133 165 163 151 153 125 162 174 130 133 143 146 156 172 142 134 173 126 165 162 163 154 168 152 173 147 139 154 153 127 142 129 134 169 141 155 174 168 140 172 129 141 147 160 157 
164 139 169 133 172 156 160 127 154 155 174 155 149 139 157 174 166 172 155 174 143 142 159 126 157 137 162 149 173 149 148 168 133 130 150 135 148 143 174 158 157 164 148 164 164 165 132 134 154 165 127 173 164 165 167 138 167 145 126 144 
130 128 126 173 169 132 132 167 160 141 149 143 171 127 134 173 164 168 158 157 137 128 164 164 140 142 149 158 171 131 154 125 127 161 138 167 142 134 164 168 173 142 160 145 150 173 128 136 125 142 156 168 127 154 132 128 143 125 158 149 
167 139 131 133 156 144 129 160 168 169 132 159 146 165 154 153 152 148 145 144 153 147 163 127 160 129 144 163 164 141 132 165 174 161 149 146 163 131 135 158 147 135 150 147 146 141 132 168 147 167 155 157 138 163 138 143 164 156 168 141 
156 171 125 136 173 148 141 166 133 158 156 158 126 145 138 157 153 128 169 144 173 152 169 156 156 159 148 172 137 163 172 151 125 171 137 138 153 133 141 169 125 126 147 153 148 170 155 164 169 135 149 168 170 158 131 174 130 156 126 129 
166 128 131 159 126 153 140 161 173 146 157 169 145 154 171 164 126 163 144 171 166 165 170 138 141 160 140 136 126 157 169 147 125 156 158 146 128 125 151 137 144 152 125 129 136 166 174 131 138 149 152 166 152 140 152 166 144 156 132 145 
132 128 149 173 171 150 155 159 172 141 147 147 148 156 141 154 134 141 145 146 155 133 135 156 133 134 142 125 136 133 149 135 131 141 134 132 167 150 145 165 157 157 170 167 151 131 141 146 144 148 159 161 125 136 150 160 133 143 141 144 
153 146 148 132 149 125 132 161 174 164 125 147 160 137 161 142 172 125 156 146 136 126 128 152 128 136 143 133 167 147 134 152 162 150 129 134 156 163 130 138 133 144 133 153 134 158 134 125 125 171 141 144 140 147 174 165 167 144 160 151 
146 157 135 136 140 164 167 145 159 157 131 146 165 143 135 151 151 144 169 142 130 126 125 157 139 134 137 129 151 170 125 128 133 146 169 135 161 139 127 134 125 155 165 160 163 125 143 143 173 163 143 125 163 144 150 125 138 161 172 149 
156 173 148 148 126 126 166 169 133 169 144 166 137 136 125 159 173 134 130 142 154 162 172 157 142 153 151 140 174 128 132 171 169 170 125 160 137 144 132 148 131 155 159 158 137 130 136 147 157 136 166 139 152 167 135 166 129 134 156 139 
134 133 163 134 131 161 132 165 173 173 135 154 165 141 154 143 139 126 157 140 147 171 125 125 170 125 169 131 145 161 137 162 157 168 149 152 166 135 142 130 134 163 158 141 140 127 172 161 132 148 133 157 161 148 132 149 160 130 170 166 
153 165 132 127 169 132 145 147 153 153 147 147 158 152 143 164 127 174 174 127 151 167 138 154 151 147 167 162 129 158 164 151 129 149 150 172 154 137 136 138 138 132 141 138 173 135 148 133 163 162 140 170 133 135 161 135 131 168 132 145 
153 154 127 150 153 135 150 164 171 149 167 135 139 156 125 126 132 128 166 141 147 137 166 158 135 127 143 145 142 129 169 134 159 155 127 137 151 143 168 135 138 150 129 136 143 139 134 160 155 126 165 170 152 172 157 158 153 125 148 152 
149 133 126 168 167 157 141 169 161 160 170 153 159 140 132 148 145 131 137 138 162 130 144 150 130 126 160 168 169 165 142 126 140 140 160 134 125 150 132 160 130 172 132 170 149 149 134 165 128 170 153 127 138 173 164 171 166 172 146 155 
126 146 151 144 160 173 135 140 148 167 163 171 125 166 173 143 145 143 164 172 162 157 157 134 166 174 173 143 145 132 170 128 164 137 169 148 158 172 146 173 126 145 167 162 133 162 140 136 174 140 126 159 170 157 165 140 127 144 136 153 
133 166 139 149 167 172 147 151 151 152 130 132 132 133 156 131 145 130 170 144 156 155 157 147 143 130 131 138 133 141 169 128 126 164 139 143 151 158 144 141 134 166 127 168 144 164 145 136 164 129 149 172 167 172 166 161 142 164 164 152 
173 152 161 130 174 159 136 132 147 130 172 163 144 173 150 165 153 132 159 144 163 158 168 143 168 144 125 164 135 155 166 146 131 169 129 151 138 145 160 154 172 147 125 130 153 169 131 139 164 138 174 169 148 169 169 154 125 147 128 173 
170 138 146 158 160 155 167 171 162 160 150 138 150 148 139 131 167 161 144 143 140 161 157 134 163 163 131 163 137 143 130 159 131 173 146 155 147 131 141 134 133 131 157 145 125 144 151 145 132 161 154 161 136 169 165 162 168 171 133 156 
165 141 150 130 142 156 128 146 139 153 158 145 140 156 145 129 156 174 135 166 148 144 139 140 128 160 151 134 152 144 173 161 148 132 156 129 151 173 145 131 165 159 140 162 157 156 164 133 127 126 174 166 129 139 173 131 172 148 129 137 
155 158 149 131 158 158 141 172 163 165 171 153 127 132 172 151 164 128 162 170 148 174 159 148 130 126 138 143 163 125 141 154 143 161 126 128 132 163 142 161 126 143 171 143 151 154 159 154 154 161 155 138 163 161 130 159 159 162 127 145 
159 133 140 126 146 157 127 145 145 137 147 134 126 127 172 168 147 137 125 156 151 143 159 160 129 146 133 126 171 163 135 130 160 163 133 151 138 150 136 173 141 148 165 142 126 134 130 128 153 166 160 129 174 155 130 143 164 153 152 137 
136 173 173 169 142 158 129 156 166 164 136 170 162 174 136 146 173 168 155 154 149 142 157 130 148 126 161 170 152 129 169 158 129 157 157 161 126 131 164 160 130 174 172 148 154 157 171 166 133 169 149 154 136 170 160 155 167 153 172 140 
145 169 128 132 125 166 170 151 140 143 170 154 159 140 141 154 174 166 147 145 170 160 156 159 156 129 163 172 136 145 145 133 171 139 130 154 146 150 147 147 145 148 148 159 168 159 155 158 164 131 162 127 130 170 166 150 141 138 131 131 
153 128 166 149 164 146 151 160 133 139 149 160 130 135 173 154 151 155 148 163 144 171 161 159 147 132 164 164 152 125 167 166 165 137 135 160 169 162 129 145 166 127 137 174 161 154 151 152 133 145 140 156 161 126 173 147 127 145 133 128 
135 125 158 156 173 162 126 164 147 158 143 168 156 169 153 130 127 151 147 161 171 128 148 129 128 158 157 141 153 167 172 148 134 127 162 156 130 171 131 128 149 130 131 170 157 156 171 156 138 151 144 128 163 153 137 144 169 174 139 148 
130 140 136 139 151 155 174 143 174 142 145 173 128 130 162 168 163 152 144 174 149 170 165 169 135 146 155 173 132 162 165 169 144 152 146 147 163 135 137 168 126 146 144 161 157 137 149 137 135 133 168 129 152 136 132 130 144 154 166 152 
166 136 160 146 165 171 131 163 146 146 154 128 137 147 140 134 129 129 126 162 150 144 149 145 155 164 128 163 146 152 171 171 144 139 161 171 147 166 141 152 152 160 142 148 131 169 151 150 167 167 126 156 149 142 147 141 152 171 152 145 
127 140 154 152 161 146 125 174 150 148 145 170 148 153 146 168 130 143 136 134 164 135 159 136 173 140 159 132 136 139 128 128 143 132 157 155 135 145 162 133 162 167 146 128 135 126 125 162 126 148 131 142 164 136 137 160 128 129 163 146 

