2
100

83 53 
77 62 
55 90 
99 60 
86 52 
74 83 
77 91 
82 95 
50 93 
52 70 
94 71 
58 85 
67 83 
77 69 
70 69 
85 68 
51 80 
58 99 
62 66 
53 53 
64 98 
74 76 
82 58 
86 97 
60 72 
88 73 
60 85 
61 82 
53 75 
65 53 
68 51 
52 58 
86 96 
98 69 
51 99 
71 58 
76 55 
73 77 
94 85 
98 84 
92 79 
51 89 
78 87 
59 83 
77 92 
53 62 
71 57 
66 53 
75 89 
52 81 
98 88 
77 66 
64 72 
56 60 
70 80 
79 83 
86 97 
84 72 
61 88 
52 61 
79 78 
89 79 
60 52 
78 51 
87 94 
75 50 
70 94 
76 67 
71 90 
68 78 
56 62 
67 99 
85 89 
63 98 
55 91 
51 54 
84 76 
50 88 
97 50 
61 87 
62 77 
69 72 
89 58 
60 57 
80 65 
63 66 
99 86 
72 57 
93 81 
75 60 
92 56 
70 92 
68 54 
50 86 
66 57 
54 56 
70 92 
50 63 
51 89 
98 57 

69 83 80 87 60 81 71 75 81 72 55 73 68 63 79 68 50 65 55 79 88 59 93 64 91 80 57 53 84 86 64 89 54 91 63 87 66 53 98 66 61 84 54 84 92 61 76 71 92 85 66 57 95 79 56 84 64 96 79 77 71 71 62 61 68 73 76 96 60 98 97 52 63 51 53 58 84 68 56 85 80 91 65 88 84 55 67 93 94 92 94 61 69 72 51 51 54 60 65 57 
99 78 82 96 66 93 66 92 65 78 90 98 60 90 87 69 57 80 84 66 79 70 91 93 90 90 76 83 58 78 51 69 50 58 89 53 56 69 52 58 60 94 73 77 89 94 96 73 86 52 63 76 81 67 83 72 51 78 55 69 59 85 99 67 54 79 60 73 78 92 66 69 93 50 63 74 59 50 92 93 80 58 79 61 67 94 53 78 90 63 97 53 90 96 80 51 60 70 61 65 
75 95 83 89 94 72 75 72 94 54 73 61 94 86 74 71 82 87 67 82 86 85 99 59 63 78 52 69 75 63 96 73 71 69 52 70 53 93 84 58 55 82 87 87 63 57 74 50 52 62 68 73 74 84 52 93 63 60 80 67 83 79 83 83 77 70 86 57 77 82 59 84 81 55 80 91 97 57 95 71 68 86 56 72 61 92 93 80 51 79 65 55 62 84 60 86 89 53 60 89 
87 91 99 90 92 77 63 55 56 66 91 58 98 93 66 79 58 72 72 88 72 70 51 80 92 85 74 58 65 98 89 55 64 97 61 87 68 95 58 83 58 79 75 92 86 58 86 56 77 71 71 91 60 92 77 67 65 53 82 99 74 65 63 50 78 54 98 80 84 86 63 54 50 69 82 69 73 50 61 52 50 52 93 53 84 98 81 77 82 55 96 53 98 78 58 93 54 60 59 95 
86 74 79 70 93 96 95 50 61 84 63 91 82 51 55 58 92 94 53 61 67 80 78 75 55 79 60 60 68 51 59 65 52 84 58 61 64 82 93 60 87 99 87 78 60 78 97 57 57 68 95 84 50 78 96 58 72 82 63 84 70 79 64 96 52 63 77 98 63 50 50 78 76 50 74 97 58 66 82 69 82 81 82 72 55 92 64 90 60 77 55 66 88 54 95 55 64 85 86 79 
82 93 93 99 51 85 58 89 71 77 67 60 60 73 62 54 72 78 97 61 92 71 66 62 59 96 61 59 58 65 53 50 89 84 67 68 92 76 81 82 87 80 75 93 62 59 58 92 91 70 70 76 78 50 54 54 74 60 81 98 86 65 64 66 77 92 77 87 53 58 71 75 57 60 94 84 89 79 83 75 65 84 90 62 59 70 53 82 52 95 73 58 81 61 86 67 95 86 90 74 
89 77 64 67 53 89 90 74 96 54 62 82 55 60 77 58 51 51 50 85 78 77 94 60 89 99 81 56 85 59 83 63 61 53 52 51 67 68 66 66 54 97 71 71 79 91 63 74 98 80 93 65 88 81 64 75 87 87 61 70 90 87 68 50 91 65 96 54 62 53 75 97 94 59 85 86 80 75 55 80 75 96 89 62 84 89 50 84 72 80 86 65 77 74 52 99 65 86 51 94 
83 69 53 91 64 86 89 80 98 71 69 50 94 91 86 60 51 93 73 77 63 57 74 84 54 77 76 75 98 79 55 88 75 55 76 88 73 82 61 88 50 77 66 60 95 90 96 72 64 54 85 91 89 93 55 62 88 81 50 64 76 85 81 88 69 74 63 56 81 50 82 84 92 77 59 69 59 59 72 59 63 67 62 75 56 96 76 90 57 63 93 84 68 65 87 94 75 69 84 68 
98 62 50 70 61 93 94 72 60 78 69 56 85 63 87 75 94 71 75 84 92 99 70 88 59 74 82 59 64 80 56 99 72 63 87 52 88 80 60 76 87 99 51 96 55 81 87 56 58 85 66 98 81 55 73 86 77 94 87 81 59 64 72 55 57 80 83 99 78 58 83 75 73 98 79 92 75 98 98 98 78 93 71 53 72 85 63 59 87 95 73 50 63 92 61 93 88 50 54 89 
88 94 83 93 54 55 65 78 86 94 93 68 57 56 77 70 61 64 92 50 82 84 77 96 98 72 79 80 62 83 76 98 96 80 72 72 99 89 59 78 87 73 50 91 71 90 81 72 65 73 87 78 67 61 70 62 57 50 67 58 69 82 56 82 74 56 78 90 73 68 85 54 62 84 69 64 87 60 61 76 99 63 53 65 52 53 51 62 76 55 74 65 87 50 59 89 77 57 94 99 
63 50 93 50 67 63 98 51 88 96 83 98 65 82 95 97 78 58 76 64 94 72 83 87 67 72 63 55 81 97 56 55 94 63 62 52 76 92 93 85 68 69 60 77 84 90 71 74 99 91 69 59 69 51 86 90 68 61 65 70 67 50 73 50 84 53 83 84 64 82 50 96 75 92 71 77 77 94 85 58 70 80 51 68 94 62 81 67 70 76 93 96 78 50 90 66 79 79 94 98 
92 89 54 57 86 80 59 75 89 87 50 87 62 69 72 96 98 55 94 95 81 86 80 52 62 86 56 95 67 83 52 74 87 60 92 89 60 73 63 75 83 85 69 50 59 73 56 88 95 69 85 72 65 77 74 85 54 94 94 99 94 59 60 70 72 75 68 72 73 56 88 65 86 78 92 82 95 73 84 53 82 78 98 50 75 74 92 58 93 78 62 76 65 89 51 58 73 63 85 65 
65 54 52 69 78 69 88 93 94 94 67 54 84 82 83 85 75 96 56 93 61 53 69 99 95 52 79 92 96 56 78 83 74 61 81 97 51 53 88 95 85 95 65 61 82 62 96 75 50 54 96 86 97 90 69 53 94 91 88 98 68 55 63 90 52 69 51 70 74 53 89 67 66 71 73 65 54 95 78 97 56 55 89 81 60 99 57 64 60 71 98 83 75 50 60 58 54 99 89 51 
58 86 77 89 71 69 74 54 55 69 94 73 97 52 72 93 70 83 50 73 64 97 83 84 54 56 98 75 83 72 74 65 65 62 97 88 73 55 94 66 83 51 92 82 51 74 97 89 71 73 68 96 97 89 67 76 51 75 67 97 57 55 90 88 83 84 86 75 66 98 77 63 61 95 62 69 89 90 64 99 89 95 72 53 67 66 57 99 85 92 57 90 85 62 54 81 78 68 75 50 
82 93 83 70 61 86 74 82 99 60 65 55 67 52 83 98 75 98 65 65 83 73 94 59 75 84 98 59 65 62 98 95 64 76 53 62 73 88 83 56 87 76 53 90 52 62 58 76 70 65 87 91 90 80 60 83 67 85 75 99 59 61 88 92 70 57 86 66 94 51 75 98 89 99 77 91 94 79 51 95 60 50 81 77 79 56 60 54 84 81 96 91 60 69 97 93 62 99 88 70 
58 86 56 73 96 78 88 51 81 62 94 83 96 71 99 94 91 62 61 61 85 90 55 58 87 77 89 77 82 55 99 60 75 92 71 83 85 71 97 68 81 63 89 74 60 92 71 71 60 96 80 55 56 84 91 51 61 75 70 55 84 56 70 66 56 87 51 69 69 81 95 87 86 78 83 96 60 95 92 94 75 97 74 95 54 93 88 85 80 88 56 88 76 71 55 86 77 83 81 96 
69 91 60 52 73 92 55 85 61 67 92 57 85 56 58 93 54 77 53 90 69 75 61 98 82 64 85 93 62 75 79 92 93 72 80 64 68 55 60 74 71 96 68 66 94 63 94 82 82 91 79 81 79 79 62 93 52 79 57 95 70 59 61 78 73 54 70 76 71 92 57 89 98 71 94 62 98 72 98 62 95 85 87 79 94 74 91 65 96 97 54 74 50 65 52 67 89 67 88 52 
51 90 76 58 93 66 92 93 94 55 94 58 89 50 81 67 82 65 53 75 65 74 87 61 83 92 65 90 86 80 94 65 60 90 95 96 80 53 60 60 76 54 84 82 87 88 51 92 59 68 72 72 65 61 97 65 62 88 91 62 68 72 82 91 91 75 85 98 85 53 95 65 61 77 52 52 63 85 63 52 53 85 70 97 72 70 96 53 52 72 99 89 68 64 63 68 60 64 84 65 
96 88 99 99 63 79 60 50 66 76 54 89 90 77 79 85 56 58 75 54 91 77 63 50 98 83 71 95 91 53 87 84 89 58 50 81 96 98 86 56 59 56 74 80 72 86 73 85 74 53 71 84 93 76 54 91 92 55 71 83 75 75 82 61 69 67 63 66 67 66 66 57 88 70 75 67 85 66 68 63 54 71 96 69 67 85 93 85 83 57 56 96 50 54 50 89 52 89 89 87 
70 59 78 56 87 59 88 51 81 76 83 65 94 75 91 84 70 69 52 87 70 52 68 51 64 83 92 66 65 77 50 71 85 81 76 92 91 99 78 54 92 65 95 55 70 96 89 82 90 66 69 92 63 54 90 89 95 87 81 53 91 80 73 60 84 60 99 93 90 51 71 72 85 82 61 83 88 55 87 68 59 85 58 72 56 94 99 57 68 92 76 59 95 97 67 85 50 84 54 81 
62 66 61 97 79 83 60 56 94 85 84 93 90 60 67 70 77 82 58 67 71 63 64 65 85 99 76 64 62 61 60 64 98 52 93 65 87 75 58 76 59 94 66 67 57 60 84 54 98 56 90 59 79 57 92 50 79 53 53 53 87 76 63 99 57 58 67 97 66 63 90 65 94 70 90 56 79 81 88 55 77 60 74 66 53 91 94 65 68 87 90 52 93 54 65 59 76 75 56 61 
58 50 51 76 70 51 64 74 70 63 73 97 58 70 72 57 64 94 79 86 68 97 67 75 54 53 93 85 71 57 88 58 85 57 57 83 86 54 91 77 79 57 54 55 55 65 70 70 85 82 76 80 60 67 61 90 84 93 83 72 53 88 57 96 76 71 66 71 67 65 72 84 55 77 59 93 84 67 76 64 56 51 83 50 91 69 68 56 82 64 81 95 94 60 64 87 97 88 77 74 
89 67 75 82 70 70 97 81 76 84 81 60 79 76 68 95 66 96 95 53 88 96 99 87 99 87 77 82 61 92 51 59 83 58 98 78 88 58 77 53 93 84 55 66 84 50 63 56 92 57 51 89 77 68 93 71 70 85 91 98 67 69 87 92 52 56 70 84 73 95 61 71 64 63 95 52 54 91 73 83 59 89 96 54 75 57 99 67 70 63 51 55 99 69 58 56 97 64 80 61 
68 92 90 96 56 66 90 77 84 64 66 56 90 56 70 96 93 81 90 95 91 95 90 53 72 74 59 65 95 82 78 56 56 85 78 68 59 79 61 55 85 75 57 51 73 92 92 88 56 60 61 81 80 75 98 57 61 96 68 74 55 81 59 92 50 93 97 70 83 72 63 96 59 91 62 90 52 67 89 62 71 74 56 86 71 88 65 79 84 88 58 96 87 98 66 85 52 57 75 65 
55 79 65 62 51 60 68 92 68 71 91 55 80 87 86 88 78 77 61 78 86 85 68 95 54 54 77 67 91 78 93 69 60 87 72 58 97 89 70 70 62 82 86 53 51 82 54 93 70 59 59 66 97 73 75 72 71 86 50 58 79 73 81 71 90 65 96 91 84 88 69 83 52 87 54 94 97 55 60 52 64 64 77 60 56 75 73 90 98 94 96 95 92 97 66 76 65 51 63 56 
92 66 88 90 93 77 91 90 92 57 76 80 71 84 61 90 78 63 78 93 53 76 73 65 82 84 51 64 64 76 86 89 86 69 76 79 81 66 93 66 61 88 89 99 84 71 83 84 68 98 92 90 55 74 67 77 92 92 89 99 54 70 56 73 95 84 60 94 65 57 78 82 71 62 91 53 63 61 52 58 58 84 90 78 69 90 85 56 88 92 92 50 52 99 83 61 87 81 85 67 
76 96 94 53 94 66 63 58 54 82 87 62 58 67 76 77 76 99 83 58 93 91 96 52 52 70 63 77 73 58 92 96 99 59 61 92 77 71 68 67 58 52 77 69 87 58 51 70 63 70 77 99 78 97 56 72 73 98 83 85 65 90 87 64 96 75 93 50 91 68 81 84 59 76 93 76 89 97 76 90 90 59 55 67 53 51 98 74 88 62 89 68 53 62 53 82 95 87 88 55 
85 78 62 63 71 80 97 94 80 55 76 74 65 50 54 50 98 59 82 81 81 55 75 82 96 78 79 51 91 63 96 96 88 72 82 54 81 51 60 51 73 95 68 98 77 72 67 79 90 68 78 75 70 89 84 55 60 66 87 74 76 72 91 59 88 52 77 71 98 79 79 71 64 63 55 53 76 51 69 78 89 52 67 51 68 81 66 62 56 54 65 71 59 83 82 80 57 81 75 69 
71 90 99 66 82 66 62 91 73 87 50 79 92 93 92 62 71 68 96 57 65 52 66 63 71 91 60 95 58 80 78 96 87 58 96 78 93 81 78 96 50 74 61 68 95 68 65 72 96 72 55 69 79 83 68 85 76 97 82 61 96 97 69 60 50 54 69 60 64 52 52 88 73 76 98 55 50 96 59 92 66 85 85 68 93 73 93 82 97 90 52 78 78 72 57 70 94 68 71 50 
68 55 60 79 81 68 88 68 64 86 83 92 96 51 60 89 82 79 60 96 64 91 92 70 98 68 52 65 95 72 66 92 89 89 66 86 83 52 91 56 62 65 87 95 62 65 96 82 50 87 99 97 80 58 90 73 56 61 63 94 88 56 90 58 78 54 50 76 55 94 86 63 54 86 67 95 64 54 80 87 76 50 85 62 94 91 82 70 94 50 79 89 82 62 82 72 79 78 75 96 
94 92 87 93 98 96 98 60 82 86 85 53 73 99 77 75 82 82 54 89 79 85 68 68 83 92 62 76 79 64 84 89 83 76 66 95 90 83 62 95 68 98 98 50 58 60 87 92 97 50 81 87 59 84 61 96 82 53 97 55 67 79 67 72 88 76 61 87 54 75 63 66 60 66 56 65 85 97 52 74 87 94 98 96 88 68 57 83 63 97 58 69 62 55 55 58 89 61 67 68 
77 90 62 71 97 60 72 74 55 88 84 50 88 50 69 52 72 74 93 94 96 90 85 87 79 71 50 92 85 89 96 62 92 69 55 89 51 73 80 83 91 78 53 84 95 67 58 85 67 76 56 75 83 53 58 84 58 64 97 63 86 67 87 78 60 76 62 78 50 56 53 51 67 98 65 90 70 57 60 59 74 62 66 58 60 59 53 89 83 92 93 80 96 64 89 68 72 53 99 88 
76 73 71 73 62 97 98 86 99 85 55 86 97 77 88 62 71 83 67 60 80 91 68 69 61 65 58 80 85 55 50 65 84 72 87 59 59 72 88 93 68 88 83 99 77 56 77 71 64 63 75 92 67 69 83 51 93 60 74 61 72 60 67 82 53 82 98 94 77 74 87 51 91 76 50 63 71 93 85 65 56 61 68 97 99 60 64 96 50 84 63 80 73 87 74 84 51 98 99 92 
97 65 67 70 62 88 91 99 63 53 96 60 59 75 66 78 80 67 51 90 52 82 88 59 84 81 65 85 70 80 90 79 62 63 75 66 76 73 62 82 67 82 55 76 57 55 52 64 57 51 82 63 64 56 99 79 87 90 84 50 54 85 62 79 58 96 58 54 51 90 74 63 69 52 68 60 62 75 94 84 57 77 91 70 52 98 92 76 94 92 60 96 97 65 55 68 79 71 98 64 
62 89 65 70 78 55 53 59 58 72 91 73 95 84 79 53 60 63 86 80 72 91 89 91 85 74 60 58 55 77 80 78 70 98 65 86 88 55 59 68 76 78 67 93 99 96 92 55 76 55 71 77 88 91 94 63 64 82 89 54 54 64 55 74 59 96 99 85 75 86 83 74 66 54 75 50 50 52 71 61 66 85 67 77 78 78 86 90 58 98 50 96 56 62 56 67 52 56 76 82 
51 99 85 61 94 93 83 55 53 80 92 62 81 70 95 98 84 53 60 62 70 57 80 71 67 90 89 84 82 77 99 70 92 75 66 78 66 85 74 95 53 53 59 84 87 62 76 58 73 79 77 92 71 63 59 81 53 64 78 68 76 88 70 88 73 74 69 50 69 53 91 69 77 69 66 82 78 72 94 63 50 79 88 95 69 90 76 93 87 99 90 84 98 93 58 77 93 88 75 62 
75 79 69 63 84 86 96 76 99 84 82 69 50 87 89 94 73 61 72 91 72 96 75 73 70 58 97 82 77 57 64 64 51 86 82 82 50 68 65 53 97 88 71 56 95 66 72 59 54 93 84 83 67 71 75 59 77 61 90 53 50 52 81 91 62 59 76 67 99 60 96 81 68 67 54 66 64 65 71 81 56 62 92 71 94 60 62 62 72 60 92 81 76 91 51 84 60 74 71 57 
72 94 87 67 59 99 65 96 67 83 56 57 99 74 87 80 90 89 81 93 88 70 75 56 83 59 72 72 68 78 68 96 97 60 63 77 96 82 51 85 55 76 66 93 90 95 80 85 88 97 68 90 68 60 58 77 82 72 99 75 67 78 83 97 69 88 60 59 82 70 80 99 66 54 72 57 62 69 88 94 65 53 90 71 66 63 62 89 68 75 84 58 76 96 78 99 69 51 80 93 
83 51 95 67 86 93 97 75 76 83 70 77 85 68 51 72 88 60 65 74 82 89 99 66 57 69 79 88 84 58 69 91 61 58 69 78 91 80 98 72 66 88 60 87 53 62 74 80 61 58 51 67 68 97 77 63 51 80 85 85 82 89 65 65 73 82 59 58 60 71 62 91 95 91 99 95 84 97 72 76 97 56 97 65 63 74 54 74 82 50 96 56 70 95 51 87 50 87 81 99 
83 59 79 80 89 58 56 89 61 89 76 57 99 72 76 77 74 68 51 69 75 96 70 51 70 85 72 80 85 78 83 83 65 72 52 88 66 77 68 58 78 85 56 84 82 83 82 92 65 81 78 65 89 71 63 64 82 55 74 75 99 88 68 97 72 57 60 55 78 78 58 68 74 65 97 89 70 80 77 73 52 97 95 96 91 61 75 70 68 88 60 70 83 98 82 57 54 58 74 99 
99 73 50 50 65 82 95 81 93 83 99 76 86 76 91 60 66 51 50 68 92 95 64 83 54 98 97 84 82 80 97 50 64 58 97 99 87 78 87 90 52 64 77 60 51 93 59 97 92 51 64 58 91 85 67 70 85 92 61 75 73 79 65 94 71 84 62 71 77 77 54 71 86 76 89 89 81 58 85 62 82 57 98 58 99 75 95 51 56 56 84 52 95 96 67 65 57 55 68 64 
79 97 55 67 80 93 96 79 94 60 78 80 87 53 71 97 52 58 63 66 59 86 94 76 54 97 81 79 99 66 96 73 52 70 59 73 96 86 90 97 54 56 77 64 81 86 51 64 73 69 56 81 68 79 91 87 93 60 52 71 87 61 78 62 92 88 73 51 96 96 85 77 72 99 78 91 72 74 53 76 81 69 87 58 93 57 85 57 91 81 50 67 88 81 80 93 60 52 80 61 
72 95 56 73 84 74 90 72 74 50 78 93 96 77 50 65 79 77 51 72 52 57 82 58 82 54 50 61 55 65 59 53 81 72 79 59 68 66 60 85 85 50 87 97 83 72 95 76 55 54 92 60 77 85 67 75 56 63 51 92 98 57 56 79 97 77 58 54 74 84 68 94 54 75 60 62 66 51 85 93 73 90 93 65 82 84 70 68 83 66 99 91 64 88 90 53 88 86 81 81 
85 50 56 98 63 90 51 70 77 99 63 81 65 63 99 72 88 96 87 73 80 64 96 79 79 61 60 66 67 95 50 52 67 57 50 77 90 95 85 65 99 79 97 84 73 55 91 86 86 76 87 70 50 99 52 95 57 78 50 95 76 98 74 72 78 87 70 90 85 63 52 79 59 71 81 72 77 91 98 83 74 92 71 55 86 91 50 64 70 58 70 93 93 88 75 54 82 84 87 77 
55 86 63 99 51 64 64 91 96 96 85 61 84 74 96 60 90 60 74 67 78 63 66 77 67 87 67 99 94 56 51 95 62 83 64 54 60 83 79 75 87 69 87 87 82 82 88 76 92 63 64 62 64 74 87 53 86 71 94 83 79 74 91 53 99 80 93 54 88 94 53 95 83 82 84 71 96 97 58 56 90 83 99 69 96 74 79 82 87 65 58 61 69 68 82 83 56 77 93 51 
84 71 88 88 84 50 86 54 80 67 88 84 99 59 54 66 54 99 85 65 88 67 53 73 94 65 51 54 77 91 98 74 55 99 60 79 50 66 56 65 86 91 73 59 68 74 72 51 76 67 66 92 67 72 69 51 56 64 59 97 74 77 59 69 89 99 84 76 53 87 75 94 63 58 99 95 91 57 79 57 96 93 78 87 64 55 94 92 93 57 75 73 68 82 78 82 52 90 73 58 
73 83 78 52 83 71 96 89 83 81 75 69 63 87 78 73 76 88 97 71 91 71 64 65 59 62 78 63 58 59 52 55 66 53 68 77 97 85 95 94 73 79 95 52 90 93 56 64 55 86 56 67 53 94 84 81 69 54 69 98 71 66 51 76 74 66 59 83 66 54 55 56 94 67 84 58 67 51 60 86 63 66 64 78 96 69 84 71 59 55 79 75 91 93 81 95 87 88 60 50 
68 66 96 64 52 57 65 63 80 57 65 68 94 55 73 88 90 76 79 50 66 77 64 86 79 84 65 63 90 51 92 91 89 50 86 85 65 83 65 57 98 72 78 83 61 59 98 83 72 67 67 81 52 68 53 86 84 66 68 52 95 70 96 91 84 86 81 56 52 61 61 55 99 86 59 88 94 68 75 65 88 59 62 88 81 54 87 72 76 52 76 65 78 69 86 97 66 67 51 60 
55 99 56 56 99 62 54 73 58 56 59 56 64 98 77 74 56 56 72 68 90 82 75 90 69 59 88 92 94 52 68 55 83 58 50 53 65 66 64 72 60 82 60 92 61 84 95 68 82 88 85 66 62 50 99 77 69 60 99 88 76 93 98 72 62 97 98 63 98 60 94 59 79 80 73 56 72 79 83 82 60 64 69 80 93 83 52 82 61 82 50 89 83 98 87 90 74 78 53 74 
73 57 52 94 78 63 74 60 97 50 51 70 66 79 58 71 66 93 95 69 64 71 94 93 64 98 95 64 78 70 63 83 58 79 95 77 70 80 70 64 55 90 98 81 53 72 93 88 91 82 55 79 73 86 61 72 93 74 77 62 75 57 60 95 77 61 56 77 71 50 58 74 95 62 75 86 98 93 74 72 99 66 51 68 77 95 52 91 64 58 79 68 78 69 95 68 85 87 83 98 
79 98 70 58 68 79 66 70 71 93 73 57 63 99 57 90 92 52 61 50 86 80 63 74 78 96 91 50 56 71 80 56 89 76 69 62 71 81 75 93 84 76 78 76 63 71 63 58 52 93 63 66 64 56 53 75 64 80 71 76 66 53 51 71 95 54 68 83 79 97 61 91 52 94 79 84 68 79 56 53 67 96 56 64 78 97 79 93 59 89 66 51 57 97 90 76 83 66 62 91 
60 53 82 67 72 85 92 70 53 60 79 58 83 97 53 86 61 87 88 88 81 76 85 56 93 89 54 80 94 89 84 73 61 89 55 95 86 55 65 68 60 52 75 94 67 85 95 79 53 67 96 91 69 90 78 58 85 50 75 64 69 58 67 56 67 50 86 64 75 92 81 96 98 68 77 77 80 91 97 76 94 55 91 56 81 93 93 58 50 89 66 83 75 73 88 85 56 86 81 64 
75 64 63 89 64 87 96 77 61 99 60 76 50 98 92 71 73 95 71 98 78 61 83 92 69 93 88 50 65 73 50 76 62 64 71 75 69 56 71 98 60 51 61 56 92 67 98 91 83 96 78 97 57 88 54 78 82 58 87 95 80 75 94 91 76 63 63 57 93 55 61 53 92 82 71 56 70 53 59 92 89 83 54 82 55 96 62 73 78 74 68 72 74 90 78 60 83 63 68 68 
84 65 84 91 56 75 98 90 71 85 63 64 94 73 59 53 66 87 90 56 72 84 58 65 89 76 82 83 77 71 91 77 81 76 94 53 59 89 86 78 56 60 97 74 99 86 72 56 61 71 73 54 91 78 95 71 96 84 97 71 65 59 60 82 91 96 65 97 99 53 90 68 51 86 55 70 72 52 89 83 56 85 87 75 65 73 82 89 83 68 72 73 59 73 62 84 80 80 69 97 
52 65 94 94 88 89 72 50 88 98 98 52 65 97 93 91 75 75 82 58 50 85 76 89 65 79 72 73 58 62 84 88 67 80 52 78 83 50 97 80 95 59 71 53 73 53 55 58 93 98 79 88 94 83 70 76 78 55 90 80 73 89 80 98 56 92 81 59 84 92 94 55 61 90 90 92 99 58 92 89 57 56 53 53 98 71 54 99 56 58 79 69 88 79 71 61 53 66 59 64 
54 51 57 52 93 87 99 87 68 83 95 63 60 82 92 67 94 97 79 75 88 55 67 85 95 61 85 82 53 58 58 72 72 76 60 52 72 59 76 89 94 80 69 90 96 77 78 89 77 81 90 87 70 52 55 81 61 56 53 92 57 50 51 87 72 82 57 94 86 68 52 71 84 92 57 66 76 89 94 59 80 93 54 84 97 73 60 50 69 63 98 76 64 57 97 55 95 82 73 58 
51 70 83 76 72 50 59 97 87 57 68 81 51 55 71 85 80 57 63 50 79 69 50 59 84 79 98 67 62 92 74 89 96 72 52 98 77 92 96 57 76 90 71 84 72 84 82 86 87 90 91 92 89 79 70 85 64 91 99 84 56 79 99 53 61 79 63 58 85 65 60 66 63 79 78 73 71 61 53 51 86 67 55 82 97 73 95 69 81 56 71 69 91 84 88 76 98 86 56 98 
52 96 65 62 87 67 57 85 61 79 93 71 69 99 91 58 84 81 51 64 67 70 72 99 58 73 77 94 88 91 82 89 92 97 73 70 83 90 56 66 58 98 91 50 65 73 67 68 72 64 68 87 65 80 53 79 61 78 65 78 53 50 56 54 88 70 80 53 62 67 74 51 56 84 83 83 50 94 89 57 65 70 97 94 66 65 67 50 50 98 81 61 96 80 62 84 53 81 98 92 
88 89 79 82 86 92 64 61 78 89 97 86 63 82 81 86 53 70 53 53 87 77 86 50 55 93 82 96 99 74 79 82 84 82 95 52 88 61 75 54 68 84 97 82 59 74 73 54 90 70 84 51 80 52 80 69 51 70 65 99 67 91 80 52 85 52 71 77 94 56 60 50 76 57 81 89 56 70 77 66 51 99 59 88 70 73 95 85 88 79 84 61 76 64 50 92 89 58 87 78 
88 79 63 86 80 51 58 56 72 93 55 98 90 79 96 83 52 62 59 89 82 74 99 91 78 84 69 84 53 63 65 84 55 66 59 81 73 70 58 97 65 74 52 76 66 94 60 87 65 91 99 98 79 86 57 95 64 51 95 78 64 75 78 96 57 64 63 87 77 85 98 90 92 92 56 69 98 86 64 77 62 91 98 82 66 50 73 63 66 70 82 77 69 96 70 54 60 95 91 88 
96 64 82 72 87 81 73 68 92 50 90 53 82 59 97 99 62 95 64 98 86 82 75 71 66 51 74 82 57 80 87 83 58 87 74 91 60 56 61 97 83 74 58 84 55 54 91 88 52 87 91 69 57 84 85 52 84 55 65 74 89 90 92 96 92 55 77 70 71 85 80 93 82 55 72 97 69 98 55 99 56 84 55 76 89 53 62 70 91 99 51 62 66 79 97 77 83 74 78 56 
55 81 98 62 89 74 70 62 87 55 96 54 66 80 55 51 52 82 86 54 58 81 94 77 69 54 88 71 60 66 85 57 82 59 65 87 98 60 67 65 69 92 88 70 73 98 93 82 75 70 78 69 92 56 75 54 93 94 56 63 84 77 69 54 94 92 71 77 82 59 50 72 90 64 50 73 54 86 72 55 64 65 64 90 88 81 62 77 96 68 78 99 86 55 54 73 71 53 90 50 
54 65 68 65 83 91 92 78 81 94 82 78 95 71 54 89 67 80 79 58 54 73 91 51 98 80 52 50 96 61 85 50 97 81 61 79 54 66 56 53 55 72 66 99 53 82 78 80 73 50 65 61 80 57 73 77 96 94 52 54 94 62 74 91 52 77 61 62 54 90 92 60 66 58 69 90 84 56 99 78 60 66 73 99 78 54 83 63 66 62 74 80 76 66 59 87 89 94 86 76 
57 57 77 58 55 93 89 51 66 62 55 61 79 78 54 81 57 88 85 78 83 87 60 74 76 57 89 78 51 97 66 57 81 69 53 78 64 79 58 90 51 55 77 75 98 74 63 50 80 57 73 61 50 54 57 87 63 75 71 64 60 55 70 98 71 78 56 55 54 78 77 80 84 95 84 66 58 54 95 85 54 81 85 97 63 71 77 56 68 59 70 52 56 88 80 79 85 84 65 51 
86 74 65 66 68 60 70 66 64 72 70 92 52 57 71 85 67 80 50 77 92 75 99 65 72 63 98 82 73 64 74 74 53 95 86 90 51 59 77 95 85 79 69 86 66 56 89 95 97 53 94 83 88 53 99 67 75 91 98 85 69 66 54 89 99 79 90 78 67 79 86 59 52 60 60 93 88 94 68 91 67 93 65 87 61 57 90 80 79 88 51 60 87 67 65 51 89 85 71 74 
57 52 55 66 50 56 87 71 89 81 71 98 76 67 50 80 58 64 93 79 90 94 71 83 58 88 83 77 75 72 91 69 63 90 79 98 65 57 99 66 96 77 80 95 75 50 77 83 96 50 94 98 61 98 85 59 97 88 73 84 83 77 68 84 60 56 80 85 51 70 93 55 73 84 86 91 55 98 89 98 84 79 67 56 92 88 91 65 97 84 79 99 86 71 70 83 57 66 52 55 
89 71 56 50 81 66 86 95 50 71 94 74 91 89 94 96 67 79 52 64 52 81 68 65 55 56 58 62 51 84 52 92 68 68 80 75 78 67 92 62 99 73 92 63 71 54 69 61 91 53 68 59 89 64 60 69 99 68 87 95 77 70 77 88 51 80 67 65 76 98 66 86 64 82 52 79 88 84 75 94 94 98 54 63 60 77 90 58 58 98 62 59 82 57 58 93 68 56 68 73 
85 50 94 97 60 81 84 97 82 76 53 68 50 91 56 52 74 81 52 95 55 95 78 79 97 97 51 92 65 64 59 56 71 61 84 78 75 61 64 58 54 62 51 74 98 64 98 83 58 68 50 94 96 69 85 77 71 77 67 80 94 81 61 55 83 99 87 58 61 89 92 59 98 63 76 87 60 80 75 65 51 97 90 74 78 90 94 90 68 60 92 71 63 88 77 97 92 72 66 82 
57 94 97 51 51 52 65 65 71 60 73 50 70 64 50 73 71 53 51 65 68 81 54 51 89 81 95 68 82 68 55 91 92 90 87 84 60 79 68 80 99 97 98 79 79 86 50 58 52 81 76 71 54 57 95 57 84 91 59 67 92 56 86 96 94 74 98 83 71 80 51 94 89 98 61 77 78 64 89 90 93 83 97 75 82 71 54 80 78 64 62 90 51 86 95 88 87 83 82 73 
70 61 87 84 89 89 59 82 59 78 83 83 91 89 54 81 66 83 98 54 82 71 79 88 59 71 73 66 59 94 55 99 85 52 90 50 56 98 68 77 87 53 56 99 85 82 79 68 87 53 84 78 64 88 54 97 60 63 97 51 79 99 90 84 73 89 62 76 78 96 59 72 60 87 73 77 81 93 50 63 85 63 71 75 87 69 85 51 80 89 63 62 87 92 59 82 86 81 90 52 
57 84 79 52 96 62 70 65 89 63 62 75 50 84 78 64 98 57 96 73 97 62 51 54 92 69 76 97 67 85 64 53 88 56 70 52 50 66 83 76 87 98 69 51 68 83 68 92 56 85 52 87 93 63 79 61 78 89 55 96 66 93 67 62 70 67 58 74 94 81 74 53 73 91 55 65 71 73 84 50 67 74 55 58 53 86 94 55 55 77 60 76 69 62 99 55 75 67 57 59 
77 52 55 63 79 82 52 70 66 70 52 66 87 79 85 72 89 89 81 67 95 69 78 74 77 79 75 65 57 64 71 67 75 79 53 84 98 52 93 93 78 71 83 65 82 81 88 83 80 94 88 95 87 66 86 75 86 93 62 66 80 97 60 78 64 85 62 86 60 98 84 55 80 69 82 52 91 80 86 59 94 93 52 59 53 65 50 84 55 58 61 90 54 63 73 52 70 63 67 68 
70 81 91 99 82 99 73 67 97 89 80 57 60 70 77 85 93 68 86 84 75 77 51 75 92 77 84 91 80 76 79 57 83 54 65 81 65 61 67 50 97 50 88 58 96 94 69 74 51 66 52 50 54 77 65 75 57 69 66 75 96 99 64 72 73 56 53 91 65 51 86 67 98 99 63 93 84 70 65 91 97 74 90 78 97 79 68 70 73 64 55 61 76 88 66 60 64 66 85 50 
69 78 77 58 98 86 68 68 94 72 89 96 64 52 90 50 89 55 63 81 85 53 59 99 50 54 79 94 91 88 57 85 79 85 61 50 98 69 79 78 86 55 77 93 72 60 78 80 56 88 52 57 59 59 73 97 95 94 76 68 83 84 55 94 86 62 97 81 91 92 58 77 82 69 50 99 99 76 50 56 78 83 53 52 56 60 51 79 57 60 63 92 51 78 57 75 98 93 68 96 
53 87 83 80 75 58 87 82 52 61 65 62 60 90 61 59 90 95 83 80 66 85 79 99 60 52 50 80 54 94 76 76 63 93 97 99 77 76 83 84 84 56 74 68 86 57 67 67 73 90 96 78 95 66 68 75 76 81 62 99 58 80 63 67 76 90 81 76 72 99 74 65 74 54 74 51 81 59 85 80 66 85 64 60 96 70 87 93 65 92 73 96 73 82 74 71 73 94 96 60 
99 91 83 87 77 54 68 89 89 71 87 90 94 86 90 52 54 91 75 78 95 64 56 52 72 76 69 77 52 84 71 85 97 93 53 64 78 71 70 65 57 63 54 94 51 87 89 94 54 83 87 67 58 73 66 60 91 81 60 71 90 78 54 57 98 67 53 63 60 68 75 52 87 78 94 76 58 87 75 72 94 56 77 89 68 87 77 62 78 95 57 53 78 81 82 75 80 67 51 85 
59 76 84 64 53 92 61 59 95 99 56 76 68 72 53 95 72 95 91 82 56 98 79 88 64 53 86 73 89 70 96 97 52 70 55 61 79 65 72 78 82 68 75 78 71 62 65 57 75 55 55 81 60 86 76 87 74 89 66 78 72 89 69 85 66 65 79 86 80 78 94 69 69 92 70 82 92 69 85 94 96 56 79 64 94 83 68 59 61 76 77 62 90 61 61 69 66 95 56 75 
82 72 90 80 65 76 90 80 94 74 77 59 52 76 85 63 98 75 97 80 76 53 94 65 69 73 73 78 99 51 73 69 92 63 92 67 92 70 96 88 61 91 86 96 86 61 85 51 88 87 69 81 75 64 91 60 73 58 73 67 77 86 61 90 79 73 97 81 89 83 50 76 82 88 82 96 96 83 59 64 65 86 89 51 81 96 75 94 56 98 79 71 78 69 63 67 84 95 72 67 
81 66 65 95 67 81 81 53 84 53 73 53 50 90 96 82 74 56 58 53 56 67 96 88 51 53 66 55 71 84 53 99 98 64 96 79 54 59 99 91 77 54 64 96 97 96 85 82 86 78 89 59 87 52 60 93 59 96 94 83 54 50 56 62 64 57 59 58 68 70 59 55 51 68 78 89 66 97 95 59 60 70 84 66 63 52 82 65 89 55 70 51 60 62 65 62 58 62 72 50 
67 50 68 96 67 73 95 98 60 90 63 79 65 68 95 78 72 66 92 90 99 79 60 59 59 87 93 55 79 54 68 54 91 89 73 62 96 81 99 56 93 54 58 65 65 71 75 62 87 68 77 99 54 75 91 62 63 99 63 81 66 60 51 80 70 75 73 86 73 92 65 76 71 68 99 85 81 94 85 79 85 87 51 87 72 60 69 66 62 69 88 72 50 62 99 55 94 74 90 94 
62 56 79 62 66 76 57 62 77 57 74 90 76 85 52 52 96 86 59 59 68 58 91 92 71 81 64 80 63 74 97 56 58 73 53 81 73 51 91 92 50 85 68 60 85 57 67 69 58 97 96 89 55 54 88 69 59 97 67 78 97 56 50 98 96 67 79 72 81 95 73 68 60 51 59 82 51 83 97 92 86 65 97 97 99 76 88 57 55 81 98 65 55 84 81 95 95 77 71 92 
95 79 75 72 96 95 85 62 56 90 96 60 92 73 70 81 73 60 90 81 90 50 99 93 89 69 89 73 70 92 90 97 63 88 61 63 74 82 88 65 78 92 91 57 96 64 50 80 52 92 54 79 96 84 61 68 71 99 57 61 58 86 98 79 52 89 70 60 91 51 96 50 70 55 81 62 68 79 55 79 89 98 74 62 66 71 51 75 56 86 65 95 93 99 59 53 71 92 85 71 
96 80 86 61 57 68 88 71 75 95 68 84 60 79 96 82 75 96 71 63 68 81 82 75 92 99 66 73 86 60 92 82 66 60 50 69 83 81 58 79 92 61 64 71 80 71 56 63 72 96 78 53 77 86 91 87 94 99 85 89 65 88 91 95 57 63 84 98 97 85 93 54 67 90 50 85 97 94 87 51 73 67 71 79 85 65 63 96 65 95 91 68 92 75 90 77 80 68 61 82 
79 74 78 76 76 94 57 73 87 76 61 55 50 53 56 59 99 85 94 65 56 91 53 88 74 54 98 83 95 94 63 70 52 86 65 68 57 98 91 79 51 63 97 68 94 61 61 66 99 65 84 68 69 71 51 61 73 88 90 80 95 73 95 72 58 67 99 56 81 76 70 54 58 83 77 86 83 56 91 92 88 56 80 83 80 80 58 74 79 68 98 99 93 97 64 98 93 53 71 79 
71 84 85 52 64 54 66 68 84 68 60 61 68 86 50 69 96 81 80 52 73 91 51 96 52 57 64 75 50 92 60 84 85 93 53 56 79 99 69 72 62 65 67 92 82 54 62 77 66 59 60 52 79 71 78 85 96 92 96 75 51 91 60 89 87 99 97 77 99 62 96 83 74 90 86 80 75 53 86 52 89 98 58 97 57 50 56 67 66 62 88 98 73 65 94 52 52 56 67 50 
81 56 50 71 54 64 61 72 50 84 56 64 89 71 74 93 54 58 64 85 77 60 69 56 76 97 91 54 97 76 77 77 63 95 73 69 95 57 76 93 92 89 72 91 91 81 87 51 84 84 68 90 95 99 94 90 70 77 61 62 93 87 73 77 57 60 60 95 55 58 57 98 91 73 71 68 69 50 94 54 67 99 79 77 76 65 67 69 61 50 92 95 92 75 73 67 86 86 80 70 
51 74 62 89 91 75 59 67 59 66 67 87 75 52 95 91 58 86 69 78 69 53 57 69 57 84 80 78 61 89 75 76 50 69 98 57 53 95 86 71 82 77 73 77 73 76 70 75 96 79 97 63 76 79 54 65 70 56 99 83 92 75 51 74 54 96 76 73 79 71 66 70 71 60 98 98 78 76 50 94 93 91 90 79 79 86 78 83 86 86 98 94 94 57 73 68 87 68 51 73 
64 94 61 55 92 96 98 65 69 67 50 81 80 90 92 55 99 84 98 70 74 93 85 54 83 51 74 68 84 53 55 59 54 93 87 75 99 60 59 80 77 65 65 93 75 56 71 72 92 52 91 99 59 83 65 86 62 59 84 69 78 57 75 76 96 83 67 76 70 81 51 86 59 77 93 75 61 95 85 88 92 98 75 86 84 50 78 75 74 52 67 73 81 74 51 70 79 92 77 78 
72 96 69 53 51 81 96 85 98 76 85 67 84 65 62 90 80 74 76 74 63 67 82 97 91 50 64 84 55 52 90 75 80 73 76 91 73 95 59 99 67 67 93 73 95 97 63 98 57 97 89 58 58 57 78 75 90 95 84 80 79 64 93 69 52 69 57 53 86 51 88 52 96 99 54 95 60 94 91 66 98 98 93 54 80 92 56 76 89 60 64 99 61 79 66 59 69 93 87 88 
70 69 93 69 57 75 90 61 58 50 79 69 61 82 59 85 60 73 71 97 92 85 55 72 83 88 93 99 60 76 84 64 62 54 73 58 56 95 95 79 99 78 87 67 65 70 59 65 67 50 54 84 86 60 86 56 56 50 53 78 88 65 98 67 56 90 97 58 94 52 86 61 78 71 74 68 66 82 65 53 86 53 83 89 80 94 64 93 64 75 82 61 57 78 68 71 79 99 56 66 
97 89 69 99 62 53 50 88 97 70 57 76 84 60 75 52 75 61 85 93 94 78 93 85 59 82 71 84 51 78 77 88 94 71 60 56 58 81 97 53 75 75 66 67 97 96 89 64 53 82 87 94 81 58 68 67 55 92 51 98 72 67 50 56 61 84 64 55 62 79 95 95 94 86 74 76 55 97 61 73 62 82 62 85 61 86 85 61 96 66 86 58 75 79 59 94 51 71 97 56 
51 57 91 64 64 87 62 90 65 97 71 60 73 97 74 96 97 52 92 93 84 65 68 73 97 81 55 87 52 61 79 60 96 65 57 96 57 76 64 52 68 80 56 85 61 79 57 96 84 60 61 69 74 88 75 65 75 77 96 64 71 93 56 89 94 55 99 53 68 80 75 86 62 83 80 98 88 51 72 76 85 85 57 56 57 82 67 50 69 95 72 77 91 81 74 84 57 69 54 76 
69 64 84 69 74 51 90 95 50 58 71 63 68 82 90 98 82 57 98 97 87 54 55 50 57 72 62 61 71 88 50 76 90 61 51 80 92 95 95 59 50 77 56 87 89 89 97 58 95 97 82 69 71 55 74 89 63 90 88 93 80 87 57 76 94 82 67 61 78 73 72 78 84 95 50 95 53 75 89 91 86 94 57 67 82 65 57 78 73 55 80 82 93 89 74 58 72 83 59 57 
63 58 71 80 70 68 66 91 73 53 67 61 95 54 97 60 61 54 57 80 93 84 61 59 54 88 86 62 55 73 90 65 60 88 72 76 86 62 56 78 75 64 90 78 62 51 64 50 90 93 53 70 70 51 86 79 67 87 55 54 54 52 76 93 96 99 98 83 53 56 54 57 62 64 54 93 52 80 57 77 76 63 64 63 87 50 83 58 86 60 72 96 96 52 70 58 57 93 62 97 
89 69 78 97 81 59 80 60 94 78 56 74 51 92 86 94 99 67 88 60 86 64 70 65 72 67 88 82 80 69 50 80 79 62 95 71 65 83 62 93 91 79 99 55 59 77 71 97 85 68 65 72 90 63 59 63 62 68 85 80 59 67 81 56 83 87 95 57 92 90 78 95 57 68 85 73 84 90 54 55 50 56 98 85 75 85 92 73 74 51 65 64 62 57 55 71 63 55 68 96 
89 86 63 75 67 92 62 92 59 98 98 76 59 78 79 98 59 65 84 53 64 64 65 56 82 74 68 66 62 59 66 72 96 76 91 96 66 79 57 70 77 89 68 64 51 77 74 50 67 58 78 75 64 86 95 92 79 54 59 51 92 53 72 88 96 78 82 96 53 79 50 76 80 70 83 90 64 56 67 98 50 89 98 94 94 68 61 70 98 64 85 65 85 62 77 88 71 78 50 96 
76 55 55 82 90 66 98 81 72 55 59 71 75 95 93 89 95 65 82 74 50 68 58 51 69 91 64 60 96 56 84 73 99 90 56 78 89 61 79 55 91 94 56 55 68 80 63 89 60 55 54 75 64 60 96 93 87 63 64 65 97 69 98 76 57 56 73 93 84 62 76 65 84 61 71 79 79 57 77 58 97 68 56 65 50 75 72 74 75 78 79 80 50 55 51 53 86 87 71 60 
67 68 64 97 86 95 58 60 92 64 89 77 70 70 81 51 68 68 65 83 59 50 62 70 84 86 72 68 97 83 79 63 65 74 55 61 69 56 80 72 58 51 99 69 93 94 96 55 83 57 85 67 65 55 84 72 95 99 82 93 90 82 56 60 92 70 81 52 97 54 52 74 72 66 88 66 61 50 83 71 99 72 96 78 83 63 84 78 77 70 96 74 78 82 86 88 53 75 78 89 
50 60 81 86 91 69 94 90 60 53 78 96 84 78 79 68 77 83 69 74 78 83 74 94 95 73 70 67 77 82 58 61 52 83 99 93 86 53 54 69 75 67 64 66 75 50 98 66 85 56 83 92 76 56 95 86 89 81 72 65 86 66 52 90 96 97 59 99 76 75 59 82 85 80 64 61 88 99 63 84 86 60 81 95 80 53 50 52 54 61 82 70 90 63 67 58 55 85 75 53 
63 75 80 94 81 98 77 90 62 63 90 81 78 72 50 64 97 82 94 69 92 61 84 80 99 59 63 83 50 54 54 69 79 89 77 68 63 93 72 90 78 75 78 72 90 61 69 64 77 80 59 56 95 56 75 91 82 68 53 91 96 67 62 77 50 52 62 80 66 81 69 62 66 50 64 61 87 94 88 85 68 89 62 73 65 63 91 77 75 82 54 71 77 63 53 54 70 52 60 55 

62 85 85 76 88 58 61 73 52 90 95 71 51 84 87 87 60 95 86 68 58 56 62 96 80 73 97 60 97 59 71 59 99 60 93 98 77 91 54 76 58 70 93 96 59 84 92 84 83 94 55 58 76 53 52 64 60 53 69 82 61 85 98 81 81 80 98 78 82 56 84 86 56 64 77 51 50 59 98 76 83 75 61 63 84 55 65 76 68 99 97 74 84 71 65 52 97 82 93 97 
93 50 52 59 83 83 75 62 59 63 94 90 80 97 60 67 80 64 98 83 69 89 54 82 56 90 85 50 62 84 54 81 64 70 71 90 83 74 84 55 97 66 51 81 63 94 87 76 87 92 52 83 83 83 75 84 62 60 80 97 91 71 97 50 73 86 98 64 92 85 80 78 70 65 77 82 92 97 85 84 81 81 94 99 62 79 64 99 73 89 78 61 97 56 60 70 78 84 76 65 
95 72 80 66 68 53 82 68 65 74 63 87 83 56 77 51 83 98 74 85 92 62 99 85 94 94 67 68 62 88 57 76 52 82 94 79 61 56 62 70 90 67 97 52 81 80 62 72 81 75 97 50 83 72 86 84 79 60 66 59 78 80 74 81 54 56 96 63 80 52 83 85 51 85 98 76 68 83 71 68 68 76 66 78 88 65 72 94 85 55 57 68 97 58 94 72 90 84 65 77 
54 84 61 55 55 98 50 98 53 96 80 59 51 52 51 98 66 73 81 76 65 89 55 60 89 63 63 52 98 74 64 68 77 50 98 64 64 98 79 56 61 63 70 50 90 62 90 66 72 67 68 95 79 59 99 97 71 97 77 84 85 79 87 71 82 91 97 93 95 95 60 81 75 57 92 56 58 64 93 72 75 72 95 62 85 93 89 96 77 59 56 72 54 72 58 79 80 61 88 66 
64 74 57 54 83 54 56 79 65 51 82 67 79 82 81 76 57 86 88 95 81 99 63 66 93 94 68 78 64 79 72 72 87 68 70 88 81 60 80 55 76 78 99 83 78 69 65 92 80 57 71 86 61 85 70 58 62 95 91 63 67 90 87 80 97 75 54 95 87 98 52 72 57 55 70 61 98 75 55 77 78 84 85 71 82 53 59 61 93 65 76 85 54 88 88 61 93 70 89 86 
93 66 96 98 95 79 69 95 99 71 85 70 99 71 96 56 86 73 54 95 97 99 83 92 71 94 87 86 72 54 90 99 54 81 74 79 61 50 75 80 96 62 79 71 81 89 68 65 66 51 72 83 79 86 68 57 72 80 63 52 73 64 76 97 50 65 97 75 99 54 66 69 66 84 90 64 89 90 94 98 50 81 70 54 67 66 78 73 92 81 84 58 92 81 79 57 58 83 83 65 
92 92 81 59 81 76 59 87 79 62 51 77 61 87 57 96 62 78 65 63 86 61 87 56 81 87 84 96 62 80 94 97 69 97 85 85 88 88 82 77 92 66 60 51 67 93 64 94 64 74 71 54 80 61 61 54 91 51 72 92 50 77 68 98 56 93 57 75 65 60 98 94 63 94 74 92 69 76 71 61 89 63 72 67 62 97 82 76 98 59 75 53 63 99 98 52 96 74 62 51 
65 67 82 90 67 69 88 80 63 95 69 62 53 72 91 92 78 63 75 60 94 87 90 92 60 61 94 80 57 90 63 69 68 51 79 95 81 51 73 92 93 66 70 70 54 93 50 68 62 82 70 95 88 79 99 60 50 64 93 85 81 59 69 51 63 59 65 85 78 66 57 68 75 87 71 50 84 72 63 68 90 60 59 99 79 89 89 58 50 66 61 85 82 50 91 99 93 58 55 96 
60 92 56 57 66 56 62 70 58 97 68 87 91 50 55 76 58 81 74 77 83 60 89 59 91 92 83 79 54 77 90 52 82 70 64 74 62 80 89 53 99 58 61 81 91 98 70 54 74 80 88 86 59 83 80 52 80 58 53 90 97 84 69 69 56 98 51 93 55 56 60 51 74 92 66 70 96 69 91 85 70 73 96 73 53 74 81 98 84 92 72 76 59 78 96 76 75 76 84 80 
68 81 91 82 90 93 73 54 52 90 59 50 61 67 97 97 52 74 99 76 87 75 92 96 54 53 58 66 80 50 88 95 63 83 66 51 70 59 89 99 50 77 87 90 71 61 76 77 81 70 86 74 76 74 75 53 94 88 94 74 85 53 97 66 90 97 53 61 82 93 94 74 79 96 84 63 90 65 50 77 98 86 93 76 63 94 76 95 60 69 94 76 79 67 73 99 88 88 98 73 
69 76 64 67 67 87 79 71 93 53 91 76 88 73 93 67 57 82 71 94 60 53 84 68 51 75 69 99 94 82 91 96 97 59 52 83 82 68 97 60 67 78 62 92 56 71 68 87 74 94 84 86 78 68 72 76 57 79 74 62 83 89 85 56 68 59 61 95 85 72 89 61 78 93 90 96 85 89 84 51 60 94 99 98 60 55 83 78 85 64 70 56 83 63 72 83 92 75 78 93 
50 67 65 89 92 96 56 89 86 90 59 78 99 68 56 92 73 81 99 68 53 75 82 82 94 88 95 97 78 68 66 59 93 82 52 51 59 95 75 75 56 97 50 84 96 88 69 66 84 85 97 69 74 70 55 94 73 54 99 91 78 59 64 74 96 54 70 73 59 54 75 67 51 80 54 76 79 89 52 62 73 80 66 57 77 80 78 70 78 78 81 86 96 67 76 80 77 59 92 87 
57 96 80 73 64 78 51 61 92 57 73 93 76 53 91 63 94 60 71 93 70 64 96 56 53 95 69 59 57 55 97 61 50 75 64 52 87 76 79 70 94 95 79 66 79 68 88 61 89 67 85 61 55 90 98 52 77 74 85 70 80 91 90 76 54 55 58 91 62 86 94 96 64 61 79 94 79 66 72 59 73 80 56 61 53 89 71 83 91 69 78 86 64 65 63 90 99 57 93 89 
96 66 57 59 58 80 83 55 92 66 65 71 82 72 83 93 83 60 53 91 74 90 58 72 91 54 66 52 99 90 69 58 71 96 57 85 52 63 74 93 85 99 76 81 81 96 64 89 67 71 80 62 66 93 96 59 98 62 56 65 55 71 78 66 91 83 84 79 75 82 74 51 85 97 84 81 84 58 58 74 51 92 92 98 98 98 99 65 79 96 95 88 79 56 54 56 68 92 63 96 
89 50 70 70 89 77 84 68 58 61 78 97 77 59 96 59 75 99 74 78 85 60 75 78 81 54 68 56 79 54 55 68 76 69 51 67 56 82 66 84 85 52 65 83 84 67 78 68 95 77 94 92 71 54 82 62 65 55 62 74 56 63 70 89 81 98 54 94 77 89 82 73 62 51 80 85 98 70 57 76 71 88 88 62 56 67 67 51 61 74 94 86 88 62 76 93 72 57 61 79 
94 75 93 70 89 93 90 66 56 56 51 96 68 66 78 56 90 74 66 86 56 97 59 85 70 85 57 84 97 52 66 88 57 63 71 92 73 59 66 87 96 94 68 78 88 92 52 55 56 55 64 78 79 51 79 78 82 65 75 80 87 92 63 56 91 76 83 83 88 75 94 84 89 54 51 84 54 55 72 55 75 61 62 66 83 81 65 99 93 98 66 51 97 99 87 80 84 95 86 51 
57 98 60 69 75 72 63 72 57 89 57 83 95 83 69 55 68 50 82 87 74 72 79 88 53 88 78 72 82 59 96 91 71 53 55 60 71 66 81 97 77 58 86 98 77 81 79 56 95 84 94 68 96 95 67 69 61 56 56 99 93 88 70 65 90 92 68 72 95 90 67 62 95 97 93 75 89 71 54 50 74 52 76 73 64 52 54 96 74 98 66 66 66 76 52 77 83 88 57 52 
95 56 70 65 56 81 56 62 86 62 81 97 51 71 77 84 83 55 69 66 76 86 93 73 57 95 77 67 57 71 86 77 83 89 55 95 66 99 81 98 93 55 51 61 64 59 94 96 75 93 87 80 91 50 53 63 93 93 95 64 50 79 85 75 95 61 65 68 96 85 95 99 86 91 50 50 57 69 75 80 77 59 97 51 72 60 80 92 91 61 99 64 63 90 99 52 82 84 66 82 
51 70 64 85 81 90 82 75 85 86 93 98 79 80 69 67 58 73 80 59 83 72 69 68 79 50 69 68 82 88 80 72 80 96 62 55 86 84 61 74 53 69 87 86 51 57 55 55 68 85 90 66 72 50 76 88 68 70 56 78 66 77 74 75 96 83 87 80 88 57 76 85 52 76 85 53 82 71 82 95 83 53 68 67 53 71 68 84 53 53 93 99 63 78 97 95 52 69 75 88 
63 97 77 54 83 98 98 92 59 91 85 93 70 77 74 84 99 65 86 63 88 98 55 54 98 91 69 89 72 64 51 59 51 93 61 91 91 69 61 59 98 90 69 91 54 51 66 93 62 89 83 87 98 81 52 94 77 85 63 98 73 55 82 76 85 85 70 96 64 82 54 70 76 63 70 87 65 50 64 91 51 96 97 74 58 80 78 53 59 69 66 83 93 68 64 67 53 72 97 84 
65 88 63 88 79 82 95 55 56 60 85 60 52 86 79 58 50 55 92 68 57 61 65 71 60 84 88 58 77 80 61 87 63 89 74 73 89 54 62 60 89 79 58 90 99 92 98 56 89 92 79 85 53 87 85 97 70 86 93 85 79 92 51 82 81 71 81 86 69 68 75 92 62 78 69 57 83 77 57 94 90 98 66 65 99 98 67 95 51 79 72 87 61 99 59 76 54 85 80 96 
81 59 70 67 57 71 85 95 99 81 92 61 77 59 50 57 55 93 84 66 60 89 90 98 87 86 63 67 56 96 99 58 94 61 71 67 79 82 79 52 71 92 99 70 67 79 54 88 64 84 76 76 70 62 97 90 68 75 93 77 54 85 58 80 93 78 60 58 92 96 92 62 81 81 98 85 57 98 87 92 69 75 75 55 99 77 83 96 95 53 82 62 77 65 60 83 54 70 86 59 
55 73 51 64 89 50 78 55 53 91 99 57 64 93 89 69 61 96 92 95 80 75 53 86 96 64 93 52 74 64 64 79 71 84 74 82 71 69 66 79 66 63 96 66 84 69 82 52 51 78 90 80 88 85 88 59 77 52 91 68 64 88 69 50 82 89 87 75 93 55 59 56 69 94 98 69 76 85 69 68 94 57 54 90 51 66 72 66 92 58 79 64 97 91 98 78 77 87 50 95 
84 95 55 61 59 89 82 93 68 82 53 73 91 56 59 72 71 65 77 72 96 70 97 88 80 81 53 58 68 94 91 79 75 84 59 86 67 60 62 93 98 73 63 74 73 74 95 80 63 92 53 55 67 69 58 84 89 89 66 89 57 52 53 87 51 83 61 83 61 69 86 54 55 83 53 84 64 74 90 99 85 89 60 60 62 84 72 53 57 87 51 89 60 52 51 96 53 66 62 67 
90 53 83 78 94 93 59 78 97 91 64 74 63 62 60 78 85 54 64 56 88 92 72 86 64 96 55 94 90 51 89 83 55 63 94 70 74 63 59 69 58 98 83 56 89 71 69 89 89 56 63 77 88 63 68 97 68 51 92 59 93 52 56 71 66 73 71 64 62 94 61 58 62 87 51 76 54 57 74 65 68 78 55 72 77 51 98 64 75 51 89 73 55 52 81 83 57 85 53 78 
69 95 75 80 50 96 91 70 51 63 83 51 84 71 96 62 57 73 96 77 87 84 71 83 92 59 72 77 56 57 78 95 67 66 62 52 51 99 74 78 78 67 98 98 65 76 63 59 73 96 97 67 93 74 65 68 92 79 77 92 61 90 69 87 93 91 82 57 93 88 63 53 94 95 75 66 85 84 83 68 83 78 72 77 61 74 74 96 65 51 94 94 50 83 58 74 80 67 80 69 
92 86 61 75 93 84 69 90 91 62 81 87 53 97 86 91 83 57 55 66 62 92 87 79 93 66 73 86 71 54 64 67 93 50 97 81 63 81 96 59 68 87 88 59 63 98 54 73 56 63 74 77 59 71 67 61 80 96 78 71 94 91 61 90 70 87 57 58 71 93 50 87 91 88 81 99 79 86 65 82 80 97 56 83 75 52 56 98 78 54 65 61 78 83 72 91 81 87 63 72 
80 84 95 73 65 95 67 50 68 84 97 85 65 70 56 98 53 67 67 65 98 79 62 75 71 64 75 97 67 77 77 67 59 58 67 50 95 64 67 61 71 85 56 74 67 58 97 56 90 67 91 93 81 69 69 88 79 73 53 57 75 97 73 59 97 94 84 50 68 65 84 83 78 65 74 62 83 96 98 72 73 75 68 68 90 59 88 62 84 88 84 94 58 80 86 63 88 80 63 67 
65 60 72 61 52 53 76 77 64 85 79 87 56 76 69 74 80 61 74 78 93 96 61 94 54 93 61 79 92 69 94 63 93 87 62 66 96 56 53 69 88 81 74 82 57 62 96 85 51 74 98 73 77 61 64 71 59 82 54 78 76 70 81 65 86 66 91 66 58 83 72 61 70 50 60 90 63 90 71 74 86 51 57 85 85 76 95 99 61 52 84 57 56 58 78 81 85 95 96 91 
53 54 66 99 95 52 99 66 71 91 81 87 54 83 72 82 83 67 58 80 63 67 82 95 92 59 63 81 70 52 51 84 54 82 52 90 53 67 66 68 70 76 84 56 96 56 59 68 91 84 84 55 54 91 70 99 54 64 52 69 56 92 56 73 92 83 56 59 85 59 89 72 59 80 70 60 67 88 56 72 67 67 96 64 84 84 73 85 97 80 61 61 83 71 54 87 72 51 68 51 
92 63 97 78 88 96 53 89 88 94 61 83 55 53 70 67 68 73 69 52 82 58 61 68 82 92 83 66 51 93 83 98 88 64 84 58 66 71 50 63 76 74 85 85 69 61 64 73 63 88 76 74 72 86 97 67 60 91 87 79 90 78 91 87 79 97 73 97 63 66 52 59 91 80 84 50 77 52 53 64 61 76 87 78 64 69 91 86 58 55 75 81 78 83 60 71 58 78 85 71 
71 71 63 69 80 73 86 96 61 63 81 56 82 92 51 83 66 70 72 84 84 78 88 70 97 79 97 59 56 59 65 65 94 72 78 83 70 75 54 96 72 75 70 87 53 99 79 95 88 75 51 92 55 59 81 90 98 89 62 99 52 90 57 89 65 93 87 67 65 75 87 80 55 94 70 70 84 58 67 96 88 50 73 67 67 71 75 55 85 97 84 86 89 55 66 69 95 74 73 54 
69 62 53 98 81 88 95 56 71 83 75 91 85 65 99 59 94 59 65 57 86 51 74 73 54 74 86 66 85 67 67 59 78 62 68 87 84 57 85 84 62 52 99 67 61 93 50 88 61 61 55 87 64 86 92 93 50 82 52 90 80 80 79 81 50 98 71 56 66 99 66 92 77 65 72 65 68 77 89 80 85 87 82 79 83 53 59 58 64 59 59 56 73 74 92 55 96 88 96 94 
53 62 76 56 66 59 82 98 54 92 89 74 69 72 64 77 83 72 63 98 73 90 71 68 95 82 87 65 83 69 97 68 81 66 68 80 66 83 60 97 86 90 95 84 70 87 52 89 53 59 63 51 86 89 67 93 84 97 89 76 62 84 96 51 96 60 76 95 94 83 70 59 58 70 67 87 59 71 85 98 86 72 88 77 81 84 82 76 90 68 73 85 71 93 65 86 63 51 88 80 
89 99 85 94 55 95 64 57 77 73 79 87 58 90 69 63 58 64 92 59 90 87 99 63 82 83 80 87 88 70 65 81 76 81 64 58 56 99 99 62 69 57 77 94 90 63 75 86 89 89 90 91 60 56 95 75 73 61 97 51 78 85 79 93 54 77 81 61 66 93 52 50 75 91 71 58 98 83 53 87 73 57 55 75 68 63 66 50 86 75 63 79 76 59 80 72 79 70 99 69 
64 84 84 54 66 72 93 74 99 95 92 62 92 59 99 86 62 87 99 67 95 91 99 66 63 77 78 84 72 93 92 57 62 65 83 79 64 77 83 68 55 99 78 96 94 92 57 75 61 59 85 61 89 69 74 96 78 67 83 92 50 71 76 92 71 78 72 76 98 86 70 64 81 96 51 63 73 73 74 87 94 65 95 77 62 84 82 69 92 75 55 70 74 59 80 89 52 50 89 54 
53 71 89 54 79 94 58 60 89 90 84 84 54 71 85 78 65 70 62 67 89 51 82 63 77 92 69 73 96 52 58 64 97 94 92 99 74 81 70 67 99 79 71 92 69 75 85 90 70 50 83 86 93 99 96 83 66 89 93 82 90 70 86 70 77 89 73 70 69 63 53 85 65 71 52 91 81 98 97 58 84 62 88 65 83 78 57 88 81 58 52 96 97 60 54 74 53 52 76 75 
99 61 90 89 56 95 52 70 55 55 53 53 73 87 62 73 84 87 90 87 62 88 62 59 95 59 84 80 58 99 76 63 97 90 60 91 55 80 76 52 50 97 55 61 62 60 55 51 54 89 75 81 53 61 66 85 69 51 92 83 99 82 54 79 95 89 55 97 81 73 55 55 99 71 94 63 73 72 72 59 65 70 99 89 85 83 99 96 99 86 67 73 86 64 90 86 63 69 70 55 
72 53 73 55 64 57 72 72 95 52 63 93 91 79 80 56 67 79 76 70 88 82 97 54 91 87 79 85 98 86 83 82 81 68 98 95 64 60 97 74 90 55 85 63 73 55 55 60 97 75 55 65 80 84 76 82 84 63 84 97 62 74 99 51 92 96 80 93 54 71 56 73 50 78 65 70 50 65 91 84 75 58 54 71 91 82 71 97 83 61 89 55 68 82 85 63 73 71 94 93 
66 52 51 72 95 69 52 75 76 96 93 50 59 50 61 99 88 81 87 61 77 53 67 62 52 69 65 95 64 60 60 50 95 98 76 86 69 79 55 62 74 95 84 87 93 80 54 81 69 91 91 67 78 55 96 53 66 65 91 82 54 56 72 86 90 76 84 82 56 54 85 61 82 64 65 52 81 54 80 94 52 92 77 81 92 76 74 55 90 76 62 59 50 71 70 83 84 95 67 68 
69 73 64 85 71 74 84 82 74 90 66 69 81 68 78 86 54 76 89 78 84 66 55 84 63 76 83 56 81 54 56 92 67 81 67 98 84 64 93 82 66 60 96 87 93 74 65 50 61 67 82 78 93 96 78 72 65 62 99 94 78 58 57 56 86 77 54 78 50 91 99 51 67 96 75 80 81 78 88 52 96 75 94 67 69 94 89 89 99 99 77 54 61 93 82 77 79 91 59 68 
60 57 69 77 53 66 59 65 61 58 97 99 72 94 54 94 60 57 80 58 67 67 72 99 89 77 90 83 70 85 59 69 88 85 77 78 81 93 98 91 81 98 89 63 61 94 99 74 71 66 68 96 90 74 90 56 89 60 50 80 53 69 87 94 78 61 82 77 70 79 76 89 76 68 96 54 76 54 75 51 98 95 52 82 58 82 63 86 79 82 89 62 62 89 80 95 77 58 64 77 
88 84 86 55 85 51 74 74 72 87 99 52 92 79 80 91 96 58 77 80 67 58 91 58 57 84 64 97 68 89 54 98 88 60 75 50 50 85 79 54 58 77 51 50 94 93 53 79 68 58 73 65 57 77 91 66 60 90 71 81 55 94 75 84 95 68 57 59 61 70 55 81 98 98 81 66 57 90 55 85 79 74 52 83 86 69 97 96 85 97 89 93 67 94 50 51 89 59 86 96 
77 66 61 52 91 63 56 96 72 90 54 93 75 82 81 92 58 50 65 73 67 67 76 95 51 93 70 80 67 50 60 95 96 54 53 84 82 83 76 73 89 55 85 67 55 51 57 63 89 93 89 92 55 60 92 93 82 97 57 70 50 75 71 95 77 77 87 62 66 95 65 85 81 79 96 52 83 51 81 58 74 95 50 90 98 68 97 63 53 78 86 72 93 88 69 91 79 92 71 53 
63 72 99 64 90 68 63 65 79 72 98 85 92 78 51 55 94 75 92 72 78 57 55 73 90 63 80 81 54 74 84 58 63 81 58 99 65 98 69 81 89 93 95 82 70 87 85 69 54 91 83 78 72 91 61 57 51 85 57 75 93 51 96 57 85 51 50 68 99 73 96 60 72 59 88 92 53 80 93 96 75 62 54 51 97 90 89 70 61 96 81 67 79 84 99 98 51 81 89 50 
56 76 51 94 58 69 50 94 50 65 87 60 53 91 68 93 95 63 87 72 56 82 58 63 65 62 97 89 80 83 86 79 73 51 98 80 94 56 52 57 53 53 60 53 55 88 95 62 76 64 85 80 97 78 50 77 60 53 51 55 78 93 90 90 67 97 62 56 86 56 53 59 59 63 88 68 60 56 63 86 67 98 81 55 99 81 60 84 79 54 89 69 57 62 51 83 53 51 78 77 
51 84 83 57 54 95 82 52 96 81 73 59 60 54 66 85 71 92 89 60 81 89 95 66 85 58 87 94 97 85 81 81 76 91 90 51 64 70 59 77 55 93 58 80 66 66 86 92 50 84 85 98 52 66 70 85 61 72 86 97 73 98 57 77 70 71 90 97 51 55 93 51 76 54 68 94 89 89 98 93 60 76 53 56 93 96 94 65 92 56 50 98 56 97 74 59 52 59 97 74 
83 58 68 91 86 82 90 56 79 56 52 71 50 57 51 97 85 74 82 86 58 92 56 79 52 83 82 52 80 97 56 71 69 79 87 98 63 94 57 81 55 52 88 65 82 65 60 94 66 73 59 87 50 63 55 99 72 74 70 96 60 60 77 93 70 76 82 78 84 53 81 74 94 91 75 69 59 87 77 68 60 91 68 69 63 78 66 94 96 88 84 60 76 72 82 77 64 82 53 80 
63 62 63 57 93 93 53 87 66 77 50 70 63 80 91 77 55 61 76 66 88 61 66 71 63 83 61 80 77 72 78 56 56 72 96 95 82 93 66 59 73 72 63 55 56 55 55 84 87 60 60 76 58 68 53 92 72 64 65 89 70 55 80 83 64 98 76 80 95 66 52 89 85 95 75 83 69 64 85 99 65 62 64 73 53 50 66 89 67 80 72 78 99 60 75 89 74 96 64 89 
98 57 97 52 76 72 54 51 53 93 72 83 95 93 52 65 99 57 60 74 85 51 92 67 59 91 96 76 93 71 71 72 64 83 67 62 56 72 71 50 77 76 86 85 75 56 66 50 98 50 77 56 53 62 97 98 97 58 71 92 57 67 52 77 74 51 89 99 70 83 66 63 65 76 74 97 69 90 63 65 79 77 80 78 59 94 50 89 70 60 99 86 78 59 65 75 70 97 86 90 
83 52 71 68 76 99 65 95 85 94 60 62 99 96 99 75 82 59 76 97 77 89 97 95 78 64 74 57 53 56 91 84 56 92 66 76 65 70 99 50 66 75 52 75 86 54 74 72 81 50 73 55 64 84 63 89 75 80 72 59 59 51 55 63 71 77 89 90 55 70 83 79 98 91 91 80 59 92 52 61 83 87 75 66 91 74 94 92 80 89 69 77 87 78 58 73 73 54 59 70 
90 97 97 59 77 74 67 96 81 83 75 52 77 73 55 66 83 87 63 69 76 74 54 82 76 53 59 55 77 59 82 51 98 55 56 85 73 66 93 68 51 84 84 88 78 61 85 70 70 72 51 81 76 87 99 68 90 82 53 51 60 90 92 92 96 55 90 94 65 61 89 90 60 75 89 74 99 57 50 67 61 60 89 68 71 66 57 52 60 64 76 70 78 50 88 53 72 98 83 51 
75 94 77 89 63 81 58 88 70 71 91 86 82 51 59 54 58 96 68 78 98 74 71 67 54 62 80 51 50 69 94 84 55 74 84 70 83 92 58 93 90 62 53 65 98 69 68 78 68 76 95 71 59 90 70 92 65 77 67 99 95 76 80 53 74 92 92 91 98 63 90 96 88 78 85 88 72 75 83 83 87 65 56 98 53 51 72 99 84 74 92 84 77 72 63 53 80 74 96 94 
78 59 66 57 62 71 84 61 94 55 57 92 88 57 69 94 79 96 95 96 61 55 60 51 66 85 57 74 95 69 58 99 91 95 63 84 72 71 70 95 97 77 84 77 57 83 51 84 99 91 77 97 95 72 65 51 80 76 82 81 88 79 54 84 65 73 58 56 97 69 55 74 67 55 64 58 62 77 87 86 66 90 82 76 74 73 67 62 95 75 78 95 87 94 62 81 74 75 78 61 
54 89 56 67 83 68 87 79 96 60 57 59 96 69 55 82 64 65 91 92 93 77 73 92 55 86 60 99 91 62 74 63 55 87 51 92 95 50 59 76 91 52 53 99 86 56 94 57 68 87 95 85 87 65 94 51 90 78 98 66 84 62 52 81 85 66 51 84 85 51 80 67 64 57 61 68 56 97 91 74 50 75 96 80 58 50 54 50 75 79 61 87 88 70 82 96 76 55 70 59 
80 60 70 65 57 87 66 55 95 59 88 70 85 90 60 64 97 59 91 51 95 73 73 69 99 55 87 97 78 82 97 65 70 62 63 88 83 76 82 65 75 75 82 64 82 92 91 82 75 71 80 65 63 83 67 59 68 56 68 70 57 69 90 95 73 52 65 73 84 92 72 55 67 70 91 86 91 81 59 65 69 60 70 97 89 67 59 89 82 86 56 51 52 95 85 87 62 59 54 72 
60 75 51 96 64 75 94 98 73 51 66 99 74 78 76 53 76 79 61 55 95 61 89 52 94 93 96 53 57 90 54 88 80 77 93 82 63 50 90 57 90 66 60 69 94 84 76 65 60 89 76 94 95 62 53 62 53 80 94 65 66 80 96 79 78 83 97 73 97 76 92 94 68 57 91 73 60 78 85 57 72 82 52 81 90 64 91 60 76 87 86 60 69 60 56 92 55 89 78 93 
79 96 67 56 64 91 68 80 63 58 59 96 90 87 86 96 82 67 79 50 97 92 94 77 51 55 82 63 54 59 58 64 78 86 64 78 94 73 82 67 84 78 75 77 70 51 74 74 96 64 52 56 98 93 88 67 77 73 83 95 90 74 88 94 65 99 67 66 56 51 57 97 77 60 89 70 64 53 90 72 81 64 83 76 86 79 94 85 93 72 72 65 83 94 94 70 58 99 76 92 
87 76 51 55 70 73 74 70 88 83 51 52 60 52 50 70 78 93 78 57 79 91 89 73 87 59 95 64 86 67 58 65 55 74 67 69 87 94 51 85 90 77 93 51 54 81 66 86 86 70 76 92 78 74 62 55 69 60 64 68 99 88 58 75 86 70 99 72 66 75 59 96 71 99 67 88 71 51 59 53 85 68 91 85 63 71 52 87 53 95 53 85 68 79 78 87 74 76 61 78 
80 67 87 70 55 73 83 53 58 86 65 75 85 84 89 91 70 71 66 86 88 78 73 87 68 51 61 53 74 93 81 99 75 75 80 55 78 53 82 60 57 68 59 65 68 79 97 67 93 95 93 69 81 83 82 76 65 93 83 98 95 60 54 62 58 51 71 91 65 74 83 83 67 65 51 61 58 57 59 93 64 83 79 95 73 81 94 65 79 81 71 95 56 89 73 87 60 62 87 76 
94 64 99 61 70 59 66 95 74 51 66 86 69 55 69 67 52 82 63 67 73 61 57 83 89 73 70 78 65 68 66 89 61 83 61 94 91 98 93 94 55 70 66 53 57 69 79 88 73 52 69 67 53 79 58 88 89 91 87 95 69 76 63 54 79 91 62 61 67 88 81 88 67 52 83 91 80 87 79 98 50 92 61 96 83 57 90 98 77 82 65 93 50 57 73 56 88 96 85 59 
80 52 74 92 81 86 94 77 69 50 97 65 51 96 71 50 78 85 99 60 82 69 78 56 55 86 96 66 69 50 75 74 74 64 88 62 74 83 81 80 86 86 55 96 80 90 77 63 96 87 55 92 61 58 57 92 63 79 90 59 74 81 72 50 98 67 80 68 93 66 92 64 72 86 79 72 95 71 63 61 58 95 61 62 94 83 75 69 88 97 92 85 70 97 92 79 85 95 55 63 
88 72 65 69 80 76 85 95 59 54 63 77 62 60 92 68 95 91 94 71 92 85 96 93 94 87 75 66 55 67 78 64 58 84 66 98 58 66 90 96 68 86 70 71 95 50 57 76 56 73 58 90 77 62 97 85 77 95 59 58 59 66 75 73 92 51 94 74 94 73 66 82 93 83 71 64 80 86 53 97 75 74 85 89 73 52 92 56 93 88 92 70 60 73 90 62 56 60 69 90 
85 66 89 69 72 52 85 71 69 51 85 60 78 75 97 50 77 99 73 69 58 71 64 71 64 65 61 59 57 60 52 75 57 50 68 77 72 62 88 57 66 73 74 86 93 60 62 94 54 87 61 98 71 61 51 52 52 83 84 69 96 52 54 87 84 72 80 61 99 65 92 82 99 88 67 56 90 90 67 79 81 64 85 51 77 75 96 59 84 81 73 92 50 55 61 85 74 67 75 68 
55 95 94 83 63 75 65 67 98 92 69 65 65 88 78 80 68 74 98 55 87 89 64 52 62 57 66 91 90 90 63 76 87 93 81 98 70 94 74 50 89 50 76 94 58 56 73 87 65 97 88 83 92 73 77 75 89 56 61 61 62 93 70 60 61 69 65 51 69 96 54 85 51 78 53 79 86 74 62 94 70 88 60 56 90 65 74 58 65 91 60 52 98 76 95 67 74 68 79 65 
61 75 92 52 62 56 56 59 96 98 95 91 93 84 71 73 55 87 77 98 65 97 88 88 83 88 91 51 87 52 53 70 71 56 86 73 79 66 77 64 71 89 68 52 77 55 78 63 71 51 78 79 97 71 57 89 93 53 68 56 60 98 77 92 90 53 91 72 99 51 63 64 87 70 59 66 52 73 56 91 78 79 92 67 69 71 81 86 78 51 86 94 62 71 80 50 66 69 70 91 
78 65 90 65 82 71 84 56 54 86 57 60 64 75 89 75 60 73 71 75 91 91 88 65 87 53 90 88 97 91 92 58 99 62 73 56 66 50 75 68 82 83 70 94 83 54 72 96 71 55 75 82 57 58 89 76 83 95 55 70 93 71 78 94 79 81 94 58 96 69 86 82 53 81 58 79 87 95 89 68 67 52 77 96 82 86 64 61 66 67 86 87 68 84 60 98 58 64 95 85 
62 83 53 85 92 55 67 91 67 67 91 84 52 54 80 69 91 79 54 98 77 77 95 74 56 99 79 85 56 60 53 62 74 70 80 61 89 92 60 99 97 92 68 64 87 97 86 70 69 66 71 53 97 66 55 61 75 68 86 51 77 76 54 80 50 61 51 65 94 95 57 53 93 87 71 86 68 62 58 79 92 63 77 58 81 94 97 64 83 78 98 67 85 52 97 70 70 68 71 84 
74 94 52 57 96 52 96 69 86 62 60 63 94 73 92 73 62 87 53 78 51 72 85 61 92 87 62 87 76 66 59 79 53 53 91 66 75 73 63 70 78 76 83 83 92 67 84 53 77 86 72 85 85 69 56 94 95 99 53 69 78 86 76 55 54 67 94 53 89 72 78 96 97 90 56 53 99 73 82 65 62 74 61 66 86 84 92 60 77 85 52 61 84 68 82 94 70 51 85 68 
53 55 57 65 54 76 88 66 75 66 73 60 97 64 85 64 76 96 80 79 91 78 62 78 51 50 99 57 77 65 68 68 98 98 75 72 88 64 78 54 56 61 83 53 51 62 86 92 71 79 92 79 62 73 98 85 98 51 99 57 96 92 90 81 65 94 76 95 90 53 88 57 77 70 53 78 96 95 92 78 60 91 95 95 61 82 90 79 62 81 55 70 55 82 82 93 60 85 66 62 
91 84 52 65 78 81 98 96 54 65 92 73 92 69 82 90 96 73 76 84 96 71 82 95 98 82 69 78 65 60 71 87 64 64 76 89 56 97 86 76 70 85 68 94 77 51 77 70 53 79 90 66 80 66 50 59 57 84 83 83 58 62 72 55 57 87 73 61 68 96 74 72 63 65 94 83 86 64 76 70 99 83 72 52 54 94 75 80 83 62 74 97 99 64 75 62 97 78 70 98 
52 67 63 85 81 81 64 78 52 60 58 67 60 63 59 73 96 65 52 86 74 62 63 52 70 78 77 64 63 57 88 85 93 68 60 97 53 72 56 77 55 57 58 67 59 62 51 92 90 64 57 54 82 58 56 72 64 73 72 88 76 68 92 71 63 79 67 90 62 86 55 92 97 85 91 98 64 50 51 86 97 97 93 81 83 65 84 92 80 71 59 54 65 65 80 75 89 64 97 76 
86 60 54 65 80 83 97 90 56 55 60 78 93 93 54 61 72 62 63 86 82 75 83 50 73 59 84 81 99 85 99 56 83 94 88 61 99 98 61 77 52 50 97 90 98 76 80 58 84 61 79 96 89 97 64 88 50 81 90 68 64 93 93 68 57 94 96 93 51 59 82 72 67 69 57 56 50 74 62 80 59 61 82 69 65 62 67 62 86 75 77 51 95 81 67 61 50 50 79 50 
86 79 56 89 94 53 87 55 79 73 67 89 98 53 62 64 57 51 96 85 62 54 81 63 78 92 67 59 72 58 66 97 70 59 88 92 52 89 75 63 95 81 88 73 96 77 65 79 68 85 75 81 56 92 74 92 55 59 69 78 75 60 64 67 57 77 99 92 66 86 99 78 58 55 76 93 82 55 60 90 90 53 86 55 52 85 53 56 64 81 91 63 75 61 80 52 54 98 56 58 
51 62 58 95 76 76 71 97 61 91 75 56 58 93 66 80 52 53 96 66 57 83 76 86 96 97 66 53 86 64 59 92 88 51 50 54 58 67 87 78 81 79 87 92 93 54 58 51 91 89 67 72 74 53 81 74 94 58 67 53 60 73 79 68 60 51 86 70 75 88 50 88 71 94 74 66 99 77 91 57 65 80 74 74 50 82 68 56 94 98 81 55 52 64 63 96 71 91 75 91 
71 52 60 57 80 74 86 83 80 93 69 83 90 92 87 73 53 91 94 89 80 52 69 73 61 63 77 51 82 51 75 69 92 82 54 98 90 57 95 89 75 70 60 90 83 69 64 80 58 90 71 51 60 50 56 69 61 51 85 67 54 63 59 90 61 75 60 90 66 72 63 68 70 93 75 57 70 53 62 59 67 77 73 50 69 56 69 72 69 90 74 59 88 77 97 70 81 50 97 54 
61 92 59 74 59 95 87 56 80 73 56 75 92 52 55 71 76 74 75 75 74 82 95 81 71 97 83 60 66 74 93 91 98 85 75 76 65 64 62 84 78 68 84 88 68 78 63 97 93 77 69 70 52 97 85 75 52 59 60 69 71 66 54 95 87 98 70 85 86 79 65 64 86 72 61 98 50 99 53 61 51 63 93 67 76 90 58 81 76 60 65 57 65 76 55 86 92 53 79 73 
98 77 77 91 77 75 77 50 68 73 85 98 56 94 52 73 90 76 61 88 79 70 82 87 78 65 64 55 74 94 73 64 81 80 60 85 55 94 66 52 87 84 50 84 65 91 92 84 74 99 95 69 92 66 60 90 94 81 70 68 71 55 63 53 85 51 80 62 69 55 63 54 78 90 90 87 53 77 95 71 90 90 58 79 52 92 62 80 80 61 67 65 55 75 79 90 87 84 56 51 
75 69 83 64 98 52 67 51 71 55 77 94 61 85 63 97 61 99 94 66 53 51 54 72 84 77 73 81 53 62 60 98 97 76 82 90 50 66 74 62 70 69 53 66 78 52 87 73 69 77 82 51 68 77 90 85 75 63 95 57 57 64 91 58 99 50 58 89 74 88 89 83 81 50 97 79 57 62 60 87 72 50 62 86 84 71 74 69 86 77 52 81 79 76 50 61 68 68 53 81 
80 54 60 89 50 89 56 69 74 66 61 80 70 72 51 52 71 67 53 53 59 99 68 80 79 91 61 75 57 71 58 77 88 79 76 77 96 73 55 72 94 51 76 85 51 84 92 78 63 65 75 67 69 82 98 61 51 53 84 70 53 96 73 82 51 65 74 64 75 99 94 90 82 91 76 98 97 80 78 54 55 70 90 61 67 78 87 79 55 67 58 99 60 73 53 72 96 95 94 95 
55 98 53 90 99 81 72 62 81 96 99 70 61 87 73 63 61 50 77 89 65 90 53 94 80 70 58 78 78 89 78 98 87 64 95 55 51 80 74 50 81 99 98 99 62 55 53 68 68 79 83 76 83 87 94 85 57 55 97 84 52 68 58 98 96 58 73 82 80 84 61 61 76 99 64 69 84 70 82 81 93 50 68 84 73 87 52 62 72 93 69 74 99 78 81 93 58 73 78 67 
99 82 63 51 71 83 90 64 74 92 54 60 58 80 98 86 69 67 85 57 77 53 56 91 99 93 74 67 55 69 84 97 95 52 77 71 67 94 51 84 63 73 63 77 53 51 68 90 57 51 85 72 90 98 53 95 63 51 61 79 79 53 79 71 54 85 56 53 77 93 83 71 74 51 58 77 86 89 76 97 68 68 76 68 79 75 60 83 65 57 60 81 50 64 94 78 88 66 79 89 
68 61 93 54 61 60 56 60 89 61 82 60 60 90 66 65 62 98 94 86 93 88 66 97 54 95 87 76 68 54 55 89 95 80 96 86 91 59 56 54 95 50 90 64 87 57 51 53 83 55 59 95 62 98 81 79 98 51 68 63 95 56 62 71 71 63 96 75 78 53 93 61 94 97 63 91 79 78 84 62 80 52 97 60 95 52 78 61 57 96 85 81 56 91 84 71 75 96 89 60 
65 71 77 86 73 50 91 99 83 86 98 87 70 53 81 62 54 82 61 85 92 74 76 65 58 62 89 57 80 51 99 93 83 65 84 85 81 99 50 80 96 57 68 75 58 98 68 76 72 65 87 87 68 87 55 68 83 97 52 84 94 51 74 92 86 91 51 81 61 91 56 95 64 77 54 50 71 72 82 98 96 79 86 54 97 99 71 65 72 63 83 73 73 75 66 59 74 74 51 91 
52 59 78 69 68 87 83 71 75 59 51 86 81 72 57 86 56 63 71 77 90 69 65 83 56 90 79 64 52 51 60 56 62 66 68 84 55 89 67 60 51 59 86 95 56 64 71 69 51 51 91 86 65 50 75 84 77 89 95 97 72 54 87 99 59 81 74 80 50 76 76 74 54 53 56 91 56 62 79 79 56 58 95 60 59 89 73 88 50 71 78 51 59 99 62 78 80 58 90 97 
72 56 53 61 69 96 82 74 53 63 81 84 51 84 55 86 73 97 86 70 50 92 85 92 86 93 81 83 63 72 59 60 57 85 65 97 77 95 57 99 52 76 84 62 95 96 51 64 60 84 75 86 93 75 77 62 66 68 81 84 86 58 53 77 96 84 81 72 93 70 58 63 88 81 56 82 69 56 72 84 55 58 53 98 50 82 71 67 83 63 86 61 56 69 92 50 91 73 69 83 
85 64 83 78 86 53 62 62 83 76 86 50 85 81 73 53 94 84 56 86 83 62 96 59 58 56 99 82 85 89 96 58 60 96 69 57 68 79 67 52 96 93 64 55 87 65 61 96 69 83 93 64 57 55 93 57 67 79 70 95 54 55 64 61 60 83 81 73 92 81 71 71 84 77 73 91 61 61 59 90 91 59 88 82 93 81 50 60 52 74 51 60 90 90 71 67 60 73 80 74 
80 92 50 52 53 96 60 75 90 97 66 75 61 62 95 50 79 93 57 76 76 96 82 77 67 90 58 88 65 77 57 66 96 88 54 97 70 99 60 73 55 98 71 99 96 95 90 93 78 73 73 97 97 60 66 65 86 78 94 86 56 89 73 91 95 97 89 68 66 74 86 53 78 75 71 92 76 56 59 98 92 63 61 71 94 60 62 73 87 79 83 85 80 71 60 56 76 95 77 68 
92 66 78 82 67 70 57 73 88 69 95 53 73 57 51 64 90 95 73 77 71 85 85 59 91 59 50 94 61 90 50 57 96 60 51 95 99 75 64 80 76 97 87 68 51 67 94 76 65 68 53 63 89 91 86 76 74 67 85 62 71 67 51 80 81 79 56 84 67 98 67 91 67 92 75 74 76 86 94 78 76 92 75 98 66 70 67 51 60 88 62 55 69 97 78 77 78 64 92 99 
96 88 96 78 60 75 60 69 52 99 85 84 79 57 94 98 74 83 81 57 99 78 85 89 66 77 52 58 72 74 58 91 69 67 71 74 93 87 72 63 85 65 87 81 67 55 78 91 76 53 90 84 64 51 60 53 95 64 97 71 92 67 86 85 70 71 56 99 69 55 72 98 85 65 86 88 76 60 58 66 65 59 92 96 95 67 83 78 83 68 54 89 58 99 92 53 61 76 81 99 
60 73 84 87 59 50 88 50 99 76 91 82 59 85 65 91 84 68 51 79 74 76 55 87 95 68 52 56 94 84 76 74 66 99 67 60 61 70 83 77 76 80 53 88 65 52 79 81 86 75 65 56 69 60 83 52 92 99 79 57 78 60 80 66 52 81 71 59 66 79 58 70 76 57 78 55 98 57 61 78 83 70 88 54 74 86 51 91 99 75 65 62 76 96 92 86 75 66 69 75 
76 62 55 87 83 56 96 92 97 80 76 80 85 78 84 88 74 75 79 96 63 61 63 75 85 71 52 64 79 58 54 78 89 56 57 73 61 68 65 66 85 52 61 65 77 51 83 93 53 99 96 99 68 98 69 78 99 85 72 60 80 56 58 88 52 75 51 74 55 98 92 61 80 75 78 81 76 72 58 75 88 53 52 86 54 64 69 95 87 54 87 83 98 78 88 75 52 93 87 71 
84 77 79 80 91 90 80 97 56 94 51 62 75 79 65 92 55 81 57 61 92 62 65 66 72 56 94 79 55 70 70 95 76 60 99 96 66 54 96 99 96 53 76 77 78 70 92 77 94 58 99 86 69 91 60 97 92 72 83 93 58 53 55 57 93 89 90 94 92 64 71 88 86 71 85 65 56 80 91 91 60 90 85 86 92 76 56 76 65 91 50 86 61 59 80 82 79 97 78 91 
69 83 64 90 95 56 92 58 89 65 82 93 77 64 83 80 79 74 98 54 70 82 77 89 82 74 68 84 70 84 59 75 79 51 76 97 52 63 74 84 66 83 55 59 74 62 70 70 70 88 78 71 88 54 70 73 54 62 73 73 91 83 67 73 56 85 84 64 94 78 59 57 79 86 99 67 84 90 58 67 69 79 58 99 61 65 52 77 58 64 85 92 67 87 75 65 71 76 52 89 
77 88 87 93 82 90 83 58 87 76 98 87 67 88 77 78 73 58 58 88 73 82 92 87 78 55 92 96 97 57 59 84 51 61 74 90 57 59 60 69 53 95 91 86 69 76 72 58 50 99 59 66 69 52 53 69 50 84 99 73 90 80 88 57 62 74 76 50 57 53 86 83 90 88 86 62 71 73 78 64 99 98 76 76 61 72 69 82 62 72 75 77 70 93 61 70 79 68 80 56 
50 55 57 64 79 81 91 79 73 62 75 60 54 87 66 81 88 65 80 85 57 94 61 70 72 55 97 70 58 56 87 76 68 87 76 51 76 82 69 55 65 71 95 94 81 71 77 94 92 90 68 60 92 69 87 78 85 99 53 50 59 87 50 58 73 83 74 54 80 76 82 64 82 80 63 61 60 70 94 95 61 54 62 77 78 91 97 89 74 59 90 78 52 69 85 98 83 83 78 53 
73 75 93 92 87 63 98 74 85 54 58 84 71 56 50 62 76 73 51 71 90 94 78 66 80 95 52 80 94 70 60 88 60 96 65 75 78 78 58 89 93 83 99 71 76 92 85 54 92 86 66 97 60 89 75 55 56 54 69 92 59 62 56 58 94 84 65 52 77 60 93 98 55 72 56 57 58 69 95 97 83 71 93 85 79 81 52 50 99 72 79 74 70 74 74 67 87 75 57 77 
75 92 66 71 54 68 94 97 88 92 66 52 88 66 93 54 63 62 92 58 77 92 92 79 52 94 63 69 72 50 50 61 81 82 57 50 56 97 70 92 56 91 67 96 85 79 86 82 59 95 98 96 53 70 87 77 87 74 56 53 92 67 72 53 54 53 90 79 63 82 91 96 88 93 65 62 75 85 87 60 75 71 65 86 83 93 90 99 84 79 67 92 97 84 66 87 69 69 67 68 
82 51 60 80 82 73 74 90 90 96 61 77 64 88 68 65 71 81 67 62 88 55 51 56 77 82 66 56 73 62 67 77 67 89 70 62 97 55 70 65 64 88 63 87 73 83 54 65 52 93 87 63 60 81 81 98 90 97 82 58 63 98 54 90 68 78 58 57 57 91 79 64 58 80 87 77 74 68 96 93 50 65 54 60 78 50 83 53 60 62 95 50 57 68 97 61 57 82 63 78 
55 61 75 53 75 58 67 52 66 85 77 94 79 98 67 68 78 68 89 86 63 76 85 96 88 69 87 85 53 73 58 56 72 65 51 51 87 88 93 85 71 84 75 84 73 67 58 71 93 81 54 74 73 77 60 51 93 67 63 94 92 69 70 78 85 69 62 77 64 89 71 55 99 99 97 67 98 68 80 71 83 75 98 80 67 52 68 77 78 76 70 76 50 74 96 61 98 85 84 97 

