50
64 0 1385 5 3
28 0 1213 1 2
34 0 1198 2 3
76 0 1135 4 3
58 0 1658 1 2
77 0 1189 2 5
47 0 1553 4 5
29 0 1464 3 3
55 0 1669 2 4
10 0 1651 4 1
82 0 1738 5 5
53 0 1777 3 5
28 0 1124 2 2
18 0 1529 1 2
17 0 1448 2 3
59 0 1491 1 1
36 0 1270 5 1
85 0 1708 4 5
27 0 1436 5 1
15 0 1395 5 1
86 0 1168 3 1
59 0 1374 5 5
95 0 1547 4 1
44 0 1787 1 3
14 0 1121 4 4
80 0 1081 1 1
11 0 1549 1 5
89 0 1114 1 3
75 0 1794 5 4
27 0 1574 2 3
32 0 1246 4 2
40 0 1504 1 2
45 0 1763 5 2
19 0 1422 1 2
68 0 1313 4 1
55 0 1626 1 3
48 0 1422 3 3
15 0 1173 5 5
75 0 1653 1 4
93 0 1293 4 2
15 0 1773 5 1
19 0 1593 5 3
46 0 1453 5 4
85 0 1785 3 5
79 0 1600 5 3
15 0 1656 5 1
44 0 1646 1 3
15 0 1430 2 3
90 0 1249 4 5
23 0 1517 4 1
